  0;  0;0.296571;0.953796;0.000000;57.12
  0;  8;0.296571;0.000000;0.953796;57.01
  0;368;0.296571;0.953796;0.000000;57.12
  0;376;0.296571;0.953796;0.000000;57.12
  0;384;0.296571;0.953796;0.000000;57.12
  0;392;0.296571;0.953796;0.000000;57.12
  0;400;0.296571;0.953796;0.000000;57.12
  8;  0;0.296571;0.953796;0.000000;57.12
  8;  8;0.296571;0.953796;0.000000;57.12
  8;368;0.296571;0.953796;0.000000;57.12
  8;376;0.296571;0.953796;0.000000;57.12
  8;384;0.296571;0.953796;0.000000;57.12
  8;392;0.296571;0.953796;0.000000;57.12
  8;400;0.296571;0.953796;0.000000;57.12
 16;  0;0.296943;0.953424;0.000000;57.10
 16;  8;0.296943;0.953424;0.000000;57.10
 16; 16;0.296943;0.953424;0.000000;57.10
 16; 24;0.296943;0.000000;0.953424;56.98
 16; 32;0.296943;0.000000;0.953424;56.98
 16; 40;0.296943;0.000000;0.953424;56.98
 16; 48;0.296943;0.000000;0.953424;56.98
 16; 56;0.296943;0.000000;0.953424;56.98
 16; 64;0.296943;0.000000;0.953424;56.98
 16; 72;0.296943;0.000000;0.953424;56.98
 16; 80;0.296943;0.000000;0.953424;56.98
 16; 88;0.296943;0.000000;0.953424;56.98
 16; 96;0.296943;0.000000;0.953424;56.98
 16;104;0.296943;0.000000;0.953424;56.98
 16;112;0.296943;0.000000;0.953424;56.98
 16;120;0.296943;0.000000;0.953424;56.98
 16;128;0.296943;0.000000;0.953424;56.98
 16;136;0.296943;0.000000;0.953424;56.98
 16;368;0.296943;0.953424;0.000000;57.10
 16;376;0.296943;0.953424;0.000000;57.10
 16;384;0.296943;0.953424;0.000000;57.10
 16;392;0.296943;0.953424;0.000000;57.10
 16;400;0.296943;0.953424;0.000000;57.10
 24;  0;0.296943;0.953424;0.000000;57.10
 24;  8;0.296943;0.953424;0.000000;57.10
 24; 16;0.296943;0.953424;0.000000;57.10
 24; 24;0.296943;0.953424;0.000000;57.10
 24; 32;0.296943;0.000000;0.953424;56.98
 24; 40;0.296943;0.000000;0.953424;56.98
 24; 48;0.296943;0.000000;0.953424;56.98
 24; 56;0.296943;0.000000;0.953424;56.98
 24; 64;0.296943;0.000000;0.953424;56.98
 24; 72;0.296943;0.000000;0.953424;56.98
 24; 80;0.296943;0.000000;0.953424;56.98
 24; 88;0.296943;0.000000;0.953424;56.98
 24; 96;0.296943;0.000000;0.953424;56.98
 24;104;0.296943;0.000000;0.953424;56.98
 24;112;0.296943;0.000000;0.953424;56.98
 24;120;0.296943;0.000000;0.953424;56.98
 24;128;0.296943;0.000000;0.953424;56.98
 24;136;0.296943;0.000000;0.953424;56.98
 24;368;0.296943;0.953424;0.000000;57.10
 24;376;0.296943;0.953424;0.000000;57.10
 24;384;0.296943;0.953424;0.000000;57.10
 24;392;0.296943;0.953424;0.000000;57.10
 24;400;0.296943;0.953424;0.000000;57.10
 32;  0;0.296943;0.953424;0.000000;57.10
 32;  8;0.296943;0.953424;0.000000;57.10
 32; 16;0.296943;0.953424;0.000000;57.10
 32; 24;0.296943;0.953424;0.000000;57.10
 32; 32;0.296943;0.953424;0.000000;57.10
 32; 40;0.296943;0.000000;0.953424;56.98
 32; 48;0.296943;0.000000;0.953424;56.98
 32; 56;0.296943;0.000000;0.953424;56.98
 32; 64;0.296943;0.000000;0.953424;56.98
 32; 72;0.296943;0.000000;0.953424;56.98
 32; 80;0.296943;0.000000;0.953424;56.98
 32; 88;0.296943;0.000000;0.953424;56.98
 32; 96;0.296943;0.000000;0.953424;56.98
 32;104;0.296943;0.000000;0.953424;56.98
 32;112;0.296943;0.000000;0.953424;56.98
 32;120;0.296943;0.000000;0.953424;56.98
 32;128;0.296943;0.000000;0.953424;56.98
 32;136;0.296943;0.000000;0.953424;56.98
 32;368;0.296943;0.953424;0.000000;57.10
 32;376;0.296943;0.953424;0.000000;57.10
 32;384;0.296943;0.953424;0.000000;57.10
 32;392;0.296943;0.953424;0.000000;57.10
 32;400;0.296943;0.953424;0.000000;57.10
 40;  0;0.296943;0.953424;0.000000;57.10
 40;  8;0.296943;0.953424;0.000000;57.10
 40; 16;0.296943;0.953424;0.000000;57.10
 40; 24;0.296943;0.953424;0.000000;57.10
 40; 32;0.296943;0.953424;0.000000;57.10
 40; 40;0.296943;0.953424;0.000000;57.10
 40; 48;0.296943;0.000000;0.953424;56.98
 40; 56;0.296943;0.000000;0.953424;56.98
 40; 64;0.296943;0.000000;0.953424;56.98
 40; 72;0.296943;0.000000;0.953424;56.98
 40; 80;0.296943;0.000000;0.953424;56.98
 40; 88;0.296943;0.000000;0.953424;56.98
 40; 96;0.296943;0.000000;0.953424;56.98
 40;104;0.296943;0.000000;0.953424;56.98
 40;112;0.296943;0.000000;0.953424;56.98
 40;120;0.296943;0.000000;0.953424;56.98
 40;128;0.296943;0.000000;0.953424;56.98
 40;136;0.296943;0.000000;0.953424;56.98
 40;368;0.296943;0.953424;0.000000;57.10
 40;376;0.296943;0.953424;0.000000;57.10
 40;384;0.296943;0.953424;0.000000;57.10
 40;392;0.296943;0.953424;0.000000;57.10
 40;400;0.296943;0.953424;0.000000;57.10
 48;  0;0.296943;0.953424;0.000000;57.10
 48;  8;0.296943;0.953424;0.000000;57.10
 48; 16;0.296943;0.953424;0.000000;57.10
 48; 24;0.296943;0.953424;0.000000;57.10
 48; 32;0.296943;0.953424;0.000000;57.10
 48; 40;0.296943;0.953424;0.000000;57.10
 48; 48;0.296943;0.953424;0.000000;57.10
 48; 56;0.296943;0.000000;0.953424;56.98
 48; 64;0.296943;0.000000;0.953424;56.98
 48; 72;0.296943;0.000000;0.953424;56.98
 48; 80;0.296943;0.000000;0.953424;56.98
 48; 88;0.296943;0.000000;0.953424;56.98
 48; 96;0.296943;0.000000;0.953424;56.98
 48;104;0.296943;0.000000;0.953424;56.98
 48;112;0.296943;0.000000;0.953424;56.98
 48;120;0.296943;0.000000;0.953424;56.98
 48;128;0.296943;0.000000;0.953424;56.98
 48;136;0.296943;0.000000;0.953424;56.98
 48;368;0.296943;0.953424;0.000000;57.10
 48;376;0.296943;0.953424;0.000000;57.10
 48;384;0.296943;0.953424;0.000000;57.10
 48;392;0.296943;0.953424;0.000000;57.10
 48;400;0.296943;0.953424;0.000000;57.10
 56;  0;0.296943;0.953424;0.000000;57.10
 56;  8;0.296943;0.953424;0.000000;57.10
 56; 16;0.296943;0.953424;0.000000;57.10
 56; 24;0.296943;0.953424;0.000000;57.10
 56; 32;0.296943;0.953424;0.000000;57.10
 56; 40;0.296943;0.953424;0.000000;57.10
 56; 48;0.296943;0.953424;0.000000;57.10
 56; 56;0.296943;0.953424;0.000000;57.10
 56; 64;0.296943;0.000000;0.953424;56.98
 56; 72;0.296943;0.000000;0.953424;56.98
 56; 80;0.296943;0.000000;0.953424;56.98
 56; 88;0.296943;0.000000;0.953424;56.98
 56; 96;0.296943;0.000000;0.953424;56.98
 56;104;0.296943;0.000000;0.953424;56.98
 56;112;0.296943;0.000000;0.953424;56.98
 56;120;0.296943;0.000000;0.953424;56.98
 56;128;0.296943;0.000000;0.953424;56.98
 56;136;0.296943;0.000000;0.953424;56.98
 56;368;0.296943;0.953424;0.000000;57.10
 56;376;0.296943;0.953424;0.000000;57.10
 56;384;0.296943;0.953424;0.000000;57.10
 56;392;0.296943;0.953424;0.000000;57.10
 56;400;0.296943;0.953424;0.000000;57.10
 64;  0;0.296943;0.953424;0.000000;57.10
 64;  8;0.296943;0.953424;0.000000;57.10
 64; 16;0.296943;0.953424;0.000000;57.10
 64; 24;0.296943;0.953424;0.000000;57.10
 64; 32;0.296943;0.953424;0.000000;57.10
 64; 40;0.296943;0.953424;0.000000;57.10
 64; 48;0.296943;0.953424;0.000000;57.10
 64; 56;0.296943;0.953424;0.000000;57.10
 64; 64;0.296943;0.953424;0.000000;57.10
 64; 72;0.296943;0.000000;0.953424;56.98
 64; 80;0.296943;0.000000;0.953424;56.98
 64; 88;0.296943;0.000000;0.953424;56.98
 64; 96;0.296943;0.000000;0.953424;56.98
 64;104;0.296943;0.000000;0.953424;56.98
 64;112;0.296943;0.000000;0.953424;56.98
 64;120;0.296943;0.000000;0.953424;56.98
 64;128;0.296943;0.000000;0.953424;56.98
 64;136;0.296943;0.000000;0.953424;56.98
 64;368;0.296943;0.953424;0.000000;57.10
 64;376;0.296943;0.953424;0.000000;57.10
 64;384;0.296943;0.953424;0.000000;57.10
 64;392;0.296943;0.953424;0.000000;57.10
 64;400;0.296943;0.953424;0.000000;57.10
 72;  0;0.296943;0.953424;0.000000;57.10
 72;  8;0.296943;0.953424;0.000000;57.10
 72; 16;0.296943;0.953424;0.000000;57.10
 72; 24;0.296943;0.953424;0.000000;57.10
 72; 32;0.296943;0.953424;0.000000;57.10
 72; 40;0.296943;0.953424;0.000000;57.10
 72; 48;0.296943;0.953424;0.000000;57.10
 72; 56;0.296943;0.953424;0.000000;57.10
 72; 64;0.296943;0.953424;0.000000;57.10
 72; 72;0.296943;0.953424;0.000000;57.10
 72; 80;0.296943;0.000000;0.953424;56.98
 72; 88;0.296943;0.000000;0.953424;56.98
 72; 96;0.296943;0.000000;0.953424;56.98
 72;104;0.296943;0.000000;0.953424;56.98
 72;112;0.296943;0.000000;0.953424;56.98
 72;120;0.296943;0.000000;0.953424;56.98
 72;128;0.296943;0.000000;0.953424;56.98
 72;136;0.296943;0.000000;0.953424;56.98
 72;368;0.296943;0.953424;0.000000;57.10
 72;376;0.296943;0.953424;0.000000;57.10
 72;384;0.296943;0.953424;0.000000;57.10
 72;392;0.296943;0.953424;0.000000;57.10
 72;400;0.296943;0.953424;0.000000;57.10
 80;  0;0.296943;0.953424;0.000000;57.10
 80;  8;0.296943;0.953424;0.000000;57.10
 80; 16;0.296943;0.953424;0.000000;57.10
 80; 24;0.296943;0.953424;0.000000;57.10
 80; 32;0.296943;0.953424;0.000000;57.10
 80; 40;0.296943;0.953424;0.000000;57.10
 80; 48;0.296943;0.953424;0.000000;57.10
 80; 56;0.296943;0.953424;0.000000;57.10
 80; 64;0.296943;0.953424;0.000000;57.10
 80; 72;0.296943;0.953424;0.000000;57.10
 80; 80;0.296943;0.953424;0.000000;57.10
 80; 88;0.296943;0.000000;0.953424;56.98
 80; 96;0.296943;0.000000;0.953424;56.98
 80;104;0.296943;0.000000;0.953424;56.98
 80;112;0.296943;0.000000;0.953424;56.98
 80;120;0.296943;0.000000;0.953424;56.98
 80;128;0.296943;0.000000;0.953424;56.98
 80;136;0.296943;0.000000;0.953424;56.98
 80;368;0.296943;0.953424;0.000000;57.10
 80;376;0.296943;0.953424;0.000000;57.10
 80;384;0.296943;0.953424;0.000000;57.10
 80;392;0.296943;0.953424;0.000000;57.10
 80;400;0.296943;0.953424;0.000000;57.10
 88;  0;0.296943;0.953424;0.000000;57.10
 88;  8;0.296943;0.953424;0.000000;57.10
 88; 16;0.296943;0.953424;0.000000;57.10
 88; 24;0.296943;0.953424;0.000000;57.10
 88; 32;0.296943;0.953424;0.000000;57.10
 88; 40;0.296943;0.953424;0.000000;57.10
 88; 48;0.296943;0.953424;0.000000;57.10
 88; 56;0.296943;0.953424;0.000000;57.10
 88; 64;0.296943;0.953424;0.000000;57.10
 88; 72;0.296943;0.953424;0.000000;57.10
 88; 80;0.296943;0.953424;0.000000;57.10
 88; 88;0.296943;0.953424;0.000000;57.10
 88; 96;0.296943;0.000000;0.953424;56.98
 88;104;0.296943;0.000000;0.953424;56.98
 88;112;0.296943;0.000000;0.953424;56.98
 88;120;0.296943;0.000000;0.953424;56.98
 88;128;0.296943;0.000000;0.953424;56.98
 88;136;0.296943;0.000000;0.953424;56.98
 88;368;0.296943;0.953424;0.000000;57.10
 88;376;0.296943;0.953424;0.000000;57.10
 88;384;0.296943;0.953424;0.000000;57.10
 88;392;0.296943;0.953424;0.000000;57.10
 88;400;0.296943;0.953424;0.000000;57.10
 96;  0;0.296943;0.953424;0.000000;57.10
 96;  8;0.296943;0.953424;0.000000;57.10
 96; 16;0.296943;0.953424;0.000000;57.10
 96; 24;0.296943;0.953424;0.000000;57.10
 96; 32;0.296943;0.953424;0.000000;57.10
 96; 40;0.296943;0.953424;0.000000;57.10
 96; 48;0.296943;0.953424;0.000000;57.10
 96; 56;0.296943;0.953424;0.000000;57.10
 96; 64;0.296943;0.953424;0.000000;57.10
 96; 72;0.296943;0.953424;0.000000;57.10
 96; 80;0.296943;0.953424;0.000000;57.10
 96; 88;0.296943;0.953424;0.000000;57.10
 96; 96;0.296943;0.953424;0.000000;57.10
 96;104;0.296943;0.000000;0.953424;56.98
 96;112;0.296943;0.000000;0.953424;56.98
 96;120;0.296943;0.000000;0.953424;56.98
 96;128;0.296943;0.000000;0.953424;56.98
 96;136;0.296943;0.000000;0.953424;56.98
 96;368;0.296943;0.953424;0.000000;57.10
 96;376;0.296943;0.953424;0.000000;57.10
 96;384;0.296943;0.953424;0.000000;57.10
 96;392;0.296943;0.953424;0.000000;57.10
 96;400;0.296943;0.953424;0.000000;57.10
104;  0;0.296943;0.953424;0.000000;57.10
104;  8;0.296943;0.953424;0.000000;57.10
104; 16;0.296943;0.953424;0.000000;57.10
104; 24;0.296943;0.953424;0.000000;57.10
104; 32;0.296943;0.953424;0.000000;57.10
104; 40;0.296943;0.953424;0.000000;57.10
104; 48;0.296943;0.953424;0.000000;57.10
104; 56;0.296943;0.953424;0.000000;57.10
104; 64;0.296943;0.953424;0.000000;57.10
104; 72;0.296943;0.953424;0.000000;57.10
104; 80;0.296943;0.953424;0.000000;57.10
104; 88;0.296943;0.953424;0.000000;57.10
104; 96;0.296943;0.953424;0.000000;57.10
104;104;0.296943;0.953424;0.000000;57.10
104;112;0.296943;0.000000;0.953424;56.98
104;120;0.296943;0.000000;0.953424;56.98
104;128;0.296943;0.000000;0.953424;56.98
104;136;0.296943;0.000000;0.953424;56.98
104;368;0.296943;0.953424;0.000000;57.10
104;376;0.296943;0.953424;0.000000;57.10
104;384;0.296943;0.953424;0.000000;57.10
104;392;0.296943;0.953424;0.000000;57.10
104;400;0.296943;0.953424;0.000000;57.10
112;  0;0.296943;0.953424;0.000000;57.10
112;  8;0.296943;0.953424;0.000000;57.10
112; 16;0.296943;0.953424;0.000000;57.10
112; 24;0.296943;0.953424;0.000000;57.10
112; 32;0.296943;0.953424;0.000000;57.10
112; 40;0.296943;0.953424;0.000000;57.10
112; 48;0.296943;0.953424;0.000000;57.10
112; 56;0.296943;0.953424;0.000000;57.10
112; 64;0.296943;0.953424;0.000000;57.10
112; 72;0.296943;0.953424;0.000000;57.10
112; 80;0.296943;0.953424;0.000000;57.10
112; 88;0.296943;0.953424;0.000000;57.10
112; 96;0.296943;0.953424;0.000000;57.10
112;104;0.296943;0.953424;0.000000;57.10
112;112;0.296943;0.953424;0.000000;57.10
112;120;0.296943;0.000000;0.953424;56.98
112;128;0.296943;0.000000;0.953424;56.98
112;136;0.296943;0.000000;0.953424;56.98
112;368;0.296943;0.953424;0.000000;57.10
112;376;0.296943;0.953424;0.000000;57.10
112;384;0.296943;0.953424;0.000000;57.10
112;392;0.296943;0.953424;0.000000;57.10
112;400;0.296943;0.953424;0.000000;57.10
120;  0;0.296943;0.953424;0.000000;57.10
120;  8;0.296943;0.953424;0.000000;57.10
120; 16;0.296943;0.953424;0.000000;57.10
120; 24;0.296943;0.953424;0.000000;57.10
120; 32;0.296943;0.953424;0.000000;57.10
120; 40;0.296943;0.953424;0.000000;57.10
120; 48;0.296943;0.953424;0.000000;57.10
120; 56;0.296943;0.953424;0.000000;57.10
120; 64;0.296943;0.953424;0.000000;57.10
120; 72;0.296943;0.953424;0.000000;57.10
120; 80;0.296943;0.953424;0.000000;57.10
120; 88;0.296943;0.953424;0.000000;57.10
120; 96;0.296943;0.953424;0.000000;57.10
120;104;0.296943;0.953424;0.000000;57.10
120;112;0.296943;0.953424;0.000000;57.10
120;120;0.296943;0.953424;0.000000;57.10
120;128;0.296943;0.000000;0.953424;56.98
120;136;0.296943;0.000000;0.953424;56.98
120;368;0.296943;0.953424;0.000000;57.10
120;376;0.296943;0.953424;0.000000;57.10
120;384;0.296943;0.953424;0.000000;57.10
120;392;0.296943;0.953424;0.000000;57.10
120;400;0.296943;0.953424;0.000000;57.10
128;  0;0.296943;0.953424;0.000000;57.10
128;  8;0.296943;0.953424;0.000000;57.10
128; 16;0.296943;0.953424;0.000000;57.10
128; 24;0.296943;0.953424;0.000000;57.10
128; 32;0.296943;0.953424;0.000000;57.10
128; 40;0.296943;0.953424;0.000000;57.10
128; 48;0.296943;0.953424;0.000000;57.10
128; 56;0.296943;0.953424;0.000000;57.10
128; 64;0.296943;0.953424;0.000000;57.10
128; 72;0.296943;0.953424;0.000000;57.10
128; 80;0.296943;0.953424;0.000000;57.10
128; 88;0.296943;0.953424;0.000000;57.10
128; 96;0.296943;0.953424;0.000000;57.10
128;104;0.296943;0.953424;0.000000;57.10
128;112;0.296943;0.953424;0.000000;57.10
128;120;0.296943;0.953424;0.000000;57.10
128;128;0.296943;0.953424;0.000000;57.10
128;136;0.296943;0.000000;0.953424;56.98
128;368;0.296943;0.953424;0.000000;57.10
128;376;0.296943;0.953424;0.000000;57.10
128;384;0.296943;0.953424;0.000000;57.10
128;392;0.296943;0.953424;0.000000;57.10
128;400;0.296943;0.953424;0.000000;57.10
136;  0;0.296943;0.953424;0.000000;57.10
136;  8;0.296943;0.953424;0.000000;57.10
136; 16;0.296943;0.953424;0.000000;57.10
136; 24;0.296943;0.953424;0.000000;57.10
136; 32;0.296943;0.953424;0.000000;57.10
136; 40;0.296943;0.953424;0.000000;57.10
136; 48;0.296943;0.953424;0.000000;57.10
136; 56;0.296943;0.953424;0.000000;57.10
136; 64;0.296943;0.953424;0.000000;57.10
136; 72;0.296943;0.953424;0.000000;57.10
136; 80;0.296943;0.953424;0.000000;57.10
136; 88;0.296943;0.953424;0.000000;57.10
136; 96;0.296943;0.953424;0.000000;57.10
136;104;0.296943;0.953424;0.000000;57.10
136;112;0.296943;0.953424;0.000000;57.10
136;120;0.296943;0.953424;0.000000;57.10
136;128;0.296943;0.953424;0.000000;57.10
136;136;0.296943;0.953424;0.000000;57.10
136;368;0.296943;0.953424;0.000000;57.10
136;376;0.296943;0.953424;0.000000;57.10
136;384;0.296943;0.953424;0.000000;57.10
136;392;0.296943;0.953424;0.000000;57.10
136;400;0.296943;0.953424;0.000000;57.10
144;  0;0.297087;0.953280;0.000000;57.09
144;  8;0.297087;0.953280;0.000000;57.09
144; 16;0.297087;0.953280;0.000000;57.09
144; 24;0.297087;0.953280;0.000000;57.09
144; 32;0.297087;0.953280;0.000000;57.09
144; 40;0.297087;0.953280;0.000000;57.09
144; 48;0.297087;0.953280;0.000000;57.09
144; 56;0.297087;0.953280;0.000000;57.09
144; 64;0.297087;0.953280;0.000000;57.09
144; 72;0.297087;0.953280;0.000000;57.09
144; 80;0.297087;0.953280;0.000000;57.09
144; 88;0.297087;0.953280;0.000000;57.09
144; 96;0.297087;0.953280;0.000000;57.09
144;104;0.297087;0.953280;0.000000;57.09
144;112;0.297087;0.953280;0.000000;57.09
144;120;0.297087;0.953280;0.000000;57.09
144;128;0.297087;0.953280;0.000000;57.09
144;136;0.297087;0.953280;0.000000;57.09
144;144;0.297087;0.953280;0.000000;57.09
144;152;0.297087;0.000000;0.953280;56.97
144;368;0.297087;0.953280;0.000000;57.09
144;376;0.297087;0.953280;0.000000;57.09
144;384;0.297087;0.953280;0.000000;57.09
144;392;0.297087;0.953280;0.000000;57.09
144;400;0.297087;0.953280;0.000000;57.09
152;  0;0.297087;0.953280;0.000000;57.09
152;  8;0.297087;0.953280;0.000000;57.09
152; 16;0.297087;0.953280;0.000000;57.09
152; 24;0.297087;0.953280;0.000000;57.09
152; 32;0.297087;0.953280;0.000000;57.09
152; 40;0.297087;0.953280;0.000000;57.09
152; 48;0.297087;0.953280;0.000000;57.09
152; 56;0.297087;0.953280;0.000000;57.09
152; 64;0.297087;0.953280;0.000000;57.09
152; 72;0.297087;0.953280;0.000000;57.09
152; 80;0.297087;0.953280;0.000000;57.09
152; 88;0.297087;0.953280;0.000000;57.09
152; 96;0.297087;0.953280;0.000000;57.09
152;104;0.297087;0.953280;0.000000;57.09
152;112;0.297087;0.953280;0.000000;57.09
152;120;0.297087;0.953280;0.000000;57.09
152;128;0.297087;0.953280;0.000000;57.09
152;136;0.297087;0.953280;0.000000;57.09
152;144;0.297087;0.953280;0.000000;57.09
152;152;0.297087;0.953280;0.000000;57.09
152;368;0.297087;0.953280;0.000000;57.09
152;376;0.297087;0.953280;0.000000;57.09
152;384;0.297087;0.953280;0.000000;57.09
152;392;0.297087;0.953280;0.000000;57.09
152;400;0.297087;0.953280;0.000000;57.09
160;  0;0.297272;0.953095;0.000000;57.07
160;  8;0.297272;0.953095;0.000000;57.07
160; 16;0.297272;0.953095;0.000000;57.07
160; 24;0.297272;0.953095;0.000000;57.07
160; 32;0.297272;0.953095;0.000000;57.07
160; 40;0.297272;0.953095;0.000000;57.07
160; 48;0.297272;0.953095;0.000000;57.07
160; 56;0.297272;0.953095;0.000000;57.07
160; 64;0.297272;0.953095;0.000000;57.07
160; 72;0.297272;0.953095;0.000000;57.07
160; 80;0.297272;0.953095;0.000000;57.07
160; 88;0.297272;0.953095;0.000000;57.07
160; 96;0.297272;0.953095;0.000000;57.07
160;104;0.297272;0.953095;0.000000;57.07
160;112;0.297272;0.953095;0.000000;57.07
160;120;0.297272;0.953095;0.000000;57.07
160;128;0.297272;0.953095;0.000000;57.07
160;136;0.297272;0.953095;0.000000;57.07
160;144;0.297272;0.953095;0.000000;57.07
160;152;0.297272;0.953095;0.000000;57.07
160;160;0.297272;0.953095;0.000000;57.07
160;168;0.297272;0.000000;0.953095;56.95
160;368;0.297272;0.953095;0.000000;57.07
160;376;0.297272;0.953095;0.000000;57.07
160;384;0.297272;0.953095;0.000000;57.07
160;392;0.297272;0.953095;0.000000;57.07
160;400;0.297272;0.953095;0.000000;57.07
168;  0;0.297272;0.953095;0.000000;57.07
168;  8;0.297272;0.953095;0.000000;57.07
168; 16;0.297272;0.953095;0.000000;57.07
168; 24;0.297272;0.953095;0.000000;57.07
168; 32;0.297272;0.953095;0.000000;57.07
168; 40;0.297272;0.953095;0.000000;57.07
168; 48;0.297272;0.953095;0.000000;57.07
168; 56;0.297272;0.953095;0.000000;57.07
168; 64;0.297272;0.953095;0.000000;57.07
168; 72;0.297272;0.953095;0.000000;57.07
168; 80;0.297272;0.953095;0.000000;57.07
168; 88;0.297272;0.953095;0.000000;57.07
168; 96;0.297272;0.953095;0.000000;57.07
168;104;0.297272;0.953095;0.000000;57.07
168;112;0.297272;0.953095;0.000000;57.07
168;120;0.297272;0.953095;0.000000;57.07
168;128;0.297272;0.953095;0.000000;57.07
168;136;0.297272;0.953095;0.000000;57.07
168;144;0.297272;0.953095;0.000000;57.07
168;152;0.297272;0.953095;0.000000;57.07
168;160;0.297272;0.953095;0.000000;57.07
168;168;0.297272;0.953095;0.000000;57.07
168;368;0.297272;0.953095;0.000000;57.07
168;376;0.297272;0.953095;0.000000;57.07
168;384;0.297272;0.953095;0.000000;57.07
168;392;0.297272;0.953095;0.000000;57.07
168;400;0.297272;0.953095;0.000000;57.07
176;  0;0.298302;0.952065;0.000000;57.01
176;  8;0.298302;0.952065;0.000000;57.01
176; 16;0.298302;0.952065;0.000000;57.01
176; 24;0.298302;0.952065;0.000000;57.01
176; 32;0.298302;0.952065;0.000000;57.01
176; 40;0.298302;0.952065;0.000000;57.01
176; 48;0.298302;0.952065;0.000000;57.01
176; 56;0.298302;0.952065;0.000000;57.01
176; 64;0.298302;0.952065;0.000000;57.01
176; 72;0.298302;0.952065;0.000000;57.01
176; 80;0.298302;0.952065;0.000000;57.01
176; 88;0.298302;0.952065;0.000000;57.01
176; 96;0.298302;0.952065;0.000000;57.01
176;104;0.298302;0.952065;0.000000;57.01
176;112;0.298302;0.952065;0.000000;57.01
176;120;0.298302;0.952065;0.000000;57.01
176;128;0.298302;0.952065;0.000000;57.01
176;136;0.298302;0.952065;0.000000;57.01
176;144;0.298302;0.952065;0.000000;57.01
176;152;0.298302;0.952065;0.000000;57.01
176;160;0.298302;0.952065;0.000000;57.01
176;168;0.298302;0.952065;0.000000;57.01
176;176;0.298302;0.952065;0.000000;57.01
176;368;0.298302;0.952065;0.000000;57.01
176;376;0.298302;0.952065;0.000000;57.01
176;384;0.298302;0.952065;0.000000;57.01
176;392;0.298302;0.952065;0.000000;57.01
176;400;0.298302;0.952065;0.000000;57.01
184;  0;0.298927;0.951440;0.000000;56.96
184;  8;0.298927;0.951440;0.000000;56.96
184; 16;0.298927;0.951440;0.000000;56.96
184; 24;0.298927;0.951440;0.000000;56.96
184; 32;0.298927;0.951440;0.000000;56.96
184; 40;0.298927;0.951440;0.000000;56.96
184; 48;0.298927;0.951440;0.000000;56.96
184; 56;0.298927;0.951440;0.000000;56.96
184; 64;0.298927;0.951440;0.000000;56.96
184; 72;0.298927;0.951440;0.000000;56.96
184; 80;0.298927;0.951440;0.000000;56.96
184; 88;0.298927;0.951440;0.000000;56.96
184; 96;0.298927;0.951440;0.000000;56.96
184;104;0.298927;0.951440;0.000000;56.96
184;112;0.298927;0.951440;0.000000;56.96
184;120;0.298927;0.951440;0.000000;56.96
184;128;0.298927;0.951440;0.000000;56.96
184;136;0.298927;0.951440;0.000000;56.96
184;144;0.298927;0.951440;0.000000;56.96
184;152;0.298927;0.951440;0.000000;56.96
184;160;0.298927;0.951440;0.000000;56.96
184;168;0.298927;0.951440;0.000000;56.96
184;176;0.298927;0.951440;0.000000;56.96
184;184;0.298927;0.951440;0.000000;56.96
184;368;0.298927;0.951440;0.000000;56.96
184;376;0.298927;0.951440;0.000000;56.96
184;384;0.298927;0.951440;0.000000;56.96
184;392;0.298927;0.951440;0.000000;56.96
184;400;0.298927;0.951440;0.000000;56.96
192;  0;0.302993;0.947374;0.000000;56.68
192;  8;0.302993;0.947374;0.000000;56.68
192; 16;0.302993;0.947374;0.000000;56.68
192; 24;0.302993;0.947374;0.000000;56.68
192; 32;0.302993;0.947374;0.000000;56.68
192; 40;0.302993;0.947374;0.000000;56.68
192; 48;0.302993;0.947374;0.000000;56.68
192; 56;0.302993;0.947374;0.000000;56.68
192; 64;0.302993;0.947374;0.000000;56.68
192; 72;0.302993;0.947374;0.000000;56.68
192; 80;0.302993;0.947374;0.000000;56.68
192; 88;0.302993;0.947374;0.000000;56.68
192; 96;0.302993;0.947374;0.000000;56.68
192;104;0.302993;0.947374;0.000000;56.68
192;112;0.302993;0.947374;0.000000;56.68
192;120;0.302993;0.947374;0.000000;56.68
192;128;0.302993;0.947374;0.000000;56.68
192;136;0.302993;0.947374;0.000000;56.68
192;144;0.302993;0.947374;0.000000;56.68
192;152;0.302993;0.947374;0.000000;56.68
192;160;0.302993;0.947374;0.000000;56.68
192;168;0.302993;0.947374;0.000000;56.68
192;176;0.302993;0.947374;0.000000;56.68
192;184;0.302993;0.947374;0.000000;56.68
192;192;0.302993;0.947374;0.000000;56.68
192;368;0.302993;0.947374;0.000000;56.68
192;376;0.302993;0.947374;0.000000;56.68
192;384;0.302993;0.947374;0.000000;56.68
192;392;0.302993;0.947374;0.000000;56.68
192;400;0.302993;0.947374;0.000000;56.68
200;  0;0.313216;0.937151;0.000000;55.99
200;  8;0.313216;0.937151;0.000000;55.99
200; 16;0.313216;0.937151;0.000000;55.99
200; 24;0.313216;0.937151;0.000000;55.99
200; 32;0.313216;0.937151;0.000000;55.99
200; 40;0.313216;0.937151;0.000000;55.99
200; 48;0.313216;0.937151;0.000000;55.99
200; 56;0.313216;0.937151;0.000000;55.99
200; 64;0.313216;0.937151;0.000000;55.99
200; 72;0.313216;0.937151;0.000000;55.99
200; 80;0.313216;0.937151;0.000000;55.99
200; 88;0.313216;0.937151;0.000000;55.99
200; 96;0.313216;0.937151;0.000000;55.99
200;104;0.313216;0.937151;0.000000;55.99
200;112;0.313216;0.937151;0.000000;55.99
200;120;0.313216;0.937151;0.000000;55.99
200;128;0.313216;0.937151;0.000000;55.99
200;136;0.313216;0.937151;0.000000;55.99
200;144;0.313216;0.937151;0.000000;55.99
200;152;0.313216;0.937151;0.000000;55.99
200;160;0.313216;0.937151;0.000000;55.99
200;168;0.313216;0.937151;0.000000;55.99
200;176;0.313216;0.937151;0.000000;55.99
200;184;0.313216;0.937151;0.000000;55.99
200;192;0.313216;0.937151;0.000000;55.99
200;200;0.313216;0.937151;0.000000;55.99
200;368;0.313216;0.937151;0.000000;55.99
200;376;0.313216;0.937151;0.000000;55.99
200;384;0.313216;0.937151;0.000000;55.99
200;392;0.313216;0.937151;0.000000;55.99
200;400;0.313216;0.937151;0.000000;55.99
208;  0;0.325414;0.924953;0.000000;55.14
208;  8;0.325414;0.924953;0.000000;55.14
208; 16;0.325414;0.924953;0.000000;55.14
208; 24;0.325414;0.924953;0.000000;55.14
208; 32;0.325414;0.924953;0.000000;55.14
208; 40;0.325414;0.924953;0.000000;55.14
208; 48;0.325414;0.924953;0.000000;55.14
208; 56;0.325414;0.924953;0.000000;55.14
208; 64;0.325414;0.924953;0.000000;55.14
208; 72;0.325414;0.924953;0.000000;55.14
208; 80;0.325414;0.924953;0.000000;55.14
208; 88;0.325414;0.924953;0.000000;55.14
208; 96;0.325414;0.924953;0.000000;55.14
208;104;0.325414;0.924953;0.000000;55.14
208;112;0.325414;0.924953;0.000000;55.14
208;120;0.325414;0.924953;0.000000;55.14
208;128;0.325414;0.924953;0.000000;55.14
208;136;0.325414;0.924953;0.000000;55.14
208;144;0.325414;0.924953;0.000000;55.14
208;152;0.325414;0.924953;0.000000;55.14
208;160;0.325414;0.924953;0.000000;55.14
208;168;0.325414;0.924953;0.000000;55.14
208;176;0.325414;0.924953;0.000000;55.14
208;184;0.325414;0.924953;0.000000;55.14
208;192;0.325414;0.924953;0.000000;55.14
208;200;0.325414;0.924953;0.000000;55.14
208;208;0.325414;0.924953;0.000000;55.14
208;368;0.325414;0.924953;0.000000;55.14
208;376;0.325414;0.924953;0.000000;55.14
208;384;0.325414;0.924953;0.000000;55.14
208;392;0.325414;0.924953;0.000000;55.14
208;400;0.325414;0.924953;0.000000;55.14
216;  0;0.350586;0.899781;0.000000;53.43
216;  8;0.350586;0.899781;0.000000;53.43
216; 16;0.350586;0.899781;0.000000;53.43
216; 24;0.350586;0.899781;0.000000;53.43
216; 32;0.350586;0.899781;0.000000;53.43
216; 40;0.350586;0.899781;0.000000;53.43
216; 48;0.350586;0.899781;0.000000;53.43
216; 56;0.350586;0.899781;0.000000;53.43
216; 64;0.350586;0.899781;0.000000;53.43
216; 72;0.350586;0.899781;0.000000;53.43
216; 80;0.350586;0.899781;0.000000;53.43
216; 88;0.350586;0.899781;0.000000;53.43
216; 96;0.350586;0.899781;0.000000;53.43
216;104;0.350586;0.899781;0.000000;53.43
216;112;0.350586;0.899781;0.000000;53.43
216;120;0.350586;0.899781;0.000000;53.43
216;128;0.350586;0.899781;0.000000;53.43
216;136;0.350586;0.899781;0.000000;53.43
216;144;0.350586;0.899781;0.000000;53.43
216;152;0.350586;0.899781;0.000000;53.43
216;160;0.350586;0.899781;0.000000;53.43
216;168;0.350586;0.899781;0.000000;53.43
216;176;0.350586;0.899781;0.000000;53.43
216;184;0.350586;0.899781;0.000000;53.43
216;192;0.350586;0.899781;0.000000;53.43
216;200;0.350586;0.899781;0.000000;53.43
216;208;0.350586;0.899781;0.000000;53.43
216;216;0.350586;0.899781;0.000000;53.43
216;368;0.350586;0.899781;0.000000;53.43
216;376;0.350586;0.899781;0.000000;53.43
216;384;0.350586;0.899781;0.000000;53.43
216;392;0.350586;0.899781;0.000000;53.43
216;400;0.350586;0.899781;0.000000;53.43
224;  0;0.399737;0.850630;0.000000;50.05
224;  8;0.399737;0.850630;0.000000;50.05
224; 16;0.399737;0.850630;0.000000;50.05
224; 24;0.399737;0.850630;0.000000;50.05
224; 32;0.399737;0.850630;0.000000;50.05
224; 40;0.399737;0.850630;0.000000;50.05
224; 48;0.399737;0.850630;0.000000;50.05
224; 56;0.399737;0.850630;0.000000;50.05
224; 64;0.399737;0.850630;0.000000;50.05
224; 72;0.399737;0.850630;0.000000;50.05
224; 80;0.399737;0.850630;0.000000;50.05
224; 88;0.399737;0.850630;0.000000;50.05
224; 96;0.399737;0.850630;0.000000;50.05
224;104;0.399737;0.850630;0.000000;50.05
224;112;0.399737;0.850630;0.000000;50.05
224;120;0.399737;0.850630;0.000000;50.05
224;128;0.399737;0.850630;0.000000;50.05
224;136;0.399737;0.850630;0.000000;50.05
224;144;0.399737;0.850630;0.000000;50.05
224;152;0.399737;0.850630;0.000000;50.05
224;160;0.399737;0.850630;0.000000;50.05
224;168;0.399737;0.850630;0.000000;50.05
224;176;0.399737;0.850630;0.000000;50.05
224;184;0.399737;0.850630;0.000000;50.05
224;192;0.399737;0.850630;0.000000;50.05
224;200;0.399737;0.850630;0.000000;50.05
224;208;0.399737;0.850630;0.000000;50.05
224;216;0.399737;0.850630;0.000000;50.05
224;224;0.399737;0.850630;0.000000;50.05
224;368;0.399737;0.850630;0.000000;50.05
224;376;0.399737;0.850630;0.000000;50.05
224;384;0.399737;0.850630;0.000000;50.05
224;392;0.399737;0.850630;0.000000;50.05
224;400;0.399737;0.850630;0.000000;50.05
232;  0;0.487816;0.762551;0.000000;44.14
232;  8;0.487816;0.762551;0.000000;44.14
232; 16;0.487816;0.762551;0.000000;44.14
232; 24;0.487816;0.762551;0.000000;44.14
232; 32;0.487816;0.762551;0.000000;44.14
232; 40;0.487816;0.762551;0.000000;44.14
232; 48;0.487816;0.762551;0.000000;44.14
232; 56;0.487816;0.762551;0.000000;44.14
232; 64;0.487816;0.762551;0.000000;44.14
232; 72;0.487816;0.762551;0.000000;44.14
232; 80;0.487816;0.762551;0.000000;44.14
232; 88;0.487816;0.762551;0.000000;44.14
232; 96;0.487816;0.762551;0.000000;44.14
232;104;0.487816;0.762551;0.000000;44.14
232;112;0.487816;0.762551;0.000000;44.14
232;120;0.487816;0.762551;0.000000;44.14
232;128;0.487816;0.762551;0.000000;44.14
232;136;0.487816;0.762551;0.000000;44.14
232;144;0.487816;0.762551;0.000000;44.14
232;152;0.487816;0.762551;0.000000;44.14
232;160;0.487816;0.762551;0.000000;44.14
232;168;0.487816;0.762551;0.000000;44.14
232;176;0.487816;0.762551;0.000000;44.14
232;184;0.487816;0.762551;0.000000;44.14
232;192;0.487816;0.762551;0.000000;44.14
232;200;0.487816;0.762551;0.000000;44.14
232;208;0.487816;0.762551;0.000000;44.14
232;216;0.487816;0.762551;0.000000;44.14
232;224;0.487816;0.762551;0.000000;44.14
232;232;0.487816;0.762551;0.000000;44.14
232;368;0.487816;0.762551;0.000000;44.14
232;376;0.487816;0.762551;0.000000;44.14
232;384;0.487816;0.762551;0.000000;44.14
232;392;0.487816;0.762551;0.000000;44.14
232;400;0.487816;0.762551;0.000000;44.14
240;  0;0.587272;0.663095;0.000000;37.63
240;  8;0.587272;0.663095;0.000000;37.63
240; 16;0.587272;0.663095;0.000000;37.63
240; 24;0.587272;0.663095;0.000000;37.63
240; 32;0.587272;0.663095;0.000000;37.63
240; 40;0.587272;0.663095;0.000000;37.63
240; 48;0.587272;0.663095;0.000000;37.63
240; 56;0.587272;0.663095;0.000000;37.63
240; 64;0.587272;0.663095;0.000000;37.63
240; 72;0.587272;0.663095;0.000000;37.63
240; 80;0.587272;0.663095;0.000000;37.63
240; 88;0.587272;0.663095;0.000000;37.63
240; 96;0.587272;0.663095;0.000000;37.63
240;104;0.587272;0.663095;0.000000;37.63
240;112;0.587272;0.663095;0.000000;37.63
240;120;0.587272;0.663095;0.000000;37.63
240;128;0.587272;0.663095;0.000000;37.63
240;136;0.587272;0.663095;0.000000;37.63
240;144;0.587272;0.663095;0.000000;37.63
240;152;0.587272;0.663095;0.000000;37.63
240;160;0.587272;0.663095;0.000000;37.63
240;168;0.587272;0.663095;0.000000;37.63
240;176;0.587272;0.663095;0.000000;37.63
240;184;0.587272;0.663095;0.000000;37.63
240;192;0.587272;0.663095;0.000000;37.63
240;200;0.587272;0.663095;0.000000;37.63
240;208;0.587272;0.663095;0.000000;37.63
240;216;0.587272;0.663095;0.000000;37.63
240;224;0.587272;0.663095;0.000000;37.63
240;232;0.587272;0.663095;0.000000;37.63
240;240;0.587272;0.663095;0.000000;37.63
240;368;0.587272;0.663095;0.000000;37.63
240;376;0.587272;0.663095;0.000000;37.63
240;384;0.587272;0.663095;0.000000;37.63
240;392;0.587272;0.663095;0.000000;37.63
240;400;0.587272;0.663095;0.000000;37.63
248;  0;0.701531;0.548836;0.000000;30.39
248;  8;0.701531;0.548836;0.000000;30.39
248; 16;0.701531;0.548836;0.000000;30.39
248; 24;0.701531;0.548836;0.000000;30.39
248; 32;0.701531;0.548836;0.000000;30.39
248; 40;0.701531;0.548836;0.000000;30.39
248; 48;0.701531;0.548836;0.000000;30.39
248; 56;0.701531;0.548836;0.000000;30.39
248; 64;0.701531;0.548836;0.000000;30.39
248; 72;0.701531;0.548836;0.000000;30.39
248; 80;0.701531;0.548836;0.000000;30.39
248; 88;0.701531;0.548836;0.000000;30.39
248; 96;0.701531;0.548836;0.000000;30.39
248;104;0.701531;0.548836;0.000000;30.39
248;112;0.701531;0.548836;0.000000;30.39
248;120;0.701531;0.548836;0.000000;30.39
248;128;0.701531;0.548836;0.000000;30.39
248;136;0.701531;0.548836;0.000000;30.39
248;144;0.701531;0.548836;0.000000;30.39
248;152;0.701531;0.548836;0.000000;30.39
248;160;0.701531;0.548836;0.000000;30.39
248;168;0.701531;0.548836;0.000000;30.39
248;176;0.701531;0.548836;0.000000;30.39
248;184;0.701531;0.548836;0.000000;30.39
248;192;0.701531;0.548836;0.000000;30.39
248;200;0.701531;0.548836;0.000000;30.39
248;208;0.701531;0.548836;0.000000;30.39
248;216;0.701531;0.548836;0.000000;30.39
248;224;0.701531;0.548836;0.000000;30.39
248;232;0.701531;0.548836;0.000000;30.39
248;240;0.701531;0.548836;0.000000;30.39
248;248;0.701531;0.548836;0.000000;30.39
248;368;0.701531;0.548836;0.000000;30.39
248;376;0.701531;0.548836;0.000000;30.39
248;384;0.701531;0.548836;0.000000;30.39
248;392;0.701531;0.548836;0.000000;30.39
248;400;0.701531;0.548836;0.000000;30.39
256;  0;0.829894;0.420473;0.000000;22.70
256;  8;0.829894;0.420473;0.000000;22.70
256; 16;0.829894;0.420473;0.000000;22.70
256; 24;0.829894;0.420473;0.000000;22.70
256; 32;0.829894;0.420473;0.000000;22.70
256; 40;0.829894;0.420473;0.000000;22.70
256; 48;0.829894;0.420473;0.000000;22.70
256; 56;0.829894;0.420473;0.000000;22.70
256; 64;0.829894;0.420473;0.000000;22.70
256; 72;0.829894;0.420473;0.000000;22.70
256; 80;0.829894;0.420473;0.000000;22.70
256; 88;0.829894;0.420473;0.000000;22.70
256; 96;0.829894;0.420473;0.000000;22.70
256;104;0.829894;0.420473;0.000000;22.70
256;112;0.829894;0.420473;0.000000;22.70
256;120;0.829894;0.420473;0.000000;22.70
256;128;0.829894;0.420473;0.000000;22.70
256;136;0.829894;0.420473;0.000000;22.70
256;144;0.829894;0.420473;0.000000;22.70
256;152;0.829894;0.420473;0.000000;22.70
256;160;0.829894;0.420473;0.000000;22.70
256;168;0.829894;0.420473;0.000000;22.70
256;176;0.829894;0.420473;0.000000;22.70
256;184;0.829894;0.420473;0.000000;22.70
256;192;0.829894;0.420473;0.000000;22.70
256;200;0.829894;0.420473;0.000000;22.70
256;208;0.829894;0.420473;0.000000;22.70
256;216;0.829894;0.420473;0.000000;22.70
256;224;0.829894;0.420473;0.000000;22.70
256;232;0.829894;0.420473;0.000000;22.70
256;240;0.829894;0.420473;0.000000;22.70
256;248;0.829894;0.420473;0.000000;22.70
256;256;0.829894;0.420473;0.000000;22.70
256;368;0.829894;0.420473;0.000000;22.70
256;376;0.829894;0.420473;0.000000;22.70
256;384;0.829894;0.420473;0.000000;22.70
256;392;0.829894;0.420473;0.000000;22.70
256;400;0.829894;0.420473;0.000000;22.70
264;  0;0.956027;0.294340;0.000000;15.35
264;  8;0.956027;0.294340;0.000000;15.35
264; 16;0.956027;0.294340;0.000000;15.35
264; 24;0.956027;0.294340;0.000000;15.35
264; 32;0.956027;0.294340;0.000000;15.35
264; 40;0.956027;0.294340;0.000000;15.35
264; 48;0.956027;0.294340;0.000000;15.35
264; 56;0.956027;0.294340;0.000000;15.35
264; 64;0.956027;0.294340;0.000000;15.35
264; 72;0.956027;0.294340;0.000000;15.35
264; 80;0.956027;0.294340;0.000000;15.35
264; 88;0.956027;0.294340;0.000000;15.35
264; 96;0.956027;0.294340;0.000000;15.35
264;104;0.956027;0.294340;0.000000;15.35
264;112;0.956027;0.294340;0.000000;15.35
264;120;0.956027;0.294340;0.000000;15.35
264;128;0.956027;0.294340;0.000000;15.35
264;136;0.956027;0.294340;0.000000;15.35
264;144;0.956027;0.294340;0.000000;15.35
264;152;0.956027;0.294340;0.000000;15.35
264;160;0.956027;0.294340;0.000000;15.35
264;168;0.956027;0.294340;0.000000;15.35
264;176;0.956027;0.294340;0.000000;15.35
264;184;0.956027;0.294340;0.000000;15.35
264;192;0.956027;0.294340;0.000000;15.35
264;200;0.956027;0.294340;0.000000;15.35
264;208;0.956027;0.294340;0.000000;15.35
264;216;0.956027;0.294340;0.000000;15.35
264;224;0.956027;0.294340;0.000000;15.35
264;232;0.956027;0.294340;0.000000;15.35
264;240;0.956027;0.294340;0.000000;15.35
264;248;0.956027;0.294340;0.000000;15.35
264;256;0.956027;0.294340;0.000000;15.35
264;264;0.956027;0.294340;0.000000;15.35
264;328;0.956027;0.292881;0.001459;15.33
264;368;0.956027;0.294340;0.000000;15.35
264;376;0.956027;0.294340;0.000000;15.35
264;384;0.956027;0.294340;0.000000;15.35
264;392;0.956027;0.294340;0.000000;15.35
264;400;0.956027;0.294340;0.000000;15.35
272;  0;1.054139;0.196228;0.000000;9.95
272;  8;1.054139;0.196228;0.000000;9.95
272; 16;1.054139;0.196228;0.000000;9.95
272; 24;1.054139;0.196228;0.000000;9.95
272; 32;1.054139;0.196228;0.000000;9.95
272; 40;1.054139;0.196228;0.000000;9.95
272; 48;1.054139;0.196228;0.000000;9.95
272; 56;1.054139;0.196228;0.000000;9.95
272; 64;1.054139;0.196228;0.000000;9.95
272; 72;1.054139;0.196228;0.000000;9.95
272; 80;1.054139;0.196228;0.000000;9.95
272; 88;1.054139;0.196228;0.000000;9.95
272; 96;1.054139;0.196228;0.000000;9.95
272;104;1.054139;0.196228;0.000000;9.95
272;112;1.054139;0.196228;0.000000;9.95
272;120;1.054139;0.196228;0.000000;9.95
272;128;1.054139;0.196228;0.000000;9.95
272;136;1.054139;0.196228;0.000000;9.95
272;144;1.054139;0.196228;0.000000;9.95
272;152;1.054139;0.196228;0.000000;9.95
272;160;1.054139;0.196228;0.000000;9.95
272;168;1.054139;0.196228;0.000000;9.95
272;176;1.054139;0.196228;0.000000;9.95
272;184;1.054139;0.196228;0.000000;9.95
272;192;1.054139;0.196228;0.000000;9.95
272;200;1.054139;0.196228;0.000000;9.95
272;208;1.054139;0.196228;0.000000;9.95
272;216;1.054139;0.196228;0.000000;9.95
272;224;1.054139;0.196228;0.000000;9.95
272;232;1.054139;0.196228;0.000000;9.95
272;240;1.054139;0.196228;0.000000;9.95
272;248;1.054139;0.196228;0.000000;9.95
272;256;1.054139;0.196228;0.000000;9.95
272;264;1.054139;0.196228;0.000000;9.95
272;272;1.054139;0.196228;0.000000;9.95
272;328;1.054139;0.194769;0.001459;9.93
272;368;1.054139;0.196228;0.000000;9.95
272;376;1.054139;0.196228;0.000000;9.95
272;384;1.054139;0.196228;0.000000;9.95
272;392;1.054139;0.196228;0.000000;9.95
272;400;1.054139;0.196228;0.000000;9.95
280;  0;1.136814;0.113553;0.000000;5.63
280;  8;1.136814;0.113553;0.000000;5.63
280; 16;1.136814;0.113553;0.000000;5.63
280; 24;1.136814;0.113553;0.000000;5.63
280; 32;1.136814;0.113553;0.000000;5.63
280; 40;1.136814;0.113553;0.000000;5.63
280; 48;1.136814;0.113553;0.000000;5.63
280; 56;1.136814;0.113553;0.000000;5.63
280; 64;1.136814;0.113553;0.000000;5.63
280; 72;1.136814;0.113553;0.000000;5.63
280; 80;1.136814;0.113553;0.000000;5.63
280; 88;1.136814;0.113553;0.000000;5.63
280; 96;1.136814;0.113553;0.000000;5.63
280;104;1.136814;0.113553;0.000000;5.63
280;112;1.136814;0.113553;0.000000;5.63
280;120;1.136814;0.113553;0.000000;5.63
280;128;1.136814;0.113553;0.000000;5.63
280;136;1.136814;0.113553;0.000000;5.63
280;144;1.136814;0.113553;0.000000;5.63
280;152;1.136814;0.113553;0.000000;5.63
280;160;1.136814;0.113553;0.000000;5.63
280;168;1.136814;0.113553;0.000000;5.63
280;176;1.136814;0.113553;0.000000;5.63
280;184;1.136814;0.113553;0.000000;5.63
280;192;1.136814;0.113553;0.000000;5.63
280;200;1.136814;0.113553;0.000000;5.63
280;208;1.136814;0.113553;0.000000;5.63
280;216;1.136814;0.113553;0.000000;5.63
280;224;1.136814;0.113553;0.000000;5.63
280;232;1.136814;0.113553;0.000000;5.63
280;240;1.136814;0.113553;0.000000;5.63
280;248;1.136814;0.113553;0.000000;5.63
280;256;1.136814;0.113553;0.000000;5.63
280;264;1.136814;0.113553;0.000000;5.63
280;272;1.136814;0.113553;0.000000;5.63
280;280;1.136814;0.113553;0.000000;5.63
280;328;1.136814;0.112094;0.001459;5.62
280;368;1.136814;0.113553;0.000000;5.63
280;376;1.136814;0.113553;0.000000;5.63
280;384;1.136814;0.113553;0.000000;5.63
280;392;1.136814;0.113553;0.000000;5.63
280;400;1.136814;0.113553;0.000000;5.63
288;  0;1.192960;0.057407;0.000000;2.81
288;  8;1.192960;0.057407;0.000000;2.81
288; 16;1.192960;0.057407;0.000000;2.81
288; 24;1.192960;0.057407;0.000000;2.81
288; 32;1.192960;0.057407;0.000000;2.81
288; 40;1.192960;0.057407;0.000000;2.81
288; 48;1.192960;0.057407;0.000000;2.81
288; 56;1.192960;0.057407;0.000000;2.81
288; 64;1.192960;0.057407;0.000000;2.81
288; 72;1.192960;0.057407;0.000000;2.81
288; 80;1.192960;0.057407;0.000000;2.81
288; 88;1.192960;0.057407;0.000000;2.81
288; 96;1.192960;0.057407;0.000000;2.81
288;104;1.192960;0.057407;0.000000;2.81
288;112;1.192960;0.057407;0.000000;2.81
288;120;1.192960;0.057407;0.000000;2.81
288;128;1.192960;0.057407;0.000000;2.81
288;136;1.192960;0.057407;0.000000;2.81
288;144;1.192960;0.057407;0.000000;2.81
288;152;1.192960;0.057407;0.000000;2.81
288;160;1.192960;0.057407;0.000000;2.81
288;168;1.192960;0.057407;0.000000;2.81
288;176;1.192960;0.057407;0.000000;2.81
288;184;1.192960;0.057407;0.000000;2.81
288;192;1.192960;0.057407;0.000000;2.81
288;200;1.192960;0.057407;0.000000;2.81
288;208;1.192960;0.057407;0.000000;2.81
288;216;1.192960;0.057407;0.000000;2.81
288;224;1.192960;0.057407;0.000000;2.81
288;232;1.192960;0.057407;0.000000;2.81
288;240;1.192960;0.057407;0.000000;2.81
288;248;1.192960;0.057407;0.000000;2.81
288;256;1.192960;0.057407;0.000000;2.81
288;264;1.192960;0.057407;0.000000;2.81
288;272;1.192960;0.057407;0.000000;2.81
288;280;1.192960;0.057407;0.000000;2.81
288;288;1.192960;0.057407;0.000000;2.81
288;320;1.192960;0.054056;0.003351;2.78
288;328;1.192960;0.055948;0.001459;2.80
288;368;1.192960;0.057407;0.000000;2.81
288;376;1.192960;0.057407;0.000000;2.81
288;384;1.192960;0.057407;0.000000;2.81
288;392;1.192960;0.057407;0.000000;2.81
288;400;1.192960;0.057407;0.000000;2.81
296;  0;1.223065;0.027302;0.000000;1.31
296;  8;1.223065;0.027302;0.000000;1.31
296; 16;1.223065;0.027302;0.000000;1.31
296; 24;1.223065;0.027302;0.000000;1.31
296; 32;1.223065;0.027302;0.000000;1.31
296; 40;1.223065;0.027302;0.000000;1.31
296; 48;1.223065;0.027302;0.000000;1.31
296; 56;1.223065;0.027302;0.000000;1.31
296; 64;1.223065;0.027302;0.000000;1.31
296; 72;1.223065;0.027302;0.000000;1.31
296; 80;1.223065;0.027302;0.000000;1.31
296; 88;1.223065;0.027302;0.000000;1.31
296; 96;1.223065;0.027302;0.000000;1.31
296;104;1.223065;0.027302;0.000000;1.31
296;112;1.223065;0.027302;0.000000;1.31
296;120;1.223065;0.027302;0.000000;1.31
296;128;1.223065;0.027302;0.000000;1.31
296;136;1.223065;0.027302;0.000000;1.31
296;144;1.223065;0.027302;0.000000;1.31
296;152;1.223065;0.027302;0.000000;1.31
296;160;1.223065;0.027302;0.000000;1.31
296;168;1.223065;0.027302;0.000000;1.31
296;176;1.223065;0.027302;0.000000;1.31
296;184;1.223065;0.027302;0.000000;1.31
296;192;1.223065;0.027302;0.000000;1.31
296;200;1.223065;0.027302;0.000000;1.31
296;208;1.223065;0.027302;0.000000;1.31
296;216;1.223065;0.027302;0.000000;1.31
296;224;1.223065;0.027302;0.000000;1.31
296;232;1.223065;0.027302;0.000000;1.31
296;240;1.223065;0.027302;0.000000;1.31
296;248;1.223065;0.027302;0.000000;1.31
296;256;1.223065;0.027302;0.000000;1.31
296;264;1.223065;0.027302;0.000000;1.31
296;272;1.223065;0.027302;0.000000;1.31
296;280;1.223065;0.027302;0.000000;1.31
296;288;1.223065;0.027302;0.000000;1.31
296;296;1.223065;0.027302;0.000000;1.31
296;320;1.223065;0.023951;0.003351;1.28
296;328;1.223065;0.025843;0.001459;1.30
296;368;1.223065;0.027302;0.000000;1.31
296;376;1.223065;0.027302;0.000000;1.31
296;384;1.223065;0.027302;0.000000;1.31
296;392;1.223065;0.027302;0.000000;1.31
296;400;1.223065;0.027302;0.000000;1.31
304;  0;1.236520;0.013847;0.000000;0.68
304;  8;1.236520;0.013847;0.000000;0.68
304; 16;1.236520;0.013847;0.000000;0.68
304; 24;1.236520;0.013847;0.000000;0.68
304; 32;1.236520;0.013847;0.000000;0.68
304; 40;1.236520;0.013847;0.000000;0.68
304; 48;1.236520;0.013847;0.000000;0.68
304; 56;1.236520;0.013847;0.000000;0.68
304; 64;1.236520;0.013847;0.000000;0.68
304; 72;1.236520;0.013847;0.000000;0.68
304; 80;1.236520;0.013847;0.000000;0.68
304; 88;1.236520;0.013847;0.000000;0.68
304; 96;1.236520;0.013847;0.000000;0.68
304;104;1.236520;0.013847;0.000000;0.68
304;112;1.236520;0.013847;0.000000;0.68
304;120;1.236520;0.013847;0.000000;0.68
304;128;1.236520;0.013847;0.000000;0.68
304;136;1.236520;0.013847;0.000000;0.68
304;144;1.236520;0.013847;0.000000;0.68
304;152;1.236520;0.013847;0.000000;0.68
304;160;1.236520;0.013847;0.000000;0.68
304;168;1.236520;0.013847;0.000000;0.68
304;176;1.236520;0.013847;0.000000;0.68
304;184;1.236520;0.013847;0.000000;0.68
304;192;1.236520;0.013847;0.000000;0.68
304;200;1.236520;0.013847;0.000000;0.68
304;208;1.236520;0.013847;0.000000;0.68
304;216;1.236520;0.013847;0.000000;0.68
304;224;1.236520;0.013847;0.000000;0.68
304;232;1.236520;0.013847;0.000000;0.68
304;240;1.236520;0.013847;0.000000;0.68
304;248;1.236520;0.013847;0.000000;0.68
304;256;1.236520;0.013847;0.000000;0.68
304;264;1.236520;0.013847;0.000000;0.68
304;272;1.236520;0.013847;0.000000;0.68
304;280;1.236520;0.013847;0.000000;0.68
304;288;1.236520;0.013847;0.000000;0.68
304;296;1.236520;0.013847;0.000000;0.68
304;304;1.236520;0.013847;0.000000;0.68
304;312;1.236520;0.006981;0.006866;0.61
304;320;1.236520;0.010496;0.003351;0.65
304;328;1.236520;0.012388;0.001459;0.66
304;368;1.236520;0.013847;0.000000;0.68
304;376;1.236520;0.013847;0.000000;0.68
304;384;1.236520;0.013847;0.000000;0.68
304;392;1.236520;0.013847;0.000000;0.68
304;400;1.236520;0.013847;0.000000;0.68
312;  0;1.243501;0.006866;0.000000;0.35
312;  8;1.243501;0.006866;0.000000;0.35
312; 16;1.243501;0.006866;0.000000;0.35
312; 24;1.243501;0.006866;0.000000;0.35
312; 32;1.243501;0.006866;0.000000;0.35
312; 40;1.243501;0.006866;0.000000;0.35
312; 48;1.243501;0.006866;0.000000;0.35
312; 56;1.243501;0.006866;0.000000;0.35
312; 64;1.243501;0.006866;0.000000;0.35
312; 72;1.243501;0.006866;0.000000;0.35
312; 80;1.243501;0.006866;0.000000;0.35
312; 88;1.243501;0.006866;0.000000;0.35
312; 96;1.243501;0.006866;0.000000;0.35
312;104;1.243501;0.006866;0.000000;0.35
312;112;1.243501;0.006866;0.000000;0.35
312;120;1.243501;0.006866;0.000000;0.35
312;128;1.243501;0.006866;0.000000;0.35
312;136;1.243501;0.006866;0.000000;0.35
312;144;1.243501;0.006866;0.000000;0.35
312;152;1.243501;0.006866;0.000000;0.35
312;160;1.243501;0.006866;0.000000;0.35
312;168;1.243501;0.006866;0.000000;0.35
312;176;1.243501;0.006866;0.000000;0.35
312;184;1.243501;0.006866;0.000000;0.35
312;192;1.243501;0.006866;0.000000;0.35
312;200;1.243501;0.006866;0.000000;0.35
312;208;1.243501;0.006866;0.000000;0.35
312;216;1.243501;0.006866;0.000000;0.35
312;224;1.243501;0.006866;0.000000;0.35
312;232;1.243501;0.006866;0.000000;0.35
312;240;1.243501;0.006866;0.000000;0.35
312;248;1.243501;0.006866;0.000000;0.35
312;256;1.243501;0.006866;0.000000;0.35
312;264;1.243501;0.006866;0.000000;0.35
312;272;1.243501;0.006866;0.000000;0.35
312;280;1.243501;0.006866;0.000000;0.35
312;288;1.243501;0.006866;0.000000;0.35
312;296;1.243501;0.006866;0.000000;0.35
312;304;1.243501;0.006866;0.000000;0.35
312;312;1.243501;0.006866;0.000000;0.35
312;320;1.243501;0.003515;0.003351;0.32
312;328;1.243501;0.005407;0.001459;0.34
312;368;1.243501;0.006866;0.000000;0.35
312;376;1.243501;0.006866;0.000000;0.35
312;384;1.243501;0.006866;0.000000;0.35
312;392;1.243501;0.006866;0.000000;0.35
312;400;1.243501;0.006866;0.000000;0.35
320;  0;1.247016;0.003351;0.000000;0.17
320;  8;1.247016;0.003351;0.000000;0.17
320; 16;1.247016;0.003351;0.000000;0.17
320; 24;1.247016;0.003351;0.000000;0.17
320; 32;1.247016;0.003351;0.000000;0.17
320; 40;1.247016;0.003351;0.000000;0.17
320; 48;1.247016;0.003351;0.000000;0.17
320; 56;1.247016;0.003351;0.000000;0.17
320; 64;1.247016;0.003351;0.000000;0.17
320; 72;1.247016;0.003351;0.000000;0.17
320; 80;1.247016;0.003351;0.000000;0.17
320; 88;1.247016;0.003351;0.000000;0.17
320; 96;1.247016;0.003351;0.000000;0.17
320;104;1.247016;0.003351;0.000000;0.17
320;112;1.247016;0.003351;0.000000;0.17
320;120;1.247016;0.003351;0.000000;0.17
320;128;1.247016;0.003351;0.000000;0.17
320;136;1.247016;0.003351;0.000000;0.17
320;144;1.247016;0.003351;0.000000;0.17
320;152;1.247016;0.003351;0.000000;0.17
320;160;1.247016;0.003351;0.000000;0.17
320;168;1.247016;0.003351;0.000000;0.17
320;176;1.247016;0.003351;0.000000;0.17
320;184;1.247016;0.003351;0.000000;0.17
320;192;1.247016;0.003351;0.000000;0.17
320;200;1.247016;0.003351;0.000000;0.17
320;208;1.247016;0.003351;0.000000;0.17
320;216;1.247016;0.003351;0.000000;0.17
320;224;1.247016;0.003351;0.000000;0.17
320;232;1.247016;0.003351;0.000000;0.17
320;240;1.247016;0.003351;0.000000;0.17
320;248;1.247016;0.003351;0.000000;0.17
320;256;1.247016;0.003351;0.000000;0.17
320;264;1.247016;0.003351;0.000000;0.17
320;272;1.247016;0.003351;0.000000;0.17
320;280;1.247016;0.003351;0.000000;0.17
320;288;1.247016;0.003351;0.000000;0.17
320;296;1.247016;0.003351;0.000000;0.17
320;304;1.247016;0.003351;0.000000;0.17
320;312;1.247016;0.003351;0.000000;0.17
320;320;1.247016;0.003351;0.000000;0.17
320;328;1.247016;0.001892;0.001459;0.16
320;368;1.247016;0.003351;0.000000;0.17
320;376;1.247016;0.003351;0.000000;0.17
320;384;1.247016;0.003351;0.000000;0.17
320;392;1.247016;0.003351;0.000000;0.17
320;400;1.247016;0.003351;0.000000;0.17
328;  0;1.248908;0.001459;0.000000;0.07
328;  8;1.248908;0.001459;0.000000;0.07
328; 16;1.248908;0.001459;0.000000;0.07
328; 24;1.248908;0.001459;0.000000;0.07
328; 32;1.248908;0.001459;0.000000;0.07
328; 40;1.248908;0.001459;0.000000;0.07
328; 48;1.248908;0.001459;0.000000;0.07
328; 56;1.248908;0.001459;0.000000;0.07
328; 64;1.248908;0.001459;0.000000;0.07
328; 72;1.248908;0.001459;0.000000;0.07
328; 80;1.248908;0.001459;0.000000;0.07
328; 88;1.248908;0.001459;0.000000;0.07
328; 96;1.248908;0.001459;0.000000;0.07
328;104;1.248908;0.001459;0.000000;0.07
328;112;1.248908;0.001459;0.000000;0.07
328;120;1.248908;0.001459;0.000000;0.07
328;128;1.248908;0.001459;0.000000;0.07
328;136;1.248908;0.001459;0.000000;0.07
328;144;1.248908;0.001459;0.000000;0.07
328;152;1.248908;0.001459;0.000000;0.07
328;160;1.248908;0.001459;0.000000;0.07
328;168;1.248908;0.001459;0.000000;0.07
328;176;1.248908;0.001459;0.000000;0.07
328;184;1.248908;0.001459;0.000000;0.07
328;192;1.248908;0.001459;0.000000;0.07
328;200;1.248908;0.001459;0.000000;0.07
328;208;1.248908;0.001459;0.000000;0.07
328;216;1.248908;0.001459;0.000000;0.07
328;224;1.248908;0.001459;0.000000;0.07
328;232;1.248908;0.001459;0.000000;0.07
328;240;1.248908;0.001459;0.000000;0.07
328;248;1.248908;0.001459;0.000000;0.07
328;256;1.248908;0.001459;0.000000;0.07
328;264;1.248908;0.001459;0.000000;0.07
328;272;1.248908;0.001459;0.000000;0.07
328;280;1.248908;0.001459;0.000000;0.07
328;288;1.248908;0.001459;0.000000;0.07
328;296;1.248908;0.001459;0.000000;0.07
328;304;1.248908;0.001459;0.000000;0.07
328;312;1.248908;0.001459;0.000000;0.07
328;320;1.248908;0.001459;0.000000;0.07
328;328;1.248908;0.001459;0.000000;0.07
328;368;1.248908;0.001459;0.000000;0.07
328;376;1.248908;0.001459;0.000000;0.07
328;384;1.248908;0.001459;0.000000;0.07
328;392;1.248908;0.001459;0.000000;0.07
328;400;1.248908;0.001459;0.000000;0.07
336;  0;1.249449;0.000918;0.000000;0.04
336;  8;1.249449;0.000918;0.000000;0.04
336; 16;1.249449;0.000918;0.000000;0.04
336; 24;1.249449;0.000918;0.000000;0.04
336; 32;1.249449;0.000918;0.000000;0.04
336; 40;1.249449;0.000918;0.000000;0.04
336; 48;1.249449;0.000918;0.000000;0.04
336; 56;1.249449;0.000918;0.000000;0.04
336; 64;1.249449;0.000918;0.000000;0.04
336; 72;1.249449;0.000918;0.000000;0.04
336; 80;1.249449;0.000918;0.000000;0.04
336; 88;1.249449;0.000918;0.000000;0.04
336; 96;1.249449;0.000918;0.000000;0.04
336;104;1.249449;0.000918;0.000000;0.04
336;112;1.249449;0.000918;0.000000;0.04
336;120;1.249449;0.000918;0.000000;0.04
336;128;1.249449;0.000918;0.000000;0.04
336;136;1.249449;0.000918;0.000000;0.04
336;144;1.249449;0.000918;0.000000;0.04
336;152;1.249449;0.000918;0.000000;0.04
336;160;1.249449;0.000918;0.000000;0.04
336;168;1.249449;0.000918;0.000000;0.04
336;176;1.249449;0.000918;0.000000;0.04
336;184;1.249449;0.000918;0.000000;0.04
336;192;1.249449;0.000918;0.000000;0.04
336;200;1.249449;0.000918;0.000000;0.04
336;208;1.249449;0.000918;0.000000;0.04
336;216;1.249449;0.000918;0.000000;0.04
336;224;1.249449;0.000918;0.000000;0.04
336;232;1.249449;0.000918;0.000000;0.04
336;240;1.249449;0.000918;0.000000;0.04
336;248;1.249449;0.000918;0.000000;0.04
336;256;1.249449;0.000918;0.000000;0.04
336;264;1.249449;0.000918;0.000000;0.04
336;272;1.249449;0.000918;0.000000;0.04
336;280;1.249449;0.000918;0.000000;0.04
336;288;1.249449;0.000918;0.000000;0.04
336;296;1.249449;0.000918;0.000000;0.04
336;304;1.249449;0.000918;0.000000;0.04
336;312;1.249449;0.000918;0.000000;0.04
336;320;1.249449;0.000918;0.000000;0.04
336;328;1.249449;0.000918;0.000000;0.04
336;336;1.249449;0.000918;0.000000;0.04
336;344;1.249449;0.000681;0.000237;0.04
336;352;1.249449;0.000681;0.000237;0.04
336;360;1.249449;0.000681;0.000237;0.04
336;368;1.249449;0.000918;0.000000;0.04
336;376;1.249449;0.000918;0.000000;0.04
336;384;1.249449;0.000918;0.000000;0.04
336;392;1.249449;0.000918;0.000000;0.04
336;400;1.249449;0.000918;0.000000;0.04
344;  0;1.250130;0.000237;0.000000;0.01
344;  8;1.250130;0.000237;0.000000;0.01
344; 16;1.250130;0.000237;0.000000;0.01
344; 24;1.250130;0.000237;0.000000;0.01
344; 32;1.250130;0.000237;0.000000;0.01
344; 40;1.250130;0.000237;0.000000;0.01
344; 48;1.250130;0.000237;0.000000;0.01
344; 56;1.250130;0.000237;0.000000;0.01
344; 64;1.250130;0.000237;0.000000;0.01
344; 72;1.250130;0.000237;0.000000;0.01
344; 80;1.250130;0.000237;0.000000;0.01
344; 88;1.250130;0.000237;0.000000;0.01
344; 96;1.250130;0.000237;0.000000;0.01
344;104;1.250130;0.000237;0.000000;0.01
344;112;1.250130;0.000237;0.000000;0.01
344;120;1.250130;0.000237;0.000000;0.01
344;128;1.250130;0.000237;0.000000;0.01
344;136;1.250130;0.000237;0.000000;0.01
344;144;1.250130;0.000237;0.000000;0.01
344;152;1.250130;0.000237;0.000000;0.01
344;160;1.250130;0.000237;0.000000;0.01
344;168;1.250130;0.000237;0.000000;0.01
344;176;1.250130;0.000237;0.000000;0.01
344;184;1.250130;0.000237;0.000000;0.01
344;192;1.250130;0.000237;0.000000;0.01
344;200;1.250130;0.000237;0.000000;0.01
344;208;1.250130;0.000237;0.000000;0.01
344;216;1.250130;0.000237;0.000000;0.01
344;224;1.250130;0.000237;0.000000;0.01
344;232;1.250130;0.000237;0.000000;0.01
344;240;1.250130;0.000237;0.000000;0.01
344;248;1.250130;0.000237;0.000000;0.01
344;256;1.250130;0.000237;0.000000;0.01
344;264;1.250130;0.000237;0.000000;0.01
344;272;1.250130;0.000237;0.000000;0.01
344;280;1.250130;0.000237;0.000000;0.01
344;288;1.250130;0.000237;0.000000;0.01
344;296;1.250130;0.000237;0.000000;0.01
344;304;1.250130;0.000237;0.000000;0.01
344;312;1.250130;0.000237;0.000000;0.01
344;320;1.250130;0.000237;0.000000;0.01
344;328;1.250130;0.000237;0.000000;0.01
344;336;1.250130;0.000237;0.000000;0.01
344;344;1.250130;0.000237;0.000000;0.01
344;352;1.250130;0.000000;0.000237;0.00
344;360;1.250130;0.000000;0.000237;0.00
344;368;1.250130;0.000237;0.000000;0.01
344;376;1.250130;0.000237;0.000000;0.01
344;384;1.250130;0.000237;0.000000;0.01
344;392;1.250130;0.000237;0.000000;0.01
344;400;1.250130;0.000237;0.000000;0.01
352;  0;1.250130;0.000237;0.000000;0.01
352;  8;1.250130;0.000237;0.000000;0.01
352; 16;1.250130;0.000237;0.000000;0.01
352; 24;1.250130;0.000237;0.000000;0.01
352; 32;1.250130;0.000237;0.000000;0.01
352; 40;1.250130;0.000237;0.000000;0.01
352; 48;1.250130;0.000237;0.000000;0.01
352; 56;1.250130;0.000237;0.000000;0.01
352; 64;1.250130;0.000237;0.000000;0.01
352; 72;1.250130;0.000237;0.000000;0.01
352; 80;1.250130;0.000237;0.000000;0.01
352; 88;1.250130;0.000237;0.000000;0.01
352; 96;1.250130;0.000237;0.000000;0.01
352;104;1.250130;0.000237;0.000000;0.01
352;112;1.250130;0.000237;0.000000;0.01
352;120;1.250130;0.000237;0.000000;0.01
352;128;1.250130;0.000237;0.000000;0.01
352;136;1.250130;0.000237;0.000000;0.01
352;144;1.250130;0.000237;0.000000;0.01
352;152;1.250130;0.000237;0.000000;0.01
352;160;1.250130;0.000237;0.000000;0.01
352;168;1.250130;0.000237;0.000000;0.01
352;176;1.250130;0.000237;0.000000;0.01
352;184;1.250130;0.000237;0.000000;0.01
352;192;1.250130;0.000237;0.000000;0.01
352;200;1.250130;0.000237;0.000000;0.01
352;208;1.250130;0.000237;0.000000;0.01
352;216;1.250130;0.000237;0.000000;0.01
352;224;1.250130;0.000237;0.000000;0.01
352;232;1.250130;0.000237;0.000000;0.01
352;240;1.250130;0.000237;0.000000;0.01
352;248;1.250130;0.000237;0.000000;0.01
352;256;1.250130;0.000237;0.000000;0.01
352;264;1.250130;0.000237;0.000000;0.01
352;272;1.250130;0.000237;0.000000;0.01
352;280;1.250130;0.000237;0.000000;0.01
352;288;1.250130;0.000237;0.000000;0.01
352;296;1.250130;0.000237;0.000000;0.01
352;304;1.250130;0.000237;0.000000;0.01
352;312;1.250130;0.000237;0.000000;0.01
352;320;1.250130;0.000237;0.000000;0.01
352;328;1.250130;0.000237;0.000000;0.01
352;336;1.250130;0.000237;0.000000;0.01
352;344;1.250130;0.000237;0.000000;0.01
352;352;1.250130;0.000237;0.000000;0.01
352;360;1.250130;0.000000;0.000237;0.00
352;368;1.250130;0.000237;0.000000;0.01
352;376;1.250130;0.000237;0.000000;0.01
352;384;1.250130;0.000237;0.000000;0.01
352;392;1.250130;0.000237;0.000000;0.01
352;400;1.250130;0.000237;0.000000;0.01
360;  0;1.250130;0.000237;0.000000;0.01
360;  8;1.250130;0.000237;0.000000;0.01
360; 16;1.250130;0.000237;0.000000;0.01
360; 24;1.250130;0.000237;0.000000;0.01
360; 32;1.250130;0.000237;0.000000;0.01
360; 40;1.250130;0.000237;0.000000;0.01
360; 48;1.250130;0.000237;0.000000;0.01
360; 56;1.250130;0.000237;0.000000;0.01
360; 64;1.250130;0.000237;0.000000;0.01
360; 72;1.250130;0.000237;0.000000;0.01
360; 80;1.250130;0.000237;0.000000;0.01
360; 88;1.250130;0.000237;0.000000;0.01
360; 96;1.250130;0.000237;0.000000;0.01
360;104;1.250130;0.000237;0.000000;0.01
360;112;1.250130;0.000237;0.000000;0.01
360;120;1.250130;0.000237;0.000000;0.01
360;128;1.250130;0.000237;0.000000;0.01
360;136;1.250130;0.000237;0.000000;0.01
360;144;1.250130;0.000237;0.000000;0.01
360;152;1.250130;0.000237;0.000000;0.01
360;160;1.250130;0.000237;0.000000;0.01
360;168;1.250130;0.000237;0.000000;0.01
360;176;1.250130;0.000237;0.000000;0.01
360;184;1.250130;0.000237;0.000000;0.01
360;192;1.250130;0.000237;0.000000;0.01
360;200;1.250130;0.000237;0.000000;0.01
360;208;1.250130;0.000237;0.000000;0.01
360;216;1.250130;0.000237;0.000000;0.01
360;224;1.250130;0.000237;0.000000;0.01
360;232;1.250130;0.000237;0.000000;0.01
360;240;1.250130;0.000237;0.000000;0.01
360;248;1.250130;0.000237;0.000000;0.01
360;256;1.250130;0.000237;0.000000;0.01
360;264;1.250130;0.000237;0.000000;0.01
360;272;1.250130;0.000237;0.000000;0.01
360;280;1.250130;0.000237;0.000000;0.01
360;288;1.250130;0.000237;0.000000;0.01
360;296;1.250130;0.000237;0.000000;0.01
360;304;1.250130;0.000237;0.000000;0.01
360;312;1.250130;0.000237;0.000000;0.01
360;320;1.250130;0.000237;0.000000;0.01
360;328;1.250130;0.000237;0.000000;0.01
360;336;1.250130;0.000237;0.000000;0.01
360;344;1.250130;0.000237;0.000000;0.01
360;352;1.250130;0.000237;0.000000;0.01
360;360;1.250130;0.000237;0.000000;0.01
360;368;1.250130;0.000237;0.000000;0.01
360;376;1.250130;0.000237;0.000000;0.01
360;384;1.250130;0.000237;0.000000;0.01
360;392;1.250130;0.000237;0.000000;0.01
360;400;1.250130;0.000237;0.000000;0.01
368;  0;1.250367;0.000000;0.000000;0.00
368;  8;1.250367;0.000000;0.000000;0.00
368; 16;1.250367;0.000000;0.000000;0.00
368; 24;1.250367;0.000000;0.000000;0.00
368; 32;1.250367;0.000000;0.000000;0.00
368; 40;1.250367;0.000000;0.000000;0.00
368; 48;1.250367;0.000000;0.000000;0.00
368; 56;1.250367;0.000000;0.000000;0.00
368; 64;1.250367;0.000000;0.000000;0.00
368; 72;1.250367;0.000000;0.000000;0.00
368; 80;1.250367;0.000000;0.000000;0.00
368; 88;1.250367;0.000000;0.000000;0.00
368; 96;1.250367;0.000000;0.000000;0.00
368;104;1.250367;0.000000;0.000000;0.00
368;112;1.250367;0.000000;0.000000;0.00
368;120;1.250367;0.000000;0.000000;0.00
368;128;1.250367;0.000000;0.000000;0.00
368;136;1.250367;0.000000;0.000000;0.00
368;144;1.250367;0.000000;0.000000;0.00
368;152;1.250367;0.000000;0.000000;0.00
368;160;1.250367;0.000000;0.000000;0.00
368;168;1.250367;0.000000;0.000000;0.00
368;176;1.250367;0.000000;0.000000;0.00
368;184;1.250367;0.000000;0.000000;0.00
368;192;1.250367;0.000000;0.000000;0.00
368;200;1.250367;0.000000;0.000000;0.00
368;208;1.250367;0.000000;0.000000;0.00
368;216;1.250367;0.000000;0.000000;0.00
368;224;1.250367;0.000000;0.000000;0.00
368;232;1.250367;0.000000;0.000000;0.00
368;240;1.250367;0.000000;0.000000;0.00
368;248;1.250367;0.000000;0.000000;0.00
368;256;1.250367;0.000000;0.000000;0.00
368;264;1.250367;0.000000;0.000000;0.00
368;272;1.250367;0.000000;0.000000;0.00
368;280;1.250367;0.000000;0.000000;0.00
368;288;1.250367;0.000000;0.000000;0.00
368;296;1.250367;0.000000;0.000000;0.00
368;304;1.250367;0.000000;0.000000;0.00
368;312;1.250367;0.000000;0.000000;0.00
368;320;1.250367;0.000000;0.000000;0.00
368;328;1.250367;0.000000;0.000000;0.00
368;336;1.250367;0.000000;0.000000;0.00
368;344;1.250367;0.000000;0.000000;0.00
368;352;1.250367;0.000000;0.000000;0.00
368;360;1.250367;0.000000;0.000000;0.00
368;368;1.250367;0.000000;0.000000;0.00
368;376;1.250367;0.000000;0.000000;0.00
368;384;1.250367;0.000000;0.000000;0.00
368;392;1.250367;0.000000;0.000000;0.00
368;400;1.250367;0.000000;0.000000;0.00
376;  0;1.250367;0.000000;0.000000;0.00
376;  8;1.250367;0.000000;0.000000;0.00
376; 16;1.250367;0.000000;0.000000;0.00
376; 24;1.250367;0.000000;0.000000;0.00
376; 32;1.250367;0.000000;0.000000;0.00
376; 40;1.250367;0.000000;0.000000;0.00
376; 48;1.250367;0.000000;0.000000;0.00
376; 56;1.250367;0.000000;0.000000;0.00
376; 64;1.250367;0.000000;0.000000;0.00
376; 72;1.250367;0.000000;0.000000;0.00
376; 80;1.250367;0.000000;0.000000;0.00
376; 88;1.250367;0.000000;0.000000;0.00
376; 96;1.250367;0.000000;0.000000;0.00
376;104;1.250367;0.000000;0.000000;0.00
376;112;1.250367;0.000000;0.000000;0.00
376;120;1.250367;0.000000;0.000000;0.00
376;128;1.250367;0.000000;0.000000;0.00
376;136;1.250367;0.000000;0.000000;0.00
376;144;1.250367;0.000000;0.000000;0.00
376;152;1.250367;0.000000;0.000000;0.00
376;160;1.250367;0.000000;0.000000;0.00
376;168;1.250367;0.000000;0.000000;0.00
376;176;1.250367;0.000000;0.000000;0.00
376;184;1.250367;0.000000;0.000000;0.00
376;192;1.250367;0.000000;0.000000;0.00
376;200;1.250367;0.000000;0.000000;0.00
376;208;1.250367;0.000000;0.000000;0.00
376;216;1.250367;0.000000;0.000000;0.00
376;224;1.250367;0.000000;0.000000;0.00
376;232;1.250367;0.000000;0.000000;0.00
376;240;1.250367;0.000000;0.000000;0.00
376;248;1.250367;0.000000;0.000000;0.00
376;256;1.250367;0.000000;0.000000;0.00
376;264;1.250367;0.000000;0.000000;0.00
376;272;1.250367;0.000000;0.000000;0.00
376;280;1.250367;0.000000;0.000000;0.00
376;288;1.250367;0.000000;0.000000;0.00
376;296;1.250367;0.000000;0.000000;0.00
376;304;1.250367;0.000000;0.000000;0.00
376;312;1.250367;0.000000;0.000000;0.00
376;320;1.250367;0.000000;0.000000;0.00
376;328;1.250367;0.000000;0.000000;0.00
376;336;1.250367;0.000000;0.000000;0.00
376;344;1.250367;0.000000;0.000000;0.00
376;352;1.250367;0.000000;0.000000;0.00
376;360;1.250367;0.000000;0.000000;0.00
376;368;1.250367;0.000000;0.000000;0.00
376;376;1.250367;0.000000;0.000000;0.00
376;384;1.250367;0.000000;0.000000;0.00
376;392;1.250367;0.000000;0.000000;0.00
376;400;1.250367;0.000000;0.000000;0.00
384;  0;1.250367;0.000000;0.000000;0.00
384;  8;1.250367;0.000000;0.000000;0.00
384; 16;1.250367;0.000000;0.000000;0.00
384; 24;1.250367;0.000000;0.000000;0.00
384; 32;1.250367;0.000000;0.000000;0.00
384; 40;1.250367;0.000000;0.000000;0.00
384; 48;1.250367;0.000000;0.000000;0.00
384; 56;1.250367;0.000000;0.000000;0.00
384; 64;1.250367;0.000000;0.000000;0.00
384; 72;1.250367;0.000000;0.000000;0.00
384; 80;1.250367;0.000000;0.000000;0.00
384; 88;1.250367;0.000000;0.000000;0.00
384; 96;1.250367;0.000000;0.000000;0.00
384;104;1.250367;0.000000;0.000000;0.00
384;112;1.250367;0.000000;0.000000;0.00
384;120;1.250367;0.000000;0.000000;0.00
384;128;1.250367;0.000000;0.000000;0.00
384;136;1.250367;0.000000;0.000000;0.00
384;144;1.250367;0.000000;0.000000;0.00
384;152;1.250367;0.000000;0.000000;0.00
384;160;1.250367;0.000000;0.000000;0.00
384;168;1.250367;0.000000;0.000000;0.00
384;176;1.250367;0.000000;0.000000;0.00
384;184;1.250367;0.000000;0.000000;0.00
384;192;1.250367;0.000000;0.000000;0.00
384;200;1.250367;0.000000;0.000000;0.00
384;208;1.250367;0.000000;0.000000;0.00
384;216;1.250367;0.000000;0.000000;0.00
384;224;1.250367;0.000000;0.000000;0.00
384;232;1.250367;0.000000;0.000000;0.00
384;240;1.250367;0.000000;0.000000;0.00
384;248;1.250367;0.000000;0.000000;0.00
384;256;1.250367;0.000000;0.000000;0.00
384;264;1.250367;0.000000;0.000000;0.00
384;272;1.250367;0.000000;0.000000;0.00
384;280;1.250367;0.000000;0.000000;0.00
384;288;1.250367;0.000000;0.000000;0.00
384;296;1.250367;0.000000;0.000000;0.00
384;304;1.250367;0.000000;0.000000;0.00
384;312;1.250367;0.000000;0.000000;0.00
384;320;1.250367;0.000000;0.000000;0.00
384;328;1.250367;0.000000;0.000000;0.00
384;336;1.250367;0.000000;0.000000;0.00
384;344;1.250367;0.000000;0.000000;0.00
384;352;1.250367;0.000000;0.000000;0.00
384;360;1.250367;0.000000;0.000000;0.00
384;368;1.250367;0.000000;0.000000;0.00
384;376;1.250367;0.000000;0.000000;0.00
384;384;1.250367;0.000000;0.000000;0.00
384;392;1.250367;0.000000;0.000000;0.00
384;400;1.250367;0.000000;0.000000;0.00
392;  0;1.250367;0.000000;0.000000;0.00
392;  8;1.250367;0.000000;0.000000;0.00
392; 16;1.250367;0.000000;0.000000;0.00
392; 24;1.250367;0.000000;0.000000;0.00
392; 32;1.250367;0.000000;0.000000;0.00
392; 40;1.250367;0.000000;0.000000;0.00
392; 48;1.250367;0.000000;0.000000;0.00
392; 56;1.250367;0.000000;0.000000;0.00
392; 64;1.250367;0.000000;0.000000;0.00
392; 72;1.250367;0.000000;0.000000;0.00
392; 80;1.250367;0.000000;0.000000;0.00
392; 88;1.250367;0.000000;0.000000;0.00
392; 96;1.250367;0.000000;0.000000;0.00
392;104;1.250367;0.000000;0.000000;0.00
392;112;1.250367;0.000000;0.000000;0.00
392;120;1.250367;0.000000;0.000000;0.00
392;128;1.250367;0.000000;0.000000;0.00
392;136;1.250367;0.000000;0.000000;0.00
392;144;1.250367;0.000000;0.000000;0.00
392;152;1.250367;0.000000;0.000000;0.00
392;160;1.250367;0.000000;0.000000;0.00
392;168;1.250367;0.000000;0.000000;0.00
392;176;1.250367;0.000000;0.000000;0.00
392;184;1.250367;0.000000;0.000000;0.00
392;192;1.250367;0.000000;0.000000;0.00
392;200;1.250367;0.000000;0.000000;0.00
392;208;1.250367;0.000000;0.000000;0.00
392;216;1.250367;0.000000;0.000000;0.00
392;224;1.250367;0.000000;0.000000;0.00
392;232;1.250367;0.000000;0.000000;0.00
392;240;1.250367;0.000000;0.000000;0.00
392;248;1.250367;0.000000;0.000000;0.00
392;256;1.250367;0.000000;0.000000;0.00
392;264;1.250367;0.000000;0.000000;0.00
392;272;1.250367;0.000000;0.000000;0.00
392;280;1.250367;0.000000;0.000000;0.00
392;288;1.250367;0.000000;0.000000;0.00
392;296;1.250367;0.000000;0.000000;0.00
392;304;1.250367;0.000000;0.000000;0.00
392;312;1.250367;0.000000;0.000000;0.00
392;320;1.250367;0.000000;0.000000;0.00
392;328;1.250367;0.000000;0.000000;0.00
392;336;1.250367;0.000000;0.000000;0.00
392;344;1.250367;0.000000;0.000000;0.00
392;352;1.250367;0.000000;0.000000;0.00
392;360;1.250367;0.000000;0.000000;0.00
392;368;1.250367;0.000000;0.000000;0.00
392;376;1.250367;0.000000;0.000000;0.00
392;384;1.250367;0.000000;0.000000;0.00
392;392;1.250367;0.000000;0.000000;0.00
392;400;1.250367;0.000000;0.000000;0.00
400;  0;1.250367;0.000000;0.000000;0.00
400;  8;1.250367;0.000000;0.000000;0.00
400; 16;1.250367;0.000000;0.000000;0.00
400; 24;1.250367;0.000000;0.000000;0.00
400; 32;1.250367;0.000000;0.000000;0.00
400; 40;1.250367;0.000000;0.000000;0.00
400; 48;1.250367;0.000000;0.000000;0.00
400; 56;1.250367;0.000000;0.000000;0.00
400; 64;1.250367;0.000000;0.000000;0.00
400; 72;1.250367;0.000000;0.000000;0.00
400; 80;1.250367;0.000000;0.000000;0.00
400; 88;1.250367;0.000000;0.000000;0.00
400; 96;1.250367;0.000000;0.000000;0.00
400;104;1.250367;0.000000;0.000000;0.00
400;112;1.250367;0.000000;0.000000;0.00
400;120;1.250367;0.000000;0.000000;0.00
400;128;1.250367;0.000000;0.000000;0.00
400;136;1.250367;0.000000;0.000000;0.00
400;144;1.250367;0.000000;0.000000;0.00
400;152;1.250367;0.000000;0.000000;0.00
400;160;1.250367;0.000000;0.000000;0.00
400;168;1.250367;0.000000;0.000000;0.00
400;176;1.250367;0.000000;0.000000;0.00
400;184;1.250367;0.000000;0.000000;0.00
400;192;1.250367;0.000000;0.000000;0.00
400;200;1.250367;0.000000;0.000000;0.00
400;208;1.250367;0.000000;0.000000;0.00
400;216;1.250367;0.000000;0.000000;0.00
400;224;1.250367;0.000000;0.000000;0.00
400;232;1.250367;0.000000;0.000000;0.00
400;240;1.250367;0.000000;0.000000;0.00
400;248;1.250367;0.000000;0.000000;0.00
400;256;1.250367;0.000000;0.000000;0.00
400;264;1.250367;0.000000;0.000000;0.00
400;272;1.250367;0.000000;0.000000;0.00
400;280;1.250367;0.000000;0.000000;0.00
400;288;1.250367;0.000000;0.000000;0.00
400;296;1.250367;0.000000;0.000000;0.00
400;304;1.250367;0.000000;0.000000;0.00
400;312;1.250367;0.000000;0.000000;0.00
400;320;1.250367;0.000000;0.000000;0.00
400;328;1.250367;0.000000;0.000000;0.00
400;336;1.250367;0.000000;0.000000;0.00
400;344;1.250367;0.000000;0.000000;0.00
400;352;1.250367;0.000000;0.000000;0.00
400;360;1.250367;0.000000;0.000000;0.00
400;368;1.250367;0.000000;0.000000;0.00
400;376;1.250367;0.000000;0.000000;0.00
400;384;1.250367;0.000000;0.000000;0.00
400;392;1.250367;0.000000;0.000000;0.00
400;400;1.250367;0.000000;0.000000;0.00
