    268     282
    550     600
    954     973
   1104    1292
   1560    1650
   2078    2237
   2604    2695
   3194    3532
   3882    4267
   4767    4908
   4964    4988
   5072    5103
   5581    5792
   6119    6222
   6341    6507
   6733    6941
   7008    7109
   7135    7218
   7310    7637
   7881    8056
   8287    8622
   8650    8751
   9172    9328
   9526    9535
   9642    9862
  10139   10520
  11001   11278
  11305   11629
  11673   11989
  12227   12374
  12467   12607
  12874   12893
  13268   13409
  13739   13815
  14157   14246
  14314   14711
  14921   15011
  15402   15431
  15586   15662
  16087   16300
  16347   16734
  17155   17417
  17654   17941
  18327   18537
  18810   19059
  19490   19822
  19846   19971
  20265   20429
  20818   20908
  21284   21295
  21414   21696
  21945   22087
  22371   22458
  22803   22895
  23128   23346
  23382   23545
  23898   24091
  24365   24725
  25053   25158
  25419   25814
  25945   26339
  26822   27144
  27196   27374
  27544   27620
  27926   28239
  28358   28754
  28996   29057
  29379   29544
  30025   30128
  30247   30491
  30981   31200
  31476   31721
  31856   32154
  32558   32602
  32727   33118
  33179   33458
  33685   33689
  33692   34038
  34374   34645
  35003   35006
  35171   35346
  35550   35642
  36003   36168
  36430   36490
  36526   36626
  36789   36855
  37314   37348
  37767   38061
  38068   38199
  38663   39000
  39446   39522
  39694   39705
  39784   40152
  40165   40338
  40752   41116
  41470   41490
  41930   42306
  42488   42826
  43022   43365
  43862   44223
  44351   44576
  44814   45092
  45288   45590
  45905   46259
  46261   46491
  46592   46668
  46854   47218
  47349   47716
  48099   48355
  48580   48769
  49147   49268
  49731   50010
  50047   50087
  50585   50693
  50782   50790
  51015   51339
  51453   51593
  51794   52177
  52339   52355
  52513   52663
  52776   53154
  53435   53624
  53843   53953
  54220   54357
  54749   54823
  54841   54931
  54959   55213
  55282   55425
  55510   55647
  56007   56142
  56230   56279
  56455   56810
  56862   57023
  57369   57634
  58127   58475
  58582   58904
  58997   59233
  59355   59424
  59511   59878
  59953   60086
  60170   60448
  60841   60983
  61056   61181
  61606   61666
  61738   61757
  62053   62207
  62367   62657
  62716   62862
  63052   63332
  63767   64046
  64080   64250
  64433   64438
  64472   64573
  65039   65109
  65467   65680
  66067   66381
  66494   66764
  67151   67331
  67677   67847
  68278   68581
  69024   69319
  69448   69806
  70012   70230
  70503   70903
  71114   71232
  71232   71313
  71386   71542
  72003   72076
  72324   72407
  72574   72669
  73168   73562
  73911   74299
  74464   74758
  74898   75287
  75296   75364
  75404   75551
  75951   76119
  76549   76553
  77023   77059
  77481   77789
  78246   78515
  78810   78852
  78949   79105
  79427   79756
  80224   80306
  80462   80814
  80981   81149
  81432   81466
  81804   82191
  82583   82831
  83258   83603
  83660   84029
  84149   84189
  84583   84969
  85127   85411
  85646   85853
  86339   86434
  86620   86787
  87127   87268
  87379   87745
  88163   88543
  88595   88614
  88685   88957
  89145   89536
  89732   89858
  89988   90008
  90044   90201
  90435   90751
  90878   91111
  91512   91594
  91980   92312
  92373   92703
  92862   92885
  92932   93190
  93198   93596
  93609   93669
  93817   93848
  93929   94125
  94161   94181
  94669   94705
  94748   94912
  95311   95342
  95586   95814
  95932   96123
  96331   96730
  96750   96856
  96920   97192
  97253   97300
  97562   97646
  97702   97868
  98207   98235
  98310   98515
  98755   98920
  99289   99400
  99665   99870
 100227  100624
 100702  100811
 101059  101422
 101758  101926
 101986  102057
 102198  102300
 102496  102524
 102867  102904
 103301  103643
 104094  104097
 104232  104620
 104695  104715
 105089  105396
 105510  105601
 105991  106161
 106479  106591
 107042  107439
 107776  107933
 108030  108341
 108664  109008
 109213  109251
 109377  109459
 109535  109782
 109911  110158
 110353  110454
 110681  110791
 111237  111255
 111537  111838
 112289  112487
 112671  113009
 113043  113188
 113386  113635
 113725  113873
 114157  114392
 114760  114862
 115005  115297
 115598  115628
 115750  116060
 116442  116666
 117047  117397
 117562  117837
 118313  118665
 119128  119521
 119540  119729
 119761  120143
 120402  120681
 121168  121371
 121765  121791
 122040  122403
 122787  123186
 123224  123288
 123483  123489
 123533  123914
 124126  124433
 124826  125030
 125178  125389
 125464  125715
 126043  126340
 126397  126752
 127144  127461
 127617  127876
 128193  128444
 128474  128856
 128940  128949
 129229  129323
 129586  129869
 130324  130409
 130904  131115
 131479  131529
 131637  131736
 131934  132179
 132248  132265
 132614  132723
 132738  132948
 133258  133373
 133492  133580
 133601  133837
 134095  134326
 134599  134997
 135151  135349
 135615  135921
 135951  136260
 136597  136615
 136986  137320
 137709  138018
 138442  138656
 138666  138962
 139167  139449
 139514  139763
 140220  140301
 140670  140989
 141120  141171
 141290  141379
 141458  141631
 142086  142374
 142480  142529
 142910  143123
 143152  143209
 143389  143716
 143743  143776
 143854  144210
 144348  144469
 144792  144866
 145228  145404
 145863  146076
 146084  146414
 146611  146669
 146862  147259
 147412  147727
 148066  148143
 148311  148317
 148695  148924
 149197  149315
 149786  150065
 150458  150840
 151144  151423
 151762  152059
 152370  152470
 152615  152915
 152919  153290
 153559  153931
 154371  154745
 154834  155212
 155613  155696
 156133  156217
 156715  156839
 157338  157546
 157921  158039
 158531  158740
 159224  159282
 159645  159884
 159906  160057
 160536  160755
 160776  161074
 161566  161812
 162129  162144
 162346  162701
 162807  162897
 163382  163567
 163595  163670
 163989  164010
 164074  164381
 164827  164894
 165122  165166
 165650  165652
 166004  166108
 166411  166725
 166798  166825
 166868  167265
 167337  167569
 167788  168058
 168068  168303
 168779  169174
 169534  169664
 169881  170105
 170405  170423
 170842  171054
 171457  171574
 171906  172135
 172325  172549
 172617  172627
 172722  172908
 173098  173436
 173562  173930
 174052  174392
 174806  174868
 175051  175258
 175562  175620
 175879  176178
 176527  176573
 176731  176996
 177465  177691
 178179  178472
 178917  179262
 179676  180058
 180524  180613
 180771  181125
 181414  181755
 182235  182411
 182753  182925
 183173  183312
 183727  184042
 184114  184358
 184748  184784
 185237  185509
 185932  186182
 186428  186572
 186738  186826
 187184  187187
 187570  187923
 188083  188122
 188383  188713
 189042  189350
 189437  189707
 190049  190191
 190443  190638
 191093  191383
 191403  191437
 191699  191988
 192134  192271
 192350  192512
 192807  193071
 193333  193499
 193665  193940
 194198  194319
 194656  194855
 194861  195244
 195686  195733
 195996  196295
 196718  196797
 196951  197272
 197476  197781
 198211  198337
 198633  199014
 199086  199271
 199417  199816
 200230  200532
 200789  201076
 201307  201333
 201447  201825
 201875  202238
 202307  202694
 202967  203166
 203324  203623
 204035  204374
 204659  205036
 205526  205675
 205737  205741
 206111  206494
 206949  207182
 207534  207734
 207788  208186
 208609  208741
 209095  209097
 209246  209554
 209681  210036
 210351  210708
 211010  211307
 211387  211662
 211980  212150
 212646  212752
 213070  213222
 213530  213623
 213778  213958
 214101  214478
 214736  215077
 215414  215428
 215877  216136
 216401  216774
 217058  217284
 217399  217521
 217847  217883
 217950  218189
 218424  218606
 218783  218908
 219005  219082
 219398  219601
 219702  219812
 219813  220031
 220454  220707
 221193  221224
 221297  221303
 221719  221795
 221888  222216
 222678  222710
 223065  223416
 223844  224195
 224529  224885
 225291  225666
 226003  226085
 226127  226190
 226367  226561
 226936  227132
 227364  227452
 227629  227647
 227759  228116
 228411  228674
 228759  228788
 229129  229271
 229433  229804
 230030  230408
 230822  230937
 230951  231208
 231274  231616
 232021  232042
 232182  232398
 232739  232934
 233144  233218
 233463  233694
 234055  234229
 234269  234449
 234787  235054
 235472  235559
 235988  236187
 236561  236739
 236900  237038
 237135  237459
 237669  237952
 237966  238319
 238613  238856
 239100  239252
 239700  239782
 240186  240424
 240543  240736
 240960  241198
 241444  241459
 241912  242076
 242510  242753
 243027  243074
 243146  243246
 243620  243692
 243694  243911
 244035  244343
 244757  244895
 244962  244987
 245154  245225
 245535  245865
 246047  246432
 246755  246981
 247372  247618
 247621  248018
 248155  248531
 248532  248693
 248872  248979
 249358  249558
 249756  249889
 250151  250178
 250611  250895
 251100  251160
 251254  251349
 251631  251979
 252362  252593
 253054  253224
 253638  254033
 254364  254480
 254890  255034
 255414  255506
 255669  255725
 256116  256210
 256645  256897
 257225  257312
 257600  257684
 258048  258075
 258118  258438
 258492  258532
 258767  258821
 259280  259493
 259514  259725
 259840  259911
 260262  260462
 260672  260887
 261096  261354
 261560  261923
 262384  262653
 262701  262836
 263098  263332
 263412  263647
 263988  264127
 264497  264775
 265201  265371
 265595  265842
 266070  266446
 266698  266727
 266861  267028
 267466  267573
 267889  268134
 268413  268692
 269096  269127
 269272  269318
 269433  269566
 269920  270269
 270765  270956
 271333  271370
 271443  271558
 271849  271993
 272481  272598
 272783  273021
 273453  273472
 273826  274109
 274156  274320
 274362  274737
 274750  275139
 275543  275819
 276217  276269
 276490  276850
 277155  277491
 277622  277743
 278011  278218
 278229  278298
 278455  278852
 279103  279350
 279465  279677
 280118  280150
 280617  280913
 281112  281231
 281645  281696
 281722  281803
 281870  282265
 282759  283155
 283351  283423
 283907  284039
 284097  284253
 284620  284773
 285018  285030
 285148  285449
 285702  286094
 286311  286586
 287005  287343
 287520  287587
 287986  288008
 288364  288455
 288931  289187
 289459  289857
 289945  290299
 290428  290716
 291206  291314
 291649  291881
 292153  292176
 292354  292458
 292798  293048
 293278  293402
 293475  293521
 293563  293932
 294362  294494
 294555  294723
 294831  295187
 295623  295704
 296136  296321
 296321  296508
 296765  296851
 297151  297289
 297593  297899
 298088  298140
 298251  298259
 298486  298837
 299194  299255
 299488  299563
 299692  300072
 300101  300480
 300699  300923
 300927  301097
 301120  301403
 301545  301886
 302200  302483
 302918  302990
 303467  303590
 303820  304116
 304459  304794
 304803  305018
 305392  305732
 306152  306446
 306857  307197
 307405  307598
 307870  307889
 307990  308140
 308495  308694
 309017  309206
 309668  310052
 310495  310670
 310683  310996
 311027  311201
 311302  311595
 311912  312311
 312545  312670
 312897  313081
 313245  313395
 313543  313592
 314046  314255
 314698  315029
 315469  315600
 316003  316144
 316542  316649
 316914  317026
 317191  317377
 317647  317769
 318059  318219
 318500  318743
 319041  319054
 319468  319698
 319948  320039
 320238  320620
 320947  321126
 321507  321596
 321790  321807
 322106  322341
 322532  322812
 322975  322999
 323215  323295
 323668  323943
 324002  324375
 324764  324930
 325403  325468
 325838  326112
 326576  326752
 326953  327183
 327362  327401
 327635  327712
 328092  328356
 328838  329064
 329383  329414
 329580  329926
 330039  330369
 330695  330787
 331033  331042
 331423  331497
 331592  331886
 331980  332232
 332247  332513
 332685  332822
 333068  333120
 333530  333796
 333930  334121
 334311  334349
 334597  334682
 334858  335170
 335477  335828
 336205  336229
 336583  336683
 336901  337111
 337395  337674
 337697  338013
 338485  338769
 339077  339434
 339673  339679
 340057  340429
 340887  341116
 341491  341890
 341979  342171
 342613  342683
 343088  343406
 343799  344010
 344233  344391
 344719  345006
 345112  345384
 345711  346030
 346354  346737
 346823  347049
 347215  347360
 347687  347759
 348098  348420
 348482  348741
 349147  349454
 349472  349685
 350139  350455
 350716  351109
 351459  351560
 351651  351888
 351974  352110
 352302  352665
 353062  353419
 353580  353932
 354030  354204
 354582  354863
 355169  355428
 355899  356271
 356414  356563
 356604  356717
 357133  357134
 357365  357537
 357665  357947
 358040  358295
 358661  359031
 359515  359841
 360307  360674
 360870  361029
 361078  361374
 361776  362039
 362480  362878
 363348  363397
 363469  363726
 363852  364198
 364214  364245
 364678  364689
 365103  365292
 365585  365857
 366125  366446
 366544  366898
 367292  367661
 368085  368162
 368434  368697
 369178  369446
 369797  369895
 370014  370344
 370614  370912
 371172  371425
 371736  372023
 372346  372525
 373008  373267
 373598  373895
 374064  374316
 374789  375057
 375523  375660
 375666  375834
 376306  376353
 376500  376657
 376869  376920
 377135  377286
 377307  377497
 377551  377572
 377901  377966
 378457  378518
 378819  379083
 379265  379395
 379820  379890
 380261  380551
 380998  381138
 381574  381925
 382410  382566
 382738  383133
 383419  383479
 383831  383876
 384060  384446
 384635  384871
 384919  385006
 385092  385292
 385362  385730
 385983  386087
 386359  386413
 386474  386670
 386783  386951
 387405  387524
 388019  388200
 388682  388752
 389143  389417
 389493  389759
 389863  390080
 390319  390712
 391127  391246
 391277  391432
 391449  391797
 392159  392373
 392401  392479
 392645  392832
 393009  393378
 393405  393781
 394007  394304
 394619  394958
 395212  395217
 395630  395839
 395874  395969
 396423  396710
 397083  397376
 397749  397778
 397880  398265
 398637  398880
 399003  399215
 399239  399597
 399922  399937
 400120  400235
 400421  400532
 400656  400846
 401066  401464
 401908  402197
 402274  402301
 402493  402731
 403035  403254
 403317  403504
 403975  404292
 404385  404527
 404583  404827
 404873  405072
 405460  405799
 406036  406394
 406513  406723
 407085  407256
 407753  407899
 407993  408273
 408568  408901
 408905  409118
 409162  409250
 409265  409591
 409682  409998
 410403  410472
 410592  410986
 411238  411619
 411756  412035
 412231  412321
 412674  412806
 413260  413301
 413350  413440
 413755  413835
 414290  414352
 414363  414414
 414416  414815
 415264  415407
 415686  415973
 416333  416534
 416947  417206
 417534  417933
 417945  418184
 418595  418756
 419131  419245
 419537  419902
 420360  420485
 420619  420856
 421117  421443
 421848  421878
 422178  422361
 422629  422904
 423155  423536
 423583  423798
 424205  424560
 424984  425086
 425156  425530
 425570  425834
 425924  426243
 426282  426576
 426771  426912
 427047  427254
 427570  427778
 427800  427855
 427957  428307
 428316  428428
 428498  428777
 428844  428974
 429302  429456
 429680  429717
 429905  430110
 430147  430297
 430533  430715
 431068  431241
 431545  431583
 431806  432022
 432406  432628
 432782  432912
 433339  433522
 433838  433932
 434158  434207
 434283  434293
 434704  434992
 435059  435363
 435411  435705
 436156  436400
 436440  436702
 436830  436958
 437143  437169
 437252  437635
 438016  438146
 438330  438459
 438657  438905
 438950  439188
 439519  439800
 440124  440343
 440500  440554
 440765  440855
 441166  441385
 441588  441913
 442228  442485
 442857  442917
 442994  443089
 443142  443256
 443630  443998
 444261  444307
 444692  444949
 445012  445119
 445397  445676
 445739  446020
 446087  446259
 446448  446663
 446697  447019
 447200  447549
 447565  447857
 448269  448313
 448370  448639
 448856  448963
 449184  449437
 449456  449846
 449887  450212
 450616  450995
 451347  451504
 451733  451796
 452245  452279
 452628  452707
 453143  453427
 453828  454190
 454617  454890
 455169  455210
 455579  455658
 455757  456055
 456317  456442
 456510  456541
 456693  457048
 457211  457255
 457514  457897
 458149  458360
 458453  458657
 458988  459181
 459626  459797
 460069  460374
 460795  460938
 461019  461325
 461584  461763
 462130  462438
 462488  462718
 462758  463025
 463080  463406
 463869  464159
 464434  464553
 464721  465110
 465608  465622
 465835  465960
 465979  466338
 466415  466724
 466880  467207
 467568  467581
 468050  468424
 468502  468861
 469322  469634
 469732  469794
 469910  470016
 470281  470482
 470944  471092
 471422  471732
 471881  472098
 472559  472829
 473251  473511
 473823  474090
 474171  474474
 474845  475061
 475092  475376
 475859  475996
 476363  476404
 476470  476680
 476805  476873
 477064  477428
 477821  477964
 478340  478725
 478811  479035
 479268  479632
 480084  480410
 480456  480808
 480973  481017
 481294  481430
 481829  482168
 482524  482874
 483302  483700
 484057  484194
 484614  484714
 485201  485441
 485742  485821
 485886  486252
 486303  486578
 486985  487249
 487728  487837
 487953  488037
 488261  488530
 488834  489053
 489457  489848
 489995  490068
 490290  490567
 490842  491227
 491443  491556
 492050  492441
 492923  492939
 493104  493436
 493538  493775
 494083  494157
 494285  494480
 494546  494814
 494826  494912
 495001  495236
 495475  495718
 495823  496126
 496167  496344
 496560  496891
 497264  497626
 497958  498165
 498297  498695
 499143  499302
 499318  499580
 499910  500171
 500592  500955
 501357  501412
 501473  501670
 502132  502420
 502826  502883
 502896  503191
 503253  503268
 503699  503990
 504389  504661
 504890  504910
 505217  505526
 506024  506398
 506786  507118
 507305  507454
 507472  507802
 508131  508239
 508627  508704
 509038  509238
 509301  509655
 510056  510428
 510846  511089
 511506  511808
 512180  512251
 512653  512816
 513287  513320
 513355  513739
 513881  513906
 514315  514589
 514809  514859
 515004  515331
 515399  515758
 516110  516423
 516645  516688
 516821  517077
 517279  517299
 517498  517623
 517688  517972
 518078  518130
 518510  518672
 518686  518827
 519101  519328
 519787  520146
 520298  520621
 520739  520832
 521293  521515
 521726  521781
 522152  522548
 523036  523209
 523308  523619
 524089  524317
 524759  524872
 524952  525237
 525521  525659
 525718  525944
 526371  526752
 526863  527170
 527476  527561
 528030  528378
 528840  529126
 529545  529624
 529855  530103
 530112  530347
 530668  530680
 530857  530952
 531362  531471
 531858  531888
 532279  532560
 532751  532791
 533152  533232
 533421  533507
 533973  534221
 534309  534417
 534535  534886
 535290  535547
 535894  536164
 536623  536654
 536947  537011
 537264  537277
 537290  537676
 537795  538079
 538359  538479
 538750  539043
 539148  539195
 539541  539566
 539727  539731
 539981  540337
 540690  540803
 541289  541330
 541755  542140
 542161  542230
 542612  542812
 542884  542909
 543386  543763
 544051  544196
