408 472
725 752
799 977
1347 1648
1830 2139
2195 2493
2957 3142
3598 3832
3949 4034
4214 4360
4788 4870
5352 5650
6058 6205
6481 6804
6932 7125
7560 7653
7738 7769
7838 8221
8453 8548
8624 8800
9295 9690
9993 10034
10178 10447
10758 10983
11374 11518
11972 12224
12393 12720
12895 13249
13377 13402
13707 14080
14526 14773
14991 15272
15695 15734
15784 15802
15875 16124
16492 16606
17033 17139
17167 17360
17833 17845
17927 18115
18433 18774
18932 18990
19048 19312
19482 19792
20282 20285
20506 20846
21271 21365
21842 22185
22339 22735
22834 22965
23248 23596
23835 24067
24382 24619
24967 24999
25073 25212
25569 25753
26117 26439
26454 26505
26898 27218
27557 27771
28171 28524
28531 28739
28778 28987
29333 29545
29553 29883
30161 30338
30583 30889
31358 31553
31890 32283
32284 32320
32642 32951
33085 33412
33563 33695
33853 34033
34311 34614
34653 34904
35057 35179
35502 35845
36101 36148
36351 36518
36664 36781
37024 37144
37309 37385
37461 37632
38017 38100
38389 38656
38772 38823
38920 39114
39248 39445
39755 39855
39944 40281
40515 40686
40980 41333
41542 41890
42321 42521
42549 42899
43353 43465
43560 43717
43732 43861
43961 44123
44507 44508
44803 44903
45202 45431
45736 46135
46537 46749
46937 47001
47023 47174
47225 47388
47548 47587
47999 48244
48564 48910
49196 49546
49966 50280
50340 50706
50915 51288
51705 52042
52129 52446
52641 52673
52807 52872
53237 53454
53904 54038
54466 54805
55285 55414
55473 55612
55650 55752
55960 56211
56437 56669
57092 57197
57457 57521
58000 58354
58461 58851
59153 59301
59428 59729
59940 60305
60703 60966
61088 61274
61505 61801
62088 62414
62468 62595
63080 63141
63428 63429
63508 63651
64011 64203
64331 64440
64610 64649
65076 65299
65506 65586
65695 65722
65877 65894
66099 66418
66863 67154
67339 67599
67865 67912
68010 68350
68791 68814
69041 69100
69314 69363
69460 69661
69898 69958
70072 70080
70417 70599
71034 71364
71860 72069
72455 72653
72853 73015
73496 73517
73954 74229
74579 74613
75086 75434
75867 76124
76233 76244
76263 76500
76861 76887
77080 77192
77393 77622
78012 78154
78221 78400
78817 78861
78922 79129
79351 79663
79900 80124
80470 80505
80984 81066
81230 81261
81338 81646
81959 82013
82049 82421
82786 82806
83096 83302
83644 83808
84124 84224
84550 84856
85139 85233
85381 85571
85693 85872
86193 86531
86842 87011
87343 87476
87647 87869
88009 88220
88703 88708
88900 89243
89300 89523
89648 89714
89971 90077
90336 90605
90802 91158
91167 91260
91632 91664
92162 92278
92509 92787
93201 93531
94012 94343
94618 94897
95045 95398
95579 95637
95686 95821
95925 96196
96556 96716
97177 97352
97743 97784
97831 97875
97927 97967
98274 98315
98538 98879
99194 99554
99616 99703
99993 100106
100587 100834
100897 101167
101206 101321
101460 101766
102039 102184
102665 102962
103212 103268
103468 103812
104129 104370
104511 104595
104767 104848
105345 105702
105844 106149
106306 106410
106652 106899
107098 107244
107310 107327
107815 108202
108437 108472
108891 109136
109622 109754
110105 110150
110260 110385
110872 111047
111147 111200
111582 111615
111859 111949
112036 112106
112591 112722
112947 113135
113360 113697
114131 114146
114589 114961
114986 115015
115350 115742
116129 116269
116330 116626
116814 116900
117025 117308
117733 118092
118253 118432
118632 118658
118749 119145
119321 119478
119910 119941
120379 120460
120545 120552
120811 121148
121260 121344
121729 122125
122303 122358
122819 123207
123653 123989
124204 124390
124696 124885
125106 125319
125347 125494
125988 126383
126529 126853
127342 127490
127971 128279
128489 128715
128867 129154
129162 129389
129882 130106
130247 130363
130750 131094
131496 131726
132047 132282
132709 132917
133309 133384
133542 133837
133991 134219
134454 134668
135040 135292
135508 135694
136172 136479
136719 136875
137269 137658
138112 138157
138254 138474
138718 138985
139103 139225
139719 139838
140200 140434
140750 141148
141448 141642
142081 142150
142502 142613
142712 142962
143245 143440
143561 143850
144005 144327
144371 144556
144879 145165
145424 145792
146047 146218
146352 146664
146998 147002
147385 147455
147737 148097
148123 148137
148635 148928
149421 149702
150086 150189
150593 150764
151016 151324
151578 151828
152234 152595
152834 153215
153564 153607
153901 154224
154482 154869
155062 155125
155612 155723
156013 156279
156312 156705
157097 157237
157311 157473
157525 157865
158296 158372
158688 158689
158775 158958
159044 159109
159161 159301
159626 159720
160071 160143
160202 160528
160854 161151
161475 161489
161729 161833
162127 162426
162855 163144
163389 163702
163734 164119
164570 164679
164722 165025
165315 165658
165707 165902
166074 166378
166568 166922
167235 167627
167915 168246
168613 168684
168987 169228
169467 169739
169819 169971
169993 170252
170468 170841
170846 170886
170902 171139
171336 171611
171679 171758
171952 172174
172453 172781
173135 173449
173643 173826
173909 174293
174318 174400
174760 174833
174986 175169
175619 175866
176130 176298
176332 176510
176951 177011
177324 177705
177831 178175
178290 178563
178748 179031
179362 179653
179917 180112
180453 180810
181106 181250
181710 182019
182447 182545
182554 182846
183033 183201
183594 183924
184180 184397
184853 184959
184997 185251
185529 185774
185990 186048
186155 186464
186489 186523
186738 187039
187276 187298
187406 187597
187734 188030
188478 188568
188659 188871
188911 188976
189028 189114
189237 189363
189564 189613
190024 190165
190481 190689
191075 191248
191564 191926
192156 192157
192217 192249
192567 192583
192806 192892
193341 193554
193990 194098
194232 194264
194363 194637
194865 194892
195285 195306
195503 195731
195800 195899
196039 196238
196552 196562
196749 196882
197290 197640
197927 198023
198298 198327
198519 198633
199042 199212
199264 199551
199575 199623
199817 200157
200235 200422
200737 201115
201271 201390
201529 201773
201833 201894
202257 202557
202994 203055
203296 203372
203757 203859
204165 204200
204524 204570
204830 204928
205330 205564
205623 205696
205860 206142
206485 206753
207119 207485
207730 208129
208382 208542
208597 208871
208888 209217
209703 210068
210423 210679
210728 210753
210962 211264
211723 211914
212229 212545
212767 213100
213490 213510
213894 214089
214337 214543
214665 214690
214717 215048
215137 215520
215819 216033
216311 216347
216657 217047
217531 217812
218237 218238
218567 218634
218879 218943
219180 219389
219677 219888
220287 220620
220709 220776
221019 221392
221482 221598
222001 222156
222450 222510
222568 222686
223080 223191
223630 223777
223961 224172
224420 224764
224929 225159
225181 225336
225462 225707
226037 226099
226390 226644
226959 227103
227141 227483
227644 227959
228177 228252
228302 228575
229062 229164
229291 229329
229615 229871
229942 230251
230339 230414
230783 230785
230836 231046
231105 231247
231408 231602
231828 232150
232622 232807
232930 233230
233296 233584
233635 233953
234182 234219
234449 234581
234859 235133
235479 235636
236017 236329
236359 236492
236521 236722
237064 237203
237383 237721
238098 238393
238417 238645
239126 239465
239722 240099
240350 240704
240720 240861
241303 241323
241544 241712
242000 242345
242666 242742
243225 243608
243752 243965
244306 244380
244797 245066
245243 245575
245804 246090
246528 246900
247132 247319
247387 247633
248004 248361
248744 248953
248990 249365
249470 249670
249859 249994
250051 250055
250180 250431
250831 250904
251267 251585
251764 251838
252186 252325
252450 252809
252853 252988
253128 253352
253580 253963
254355 254373
254580 254627
254837 254843
255075 255346
255762 256104
256573 256782
257128 257279
257667 257836
258278 258340
258457 258506
258954 259139
259230 259436
259662 259665
259696 259736
260179 260385
260651 260878
261113 261206
261394 261774
262200 262270
262744 262772
262962 263290
263656 263698
263883 264218
264482 264606
264669 264719
265178 265422
265696 266086
266579 266612
266936 267202
267597 267629
267665 267819
267848 268082
268223 268470
268538 268848
269116 269170
269448 269691
269916 269983
270326 270652
270999 271262
271685 271935
272319 272463
272855 272892
273198 273394
273427 273600
273984 274219
274464 274765
274793 275043
275209 275254
275276 275656
275990 276032
276309 276696
276771 276976
277215 277584
278027 278059
278211 278425
278710 278787
279270 279635
279711 279995
280156 280461
280847 281088
281426 281734
282228 282324
282481 282674
282865 283212
283551 283724
283821 284138
284586 284966
285335 285616
285670 285790
285987 286086
286430 286740
287080 287302
287468 287595
288083 288233
288424 288445
288724 288762
289057 289069
289470 289599
289847 289877
290028 290290
290464 290614
290998 291374
291592 291843
291882 292197
292215 292314
292771 292808
292895 293243
293656 293752
294129 294291
294535 294918
295164 295416
295508 295829
296005 296213
296448 296768
296950 297326
297446 297511
297899 298070
298179 298307
298375 298581
298862 298882
299267 299423
299853 300067
300229 300269
300669 300821
301297 301395
301404 301523
301528 301697
302170 302468
302674 302842
302862 303130
303402 303708
304043 304367
304592 304772
305004 305086
305205 305535
305950 306135
306549 306839
306888 306986
307182 307245
307520 307530
307870 308091
308426 308764
308961 309038
309101 309255
309315 309342
309716 309858
310026 310132
310223 310306
310515 310657
311010 311104
311449 311702
312160 312264
312685 312914
313314 313455
313620 314000
314092 314260
314690 315063
315127 315248
315603 315970
316194 316365
316688 316971
317046 317359
317754 317777
318028 318302
318648 318910
319013 319301
319481 319862
320313 320438
320747 320863
321310 321574
321648 321736
321739 321770
321986 321992
322115 322278
322607 322959
323440 323653
323740 323974
324220 324394
324737 324834
324845 325110
325510 325650
325792 326159
326597 326626
326758 326994
327005 327032
327438 327659
327902 328281
328635 328812
328957 329343
329643 329826
330137 330530
330813 331164
331303 331482
331877 332042
332219 332395
332640 332754
332807 332972
333339 333724
333962 334051
334522 334550
334963 334973
335001 335091
335192 335470
335936 336213
336283 336639
336688 336779
337263 337540
337690 337824
338304 338401
338575 338648
339132 339280
339583 339972
340246 340319
340624 340729
341070 341095
341416 341774
342134 342273
342659 342853
343080 343179
343308 343444
343499 343610
343789 343949
344113 344453
344803 344897
345198 345435
345878 346206
346621 347008
347233 347248
347376 347638
347988 348079
348379 348732
349049 349273
349664 349856
350239 350266
350367 350473
350564 350583
350783 350992
350999 351102
351410 351737
351975 352122
352550 352846
353132 353348
353844 353915
354182 354229
354413 354719
355081 355360
355806 355948
356036 356165
356557 356832
356951 357246
357683 357748
358157 358258
358527 358694
359124 359154
359514 359715
359945 359952
360408 360729
360924 361105
361125 361261
361720 361739
362143 362204
362520 362538
362957 363143
363608 363993
364292 364389
364885 365034
365520 365905
366393 366492
366907 367292
367420 367773
367818 368061
368395 368466
368621 368668
369134 369232
369256 369494
369768 369787
369908 370231
370620 370695
370703 370710
370821 370898
371326 371639
371997 372084
372104 372500
372835 373115
373370 373546
374026 374284
374549 374745
374954 375153
375173 375470
375660 375928
376395 376739
376855 377164
377547 377578
377692 377776
377930 378204
378441 378497
378983 379055
379105 379294
379368 379571
379608 379988
380220 380556
380660 381024
381512 381881
381998 382021
382256 382257
382627 382695
382713 382734
382926 383077
383488 383811
384159 384443
384583 384879
385094 385456
385687 385982
386267 386467
386686 387038
387206 387473
387954 388113
388202 388544
388883 389037
389442 389683
390039 390319
390659 391034
391053 391306
391442 391492
391912 392179
392643 392788
392903 392962
393260 393500
393576 393961
394134 394363
394819 394906
395272 395491
395930 396266
396639 396729
396732 396865
396878 397161
397565 397750
398064 398401
398723 399021
399293 399493
399760 399862
399960 400153
400297 400415
400705 400724
401199 401249
401339 401650
402016 402289
402437 402661
402948 403295
403403 403681
404132 404243
404282 404587
404879 404999
405474 405533
405958 405974
406400 406715
407175 407487
407744 408135
408358 408519
408526 408919
409097 409470
409686 409983
410311 410340
410443 410781
411264 411329
411554 411791
412258 412303
412623 412721
412860 413045
413508 413637
413933 413966
414319 414456
414523 414624
414840 415035
415428 415665
416013 416066
416482 416818
416825 416977
417065 417305
417377 417422
417764 418099
418239 418245
418481 418703
419051 419168
419498 419860
419927 420120
420178 420232
420640 420865
420988 421387
421723 421847
422284 422346
422372 422463
422904 423287
423402 423656
424077 424462
424486 424717
424809 425173
425259 425407
425691 425759
426017 426276
426746 426802
427044 427280
427688 427952
428088 428365
428722 428782
429001 429168
429212 429314
429672 429931
430246 430410
430624 430735
430921 430956
431380 431732
432030 432334
432654 432662
433056 433323
433385 433676
433949 434292
434562 434913
435322 435627
435850 436073
436332 436408
436760 436983
437445 437606
437674 437907
438292 438293
438354 438380
438721 439010
439457 439853
440052 440151
440639 441034
441062 441253
441296 441649
442091 442153
442617 442829
443213 443565
443726 443771
443911 444239
444242 444332
444408 444436
444565 444742
444908 444942
445068 445092
445526 445774
445972 446174
446646 446793
446944 447003
447370 447425
447482 447820
447904 448145
448536 448627
448987 449382
449384 449634
450119 450371
450419 450578
450625 450635
450731 451054
451472 451819
451947 452198
452208 452299
452747 453013
453375 453617
453642 453829
453876 454125
454519 454914
455213 455570
456009 456318
456675 456811
456818 457208
457311 457696
457722 457884
458027 458286
458323 458563
458969 459093
459536 459708
460175 460326
460724 460872
461345 461514
461853 461886
461956 462030
462493 462596
463071 463161
463660 464013
464505 464709
464776 464982
465279 465485
465950 466004
466119 466514
466738 467019
467469 467790
468259 468278
468678 468728
469111 469416
469679 469762
470162 470315
470389 470523
470811 470983
471252 471428
471525 471813
471985 472135
472338 472564
472626 472917
473374 473461
473946 474005
474182 474374
474402 474726
475153 475463
475624 475725
475941 476123
476482 476861
477283 477366
477577 477685
477892 478221
478503 478685
478755 478978
479278 479462
479812 480045
480364 480492
480677 480781
480805 480967
480978 480984
481395 481652
481820 482070
482232 482303
482590 482661
482859 483240
483276 483455
483855 484095
484241 484509
484995 485066
485409 485740
485803 485942
486379 486534
486698 486853
487066 487459
487780 488153
488212 488248
488702 488736
488799 488865
489013 489233
489676 490038
490215 490461
490794 490814
491177 491262
491462 491639
491789 492159
492482 492623
493021 493282
493458 493575
493933 494302
494423 494802
495085 495110
495440 495488
495789 496055
496100 496184
496489 496810
497094 497470
497872 498089
498362 498534
498564 498567
498966 498969
499395 499643
499881 499910
500001 500049
500275 500470
500912 501034
501222 501399
501547 501864
502173 502239
502384 502650
502934 503151
503247 503320
503496 503769
504031 504326
504454 504820
505215 505279
505518 505817
506173 506522
506950 507292
507419 507549
507827 507884
507896 508200
508331 508635
508979 509026
509031 509328
509500 509893
510081 510288
510440 510610
510628 510813
510994 511352
511391 511543
511616 511876
511966 511980
512128 512310
512676 512987
512996 513068
513475 513631
514008 514070
514263 514598
514990 515324
515770 516116
516601 516879
516918 516927
517392 517449
517471 517578
517955 518225
518717 519107
519498 519579
519680 519773
520114 520183
520420 520572
520878 520921
520965 521161
521435 521503
521882 522108
522571 522764
523017 523026
523319 523608
523872 523947
524267 524631
525089 525162
525551 525838
526163 526166
526406 526484
526925 527152
527650 527686
527800 528171
528659 529033
529468 529734
530024 530390
530686 530718
530920 531281
531433 531708
531978 532213
532221 532513
532953 533284
533491 533631
533799 533984
534461 534664
534708 534922
534950 535065
535122 535253
535288 535345
535558 535843
536204 536254
536493 536648
536775 537088
537241 537390
537784 538061
538089 538150
538355 538626
538783 538944
539108 539507
539718 540032
540137 540479
540864 541070
541223 541365
541857 542101
542307 542443
542842 542966
543140 543219
543424 543595
543691 543819
543821 544056
544328 544661
544717 544760
545076 545242
545474 545527
545802 546172
546452 546703
546851 547199
547325 547438
547806 548191
548537 548636
548801 549155
549492 549510
550007 550125
550198 550255
550303 550538
550882 551112
551266 551300
551613 551987
552328 552712
552733 553025
553202 553215
553546 553915
554001 554386
554766 555149
555366 555551
555987 556299
556335 556570
556916 556979
556984 557135
557152 557531
557642 557688
558147 558360
558547 558553
558828 558892
559185 559401
559533 559809
560275 560328
560418 560682
561096 561331
561611 561933
562221 562572
562809 563182
563567 563618
564019 564297
564552 564792
564997 565157
565313 565438
565490 565769
565781 566168
566239 566592
566638 566789
567177 567289
567574 567590
567796 568009
568461 568739
568882 569151
569617 569814
569861 570155
570279 570547
571025 571423
571557 571582
571585 571974
572042 572070
572283 572581
572987 573027
573387 573399
573575 573786
574054 574064
574199 574454
574514 574665
575054 575344
575665 575745
575854 576086
576340 576481
576706 576829
576850 576885
577231 577272
577766 577791
577792 577822
578083 578138
578584 578593
578733 579000
579040 579248
579698 579703
580137 580191
580346 580390
580575 580624
580977 581369
581525 581910
581931 582180
582551 582664
582824 583002
583464 583793
583838 584055
584407 584525
584906 585295
585692 585881
585906 586278
586346 586731
587110 587240
587628 587799
588135 588467
588707 589001
589222 589361
589406 589686
589777 589787
589892 590042
590254 590441
590516 590590
590872 591078
591536 591920
592077 592275
592291 592479
592581 592920
593215 593386
593707 594081
594306 594429
594573 594798
594940 595006
595328 595512
595874 596084
596552 596744
597056 597205
597407 597530
597583 597882
598276 598576
598682 598969
599180 599362
599485 599692
599695 599842
600183 600553
600799 600914
601025 601396
601721 601858
602095 602278
602452 602508
602703 603002
603415 603498
603835 604124
604290 604435
604708 604809
605034 605343
605760 605798
606110 606317
606388 606680
606795 606868
607236 607282
607396 607697
607863 607940
608020 608080
608489 608886
609362 609501
609533 609550
609575 609805
610111 610336
610351 610510
610649 610880
611308 611630
611859 611904
612091 612450
612752 612806
612971 613178
613480 613672
613684 613784
613866 613951
614019 614167
614659 614665
614904 615299
615598 615718
615983 616107
616177 616451
616700 617082
617514 617597
617623 617952
618148 618427
618511 618582
618857 619231
619445 619593
619618 619891
620218 620420
620479 620848
621301 621604
621908 622203
622218 622437
622728 622984
623153 623247
623574 623583
623746 623910
624032 624399
624842 624960
625343 625420
625710 625917
625924 626167
626221 626592
626823 627117
627442 627637
627916 628011
628414 628483
628926 629179
629354 629638
630044 630345
630748 631144
631273 631370
631741 632097
632372 632746
632876 633148
633508 633734
633882 634116
634276 634664
634667 635053
635430 635532
635847 636125
636253 636405
636691 636719
636991 637312
637776 638098
638112 638475
638696 638751
639191 639242
639533 639877
640153 640479
640634 640983
641224 641467
641902 642002
642477 642730
643211 643403
643538 643708
643736 644067
644509 644811
644874 645183
645304 645359
645733 645860
646232 646282
646310 646663
646812 646831
647219 647576
647772 647876
648173 648208
648268 648418
648751 649010
649344 649616
649662 649967
650259 650436
650464 650814
651210 651497
651550 651613
651952 652269
652696 652970
652976 653332
653773 653794
653801 654116
654141 654456
654845 655216
655711 656051
656325 656499
656543 656619
656979 657188
657223 657229
657557 657871
658038 658100
658135 658416
658877 659116
659494 659508
659781 659813
659942 660166
660425 660551
660837 661039
661501 661750
662205 662381
662755 662774
663131 663215
663706 663970
664418 664542
664738 664906
665010 665340
665725 666050
666078 666286
666398 666619
667048 667399
667867 668103
668573 668747
669150 669378
669551 669907
670155 670218
670268 670280
670684 670924
671378 671536
671550 671855
672237 672607
672845 673214
673691 673833
673955 673968
674031 674359
674567 674742
674745 674853
675323 675632
675811 675944
676259 676472
676751 676979
677319 677503
677913 678217
678234 678296
678590 678676
678769 678991
679215 679311
679664 679972
680064 680216
680282 680315
680603 680871
681343 681663
682149 682328
682333 682618
682837 683014
683109 683273
683682 684039
684199 684379
684782 685164
685535 685801
686113 686240
686595 686954
687429 687804
688193 688506
688686 688999
689328 689487
689544 689763
689890 690102
690261 690603
690847 691160
691171 691319
691560 691845
691936 691962
692174 692359
692672 692947
692952 693116
693151 693250
693665 694043
694461 694828
694879 694986
695042 695409
695776 695826
696163 696295
696622 696775
696886 697019
697467 697687
698127 698489
698906 698990
699439 699829
700314 700653
700900 700903
701001 701358
701649 701807
702193 702320
702770 702991
703301 703442
703677 703949
704309 704648
704733 704792
705113 705484
705834 705844
705896 706150
706425 706548
706711 706850
706881 707116
707536 707702
707748 707985
708017 708060
708483 708739
709083 709308
709481 709563
709907 709924
710383 710537
710721 711095
711403 711522
711850 711882
712245 712284
712496 712792
712881 713069
713380 713722
713921 714295
714324 714343
714543 714668
714950 715207
715689 716085
716492 716891
716899 717013
717208 717240
717527 717802
718032 718165
718376 718547
718587 718844
719189 719382
719689 719823
720269 720351
720753 720879
721197 721487
721539 721875
722051 722159
722556 722793
722801 722866
723000 723368
723535 723814
724291 724436
724882 725143
725343 725395
725454 725827
725949 726328
726474 726485
726939 727234
727305 727657
728020 728262
728608 728746
729037 729428
729681 729951
729960 730043
730300 730599
730737 731044
731256 731459
731791 732066
732194 732264
732324 732549
732945 733336
733576 733872
734066 734422
734854 734925
735142 735466
735529 735897
736210 736335
736558 736671
736999 737142
737351 737488
737724 737978
738454 738514
738611 738706
739028 739168
739661 739882
740039 740151
740613 740786
741117 741267
741650 741827
742019 742280
742405 742498
742771 742830
743220 743513
743881 744263
744728 744779
745100 745215
745458 745597
746061 746121
746606 746978
747227 747241
747684 747897
748056 748222
748574 748667
748783 749026
749364 749459
749844 750121
750525 750912
751096 751276
751295 751578
751622 751857
752297 752655
753108 753233
753679 753890
754276 754295
754601 754662
754887 754936
755208 755336
755770 755900
756241 756478
756861 757055
757246 757414
757582 757966
758123 758273
758554 758840
759038 759111
759417 759542
759788 759997
760466 760494
760782 761108
761441 761574
761698 761764
761822 762034
762185 762362
762461 762510
762565 762823
762925 763114
763236 763252
763375 763707
764001 764131
764527 764885
765134 765232
765615 765978
766204 766561
766753 766811
766956 767194
767401 767576
767977 768219
768374 768610
769048 769391
769549 769588
769822 769889
769961 769972
770292 770487
770704 770909
770910 771295
771736 772020
772478 772644
772829 773226
773457 773519
773928 774093
774250 774308
774517 774745
775042 775146
775258 775524
775561 775638
775695 775859
776233 776527
776749 776810
777068 777199
777570 777886
778052 778268
778724 778833
779051 779096
779367 779439
779500 779646
779926 779952
780345 780552
780832 781213
781632 781965
782033 782090
782342 782581
782733 782988
783471 783691
783955 784288
784376 784740
784978 785074
785374 785594
785743 785908
786033 786345
786480 786501
786644 787041
787331 787404
787726 787841
788180 788206
788663 788945
789094 789419
789867 790144
790174 790349
790555 790781
790931 791036
791173 791380
791761 792116
792434 792793
792874 793214
793457 793710
793837 794186
794594 794865
794982 795173
795419 795636
795704 795944
796095 796134
796410 796665
796765 796861
797222 797318
797647 797893
798233 798246
798656 798973
798996 799320
799700 799784
800247 800487
800584 800606
800677 800686
801069 801357
801512 801770
802115 802352
802490 802648
802980 803367
803794 803884
804168 804494
804527 804761
804959 805335
805489 805832
806279 806407
806523 806903
807166 807385
807757 808075
808469 808611
808946 809077
809109 809232
809472 809744
809764 809826
809875 810126
810132 810222
810665 810934
811285 811606
811735 812075
812540 812710
813010 813119
813533 813887
814187 814229
814247 814605
815075 815148
815552 815869
815873 816208
816504 816772
816989 817316
817693 818010
818451 818820
818830 818925
819146 819267
819678 819994
820183 820505
820731 820883
821276 821349
821551 821762
821959 822036
822214 822243
822691 822896
823176 823352
823569 823844
823972 824126
824309 824566
824691 824783
824994 825236
825273 825383
825612 825882
826070 826137
826141 826372
826839 827048
827499 827785
828031 828335
828469 828740
829218 829240
829377 829672
829743 829997
830282 830356
830574 830676
830768 830854
831118 831185
831615 831931
832117 832467
832812 832913
833099 833230
833247 833334
833716 833903
834291 834629
834765 834890
835113 835203
835288 835554
835765 835895
836349 836559
837017 837380
837507 837595
838089 838383
838475 838823
839272 839302
839634 839789
839802 839975
840112 840273
840290 840558
840811 840873
841124 841448
841533 841773
841830 841989
842297 842330
842405 842569
842781 842903
843010 843377
843862 844130
844181 844544
844903 844960
844963 845020
845373 845439
845774 845940
845960 846097
846542 846701
847029 847110
847303 847676
847752 847919
848191 848324
848352 848423
848565 848664
849153 849278
849377 849389
849591 849899
850380 850582
850722 850947
851337 851717
851726 852124
852477 852589
853060 853116
853421 853672
853838 853941
854293 854502
854678 854972
855203 855366
855658 855944
856124 856513
856895 857183
857663 857673
858159 858414
858436 858772
858793 859176
859474 859678
860057 860333
860710 860757
861229 861388
861869 861954
862283 862642
862720 862871
863075 863099
863264 863277
863411 863544
863939 864234
864451 864764
864801 864843
865205 865291
865361 865373
865781 866038
866477 866759
867013 867303
867443 867528
867650 867675
867732 868009
868260 868503
868803 869110
869451 869568
869868 870092
870337 870398
870754 870971
871408 871779
871852 871904
872028 872048
872351 872615
872668 872933
872980 873271
873700 873817
874196 874439
874675 874740
874969 875149
875361 875617
875756 875864
875996 876068
876195 876228
876627 876642
877011 877354
877853 878160
878641 878933
879301 879452
879551 879650
880134 880371
880662 880838
880971 881269
881452 881623
881677 881870
882032 882327
882424 882604
882902 883031
883404 883763
884032 884355
884621 884710
884986 885231
885265 885267
885377 885674
886025 886089
886508 886672
886834 887180
887413 887801
887834 887938
888128 888273
888528 888740
889194 889257
889574 889685
889899 889905
890148 890214
890580 890600
890674 890712
891090 891316
891786 892184
892563 892604
892814 893154
893209 893400
893706 893898
893998 894171
894397 894609
894775 894928
895121 895411
895691 895800
896017 896382
896839 897070
897453 897731
897924 898270
898661 898893
898922 898950
899225 899364
899483 899772
900125 900351
900731 901000
901261 901552
901582 901715
902076 902338
902468 902546
902761 903027
903173 903293
903718 903931
904410 904790
904861 905150
905452 905577
905951 905994
906492 906760
907118 907194
907211 907551
907784 907979
908299 908659
908679 908763
909225 909253
909509 909768
909864 910148
910589 910650
910715 911034
911330 911457
911919 911970
912060 912297
912356 912716
913013 913070
913185 913533
913710 913786
914183 914228
914335 914421
914821 915110
915605 915786
916007 916288
916374 916587
916644 916662
916734 917035
917048 917332
917797 918028
918249 918545
918678 918832
919176 919344
919675 919719
920074 920136
920206 920288
920756 921014
921497 921811
922244 922592
922943 923165
923441 923738
924027 924054
924481 924573
924707 925054
925353 925709
926063 926458
926666 926698
927150 927201
927359 927579
927896 928202
928699 928903
929253 929648
929944 930159
930300 930631
931097 931462
931706 931866
932084 932402
932722 932865
933178 933438
933927 933931
934115 934170
934396 934607
934817 934909
934984 935290
935765 936118
936452 936722
936970 937160
937384 937393
937784 937904
937929 937997
938014 938227
938502 938617
938747 938916
938969 939095
939498 939683
940175 940179
940580 940630
940654 940721
941076 941383
941787 941911
941939 942112
942454 942585
942602 942963
943376 943459
943480 943596
943914 944252
944680 944881
945288 945344
945831 946064
946288 946678
946899 946922
946958 947175
947202 947375
947512 947818
948197 948333
948642 948683
948695 948704
948855 949078
949511 949825
949842 950211
950308 950681
950856 951067
951451 951606
951959 952224
952448 952657
953048 953292
953341 953586
953663 953832
953957 954336
954795 955142
955184 955559
955604 955761
956168 956381
956408 956711
957117 957410
957781 957862
957882 957961
958172 958427
958687 958713
958824 958837
958971 959320
959690 960035
960105 960291
960560 960889
961371 961484
961697 962055
962135 962206
962619 962812
963058 963323
963438 963749
963947 964271
964723 964745
965225 965422
965680 966061
966218 966469
966796 966899
967302 967635
967776 967996
968340 968541
968879 969034
969455 969492
969651 970010
970303 970694
971159 971319
971651 971723
972203 972210
972595 972770
973085 973099
973392 973773
973890 974124
974538 974724
974834 974900
974937 975295
975764 975805
975960 976191
976192 976480
976515 976828
977143 977274
977627 977968
978463 978464
978795 978964
979278 979438
979714 979831
980251 980359
980726 980737
980958 980965
981369 981560
981847 982013
982106 982321
982481 982742
983046 983323
983644 983761
983845 984190
984545 984935
985161 985334
985786 985872
985912 986066
986134 986368
986846 986914
987075 987129
987273 987527
988012 988043
988211 988555
989004 989048
989521 989586
990084 990476
990737 991085
991289 991572
991747 992088
992424 992613
992741 993112
993473 993779
993811 994107
994562 994817
994915 995114
995456 995823
995921 996291
996385 996676
996786 997121
997505 997599
998037 998254
998486 998581
998856 999254
999579 999654
1000093 1000266
1000588 1000830
1001189 1001309
1001339 1001358
1001730 1001803
1002059 1002352
1002583 1002898
1003041 1003438
1003872 1003899
1004370 1004715
1004751 1005000
1005403 1005474
1005903 1006123
1006281 1006385
1006768 1006987
1007128 1007317
1007402 1007454
1007904 1008296
1008308 1008423
1008723 1008875
1009345 1009413
1009480 1009810
1010135 1010186
1010276 1010595
1011092 1011310
1011500 1011789
1012062 1012400
1012803 1012941
1013247 1013288
1013687 1013902
1014301 1014651
1014811 1015103
1015232 1015299
1015728 1016004
1016126 1016358
1016485 1016801
1017112 1017218
1017239 1017506
1017535 1017842
1017984 1018249
1018687 1018886
1019003 1019042
1019183 1019263
1019372 1019714
1020117 1020498
1020864 1020889
1021023 1021343
1021344 1021629
1021747 1022035
1022406 1022613
1022774 1022883
1023163 1023214
1023315 1023506
1023857 1023911
1024166 1024368
1024506 1024851
1025167 1025377
1025558 1025919
1026085 1026328
1026337 1026395
1026784 1026946
1026948 1027269
1027567 1027607
1027877 1028248
1028447 1028512
1028576 1028590
1028896 1029142
1029588 1029941
1030051 1030114
1030466 1030677
1030871 1030997
1031136 1031280
1031335 1031472
1031815 1032125
1032547 1032751
1033225 1033615
1033986 1034071
1034473 1034506
1034655 1034690
1034749 1035134
1035443 1035532
1035902 1035948
1036365 1036437
1036918 1037163
1037225 1037421
1037571 1037709
1037737 1038041
1038536 1038570
1038999 1039118
1039365 1039562
1039945 1040268
1040502 1040546
1040909 1041216
1041417 1041452
1041789 1042182
1042257 1042551
1042964 1043335
1043470 1043669
1043856 1043993
1044486 1044668
1045009 1045284
1045517 1045908
1045974 1046043
1046403 1046544
1046994 1047263
1047348 1047619
1048027 1048235
1048468 1048695
1048732 1049042
1049319 1049568
1049867 1050029
1050108 1050350
1050611 1050674
1051156 1051344
1051619 1051745
1051918 1052272
1052611 1052832
1053246 1053342
1053402 1053688
1053806 1054199
1054423 1054454
1054642 1054830
1054834 1054984
1055117 1055248
1055679 1055971
1056136 1056277
1056621 1056629
1056807 1057125
1057487 1057776
1058078 1058143
1058498 1058690
1058959 1059105
1059574 1059802
1060105 1060171
1060470 1060652
1060807 1060935
1061039 1061064
1061350 1061496
1061848 1061951
1062006 1062205
1062539 1062889
1063206 1063327
1063695 1063741
1064068 1064111
1064448 1064568
1064691 1064932
1065330 1065726
1065836 1065872
1066161 1066469
1066473 1066664
1066819 1067193
1067258 1067500
1067931 1068169
1068289 1068503
1068939 1069094
1069391 1069507
1069935 1069968
1070193 1070513
1070813 1071171
1071476 1071795
1072139 1072345
1072367 1072704
1073025 1073319
1073469 1073751
1073779 1074029
1074436 1074796
1075266 1075318
1075594 1075910
1076348 1076743
1076838 1077015
1077018 1077372
1077497 1077595
1078062 1078186
1078404 1078695
1078935 1079258
1079538 1079831
1080023 1080282
1080401 1080515
1080636 1080743
1080860 1081127
1081213 1081490
1081853 1081888
1082022 1082056
1082142 1082412
1082477 1082834
1082843 1083228
1083407 1083684
1083944 1083983
1084042 1084429
1084906 1085080
1085246 1085444
1085737 1085917
1085926 1086242
1086429 1086673
1086681 1086830
1086843 1087071
1087193 1087516
1087979 1088230
1088616 1088908
1089047 1089179
1089429 1089536
1089619 1089836
1090308 1090537
1090899 1091034
1091511 1091872
1091883 1092273
1092392 1092453
1092589 1092971
1093390 1093709
1093718 1093805
1094201 1094484
1094940 1095271
1095758 1095860
1096020 1096041
1096270 1096548
1096891 1097262
1097719 1097778
1098266 1098662
1099136 1099481
1099493 1099645
1100134 1100513
1100756 1100757
1101093 1101437
1101748 1102101
1102571 1102839
1103262 1103598
1104079 1104194
1104353 1104613
1105010 1105365
1105812 1106043
1106463 1106769
1106988 1107056
1107340 1107550
1107954 1107973
1108220 1108234
1108250 1108309
1108664 1108708
1109102 1109351
1109641 1109792
1109841 1109960
1110381 1110386
1110680 1110787
1110797 1110893
1110997 1111052
1111102 1111267
1111292 1111469
1111497 1111581
1111773 1111891
1111941 1112302
1112703 1112889
1113169 1113536
1113847 1113851
1114304 1114579
1114685 1114706
1115160 1115413
1115902 1116293
1116608 1116630
1116980 1116991
1117010 1117349
1117769 1117985
1118348 1118497
1118944 1118950
1119062 1119423
1119889 1120093
1120112 1120119
1120532 1120693
1120834 1121089
1121498 1121838
1122100 1122176
1122320 1122397
1122873 1122908
1122989 1123036
1123055 1123219
1123326 1123685
1124121 1124195
1124377 1124480
1124691 1124736
1125146 1125508
1125795 1125998
1126358 1126698
1126784 1126937
1127321 1127420
1127908 1128219
1128429 1128608
1128793 1129026
1129068 1129302
1129462 1129482
1129524 1129877
1130082 1130147
1130611 1130979
1131324 1131571
1131922 1132127
1132425 1132723
1133220 1133234
1133361 1133372
1133827 1134133
1134463 1134707
1135070 1135204
1135288 1135413
1135858 1136068
1136536 1136685
1137158 1137304
1137365 1137497
1137823 1138164
1138505 1138833
1138853 1138863
1139231 1139625
1140008 1140335
1140711 1141035
1141400 1141401
1141650 1141919
1142380 1142655
1142927 1142995
1143467 1143614
1143882 1144099
1144293 1144434
1144447 1144514
1144599 1144663
1145069 1145391
1145838 1146060
1146546 1146600
1146954 1147222
1147493 1147644
1147751 1147989
1148321 1148685
1148776 1149109
1149436 1149476
1149490 1149662
1150001 1150191
1150336 1150437
1150736 1151121
1151342 1151566
1151929 1151982
1152203 1152518
1152588 1152647
1153140 1153485
1153507 1153904
1153928 1154037
1154241 1154573
1154599 1154951
1155448 1155820
1156158 1156515
1156790 1157104
1157443 1157526
1157747 1158126
1158211 1158237
1158469 1158584
1158955 1159280
1159494 1159751
1159978 1160028
1160093 1160243
1160535 1160731
1161189 1161267
1161522 1161742
1162223 1162466
1162796 1162955
1163091 1163410
1163629 1163793
1164282 1164470
1164856 1165127
1165149 1165250
1165485 1165675
1165841 1165962
1166034 1166076
1166322 1166325
1166659 1166705
1166722 1166978
1167032 1167280
1167737 1167818
1168011 1168283
1168507 1168833
1168871 1168939
1169400 1169710
1170152 1170261
1170274 1170297
1170677 1170966
1171000 1171244
1171492 1171808
1171842 1171920
1171923 1172225
1172567 1172874
1172915 1173114
1173470 1173690
1174030 1174151
1174617 1174868
1174972 1175267
1175304 1175501
1175684 1176018
1176163 1176526
1176822 1177161
1177603 1177973
1178234 1178580
1178708 1179094
1179440 1179678
1179899 1179962
1179975 1180295
1180739 1180936
1180968 1181013
1181435 1181545
1181807 1181833
1181911 1182218
1182517 1182867
1182943 1183298
1183320 1183530
1183747 1183956
1184030 1184340
1184764 1185150
1185444 1185814
1186175 1186233
1186392 1186772
1187200 1187361
1187458 1187825
1188298 1188661
1189120 1189421
1189487 1189790
1190081 1190096
1190439 1190723
1191192 1191317
1191465 1191719
1191937 1192256
1192372 1192582
1192866 1193218
1193582 1193903
1194262 1194565
1194863 1195036
1195464 1195826
1196271 1196468
1196586 1196644
1196830 1197198
1197308 1197495
1197880 1198087
1198422 1198808
1199108 1199482
1199634 1199777
1200217 1200359
1200421 1200448
1200685 1200857
1201060 1201297
1201454 1201778
1202182 1202373
1202570 1202689
1203066 1203212
1203690 1204069
1204141 1204447
1204714 1204991
1205226 1205264
1205714 1205978
1206043 1206255
1206727 1206747
1207226 1207563
1207568 1207913
1208395 1208747
1208851 1209037
1209122 1209308
1209511 1209861
1210265 1210484
1210591 1210893
1211107 1211436
1211671 1212055
1212190 1212571
1212687 1212961
1213299 1213548
1213759 1213829
1214206 1214310
1214787 1215084
1215358 1215659
1216021 1216241
1216395 1216785
1217147 1217224
1217451 1217727
1217988 1218238
1218416 1218532
1218894 1218914
1219403 1219553
1219815 1220158
1220454 1220694
1220738 1221008
1221047 1221248
1221571 1221944
1222125 1222478
1222481 1222578
1222637 1222888
1223042 1223430
1223468 1223557
1223666 1224046
1224369 1224667
1224918 1225053
1225221 1225446
1225691 1226081
1226216 1226607
1226712 1226916
1227200 1227209
1227271 1227537
1227871 1228244
1228487 1228871
1228904 1229273
1229549 1229868
1230199 1230441
1230926 1230988
1231270 1231641
1231973 1231989
1232226 1232597
1232922 1233230
1233634 1233836
1233871 1234000
1234373 1234537
1234887 1234888
1235280 1235398
1235567 1235623
1235703 1235715
1236060 1236255
1236490 1236536
1237017 1237323
1237601 1237753
1238206 1238573
1238574 1238764
1238994 1239387
1239740 1239864
1240179 1240473
1240625 1240909
1241289 1241607
1241884 1242128
1242264 1242492
1242710 1243054
1243502 1243818
1244095 1244307
1244690 1244796
1245068 1245081
1245417 1245636
1245712 1245922
1246353 1246614
1246746 1246869
1247075 1247181
1247490 1247783
1247873 1248026
1248164 1248277
1248684 1248901
1249372 1249657
1249956 1249967
1250200 1250501
1250588 1250622
1251118 1251493
1251583 1251823
1252261 1252607
1253061 1253460
1253746 1254045
1254147 1254342
1254553 1254704
1255005 1255050
1255393 1255564
1256018 1256074
1256493 1256516
1256571 1256701
1257069 1257218
1257632 1257698
1257966 1257977
1258311 1258366
1258375 1258668
1258784 1259068
1259190 1259444
1259455 1259546
1259931 1260191
1260253 1260383
1260476 1260541
1260663 1260985
1261137 1261265
1261282 1261527
1261558 1261824
1262028 1262365
1262816 1262870
1262955 1263094
1263329 1263634
1263737 1263953
1264027 1264331
1264671 1264811
1264980 1265201
1265544 1265812
1266193 1266435
1266846 1267003
1267159 1267387
1267544 1267631
1267917 1267927
1268415 1268584
1268880 1269269
1269545 1269904
1270030 1270088
1270306 1270365
1270621 1270857
1271338 1271591
1271658 1271803
1271833 1271938
1272060 1272278
1272308 1272513
1272839 1273200
1273366 1273760
1273828 1273837
1273900 1274082
1274182 1274185
1274489 1274824
1275253 1275634
1276087 1276483
1276560 1276788
1277085 1277249
1277416 1277607
1277959 1277962
1277987 1278043
1278146 1278268
1278531 1278655
1278865 1279188
1279307 1279644
1280110 1280487
1280653 1280676
1281050 1281086
1281584 1281928
1282103 1282219
1282334 1282390
1282749 1282854
1283300 1283522
1283645 1283971
1284014 1284213
1284392 1284727
1284810 1285015
1285297 1285587
1285920 1286213
1286406 1286617
1286935 1287265
1287600 1287687
1287779 1287864
1287995 1288067
1288564 1288838
1288882 1289222
1289328 1289625
1289896 1289978
1290371 1290603
1291080 1291225
1291229 1291404
1291623 1291676
1291697 1291833
1291882 1291901
1291910 1292033
1292287 1292293
1292530 1292589
1292689 1292916
1292958 1293198
1293376 1293600
1293638 1293973
1293997 1294119
1294553 1294705
1295170 1295528
1295730 1295749
1295859 1296117
1296256 1296604
1296996 1297197
1297412 1297548
1297735 1298078
1298154 1298500
1298585 1298771
1298799 1299086
1299526 1299535
1299930 1300093
1300470 1300772
1301207 1301554
1301667 1302051
1302485 1302864
1303304 1303324
1303725 1303871
1303927 1303972
1304122 1304521
1304926 1305174
1305488 1305514
1305764 1305801
1306077 1306408
1306623 1306921
1307116 1307216
1307596 1307815
1307856 1308236
1308624 1308709
1309104 1309229
1309697 1310028
1310505 1310840
1311011 1311409
1311621 1311642
1312002 1312362
1312370 1312681
1312839 1312871
1313207 1313396
1313503 1313716
1313916 1314311
1314512 1314601
1314703 1314944
1315154 1315212
1315538 1315846
1315898 1316097
1316500 1316544
1317002 1317212
1317508 1317662
1317735 1318056
1318316 1318692
1319041 1319299
1319360 1319566
1319669 1319798
1320156 1320269
1320346 1320372
1320818 1321205
1321341 1321347
1321550 1321627
1321990 1322154
1322233 1322437
1322805 1323072
1323439 1323481
1323687 1324058
1324484 1324489
1324856 1325199
1325311 1325643
1325829 1326040
1326465 1326681
1327179 1327539
1328011 1328304
1328311 1328632
1328872 1329174
1329612 1329777
1330251 1330420
1330820 1331089
1331183 1331539
1331910 1332279
1332637 1332865
1333121 1333205
1333224 1333520
1333535 1333725
1333743 1333890
1334101 1334384
1334756 1334879
1334960 1335130
1335546 1335609
1335665 1335810
1336005 1336301
1336705 1336790
1337059 1337160
1337514 1337832
1338101 1338453
1338698 1338976
1339105 1339177
1339261 1339601
1339634 1339692
1339898 1340248
1340373 1340682
1340965 1341006
1341351 1341730
1341852 1342089
1342377 1342548
1342971 1343046
1343227 1343258
1343685 1343693
1343857 1344206
1344448 1344463
1344806 1344927
1345066 1345254
1345341 1345354
1345459 1345576
1346021 1346332
1346491 1346700
1347044 1347111
1347368 1347640
1348010 1348302
1348369 1348423
1348433 1348567
1348693 1348704
1348736 1348770
1349050 1349196
1349452 1349546
1349580 1349711
1349765 1349876
1350161 1350471
1350650 1350889
1350906 1351198
1351516 1351756
1351990 1352178
1352486 1352566
1352758 1352817
1353122 1353192
1353507 1353865
1354113 1354425
1354786 1354813
1355099 1355417
1355547 1355712
1356158 1356458
1356770 1356989
1357099 1357426
1357512 1357651
1357783 1358146
1358569 1358812
1359182 1359233
1359382 1359734
1360232 1360309
1360468 1360605
1360907 1360933
1361101 1361333
1361817 1362025
1362339 1362434
1362464 1362826
1363279 1363323
1363520 1363633
1363852 1363916
1364368 1364615
1364719 1365102
1365375 1365654
1366112 1366211
1366668 1366926
1367246 1367371
1367637 1367964
1368245 1368634
1368975 1369110
1369539 1369817
1370076 1370438
1370659 1370890
1371356 1371371
1371721 1371763
1372153 1372510
1372809 1373061
1373400 1373686
1373722 1373849
1374052 1374188
1374417 1374646
1374684 1374849
1374962 1375158
1375587 1375953
1375992 1376170
1376493 1376726
1377133 1377440
1377818 1378080
1378223 1378365
1378770 1379010
1379098 1379275
1379631 1379916
1380187 1380306
1380405 1380712
1380815 1381162
1381419 1381441
1381659 1381677
1381900 1382155
1382570 1382659
1382787 1383110
1383338 1383600
1383763 1383771
1384154 1384169
1384197 1384473
1384676 1385069
1385151 1385166
1385455 1385571
1385770 1385971
1386239 1386271
1386723 1387037
1387231 1387355
1387707 1387783
1387854 1388013
1388468 1388577
1388623 1388691
1388872 1388972
1389224 1389508
1389551 1389632
1389943 1390101
1390223 1390415
1390737 1390831
1391057 1391243
1391588 1391808
1391967 1392177
1392558 1392629
1392983 1393128
1393318 1393518
1393765 1393789
1394194 1394267
1394418 1394510
1394862 1395138
1395294 1395333
1395354 1395406
1395545 1395570
1395579 1395711
1396097 1396243
1396501 1396771
1397014 1397024
1397273 1397619
1397797 1398086
1398327 1398432
1398741 1399121
1399420 1399679
1399727 1400104
1400261 1400571
1401043 1401276
1401402 1401643
1401852 1402202
1402558 1402739
1403126 1403307
1403600 1403822
1404203 1404505
1404897 1405114
1405431 1405591
1405931 1406126
1406132 1406408
1406882 1407257
1407273 1407601
1407940 1408261
1408340 1408543
1408749 1409135
1409264 1409483
1409516 1409688
1409911 1410279
1410348 1410721
1410867 1410994
1411035 1411063
1411334 1411516
1411682 1412036
1412123 1412265
1412275 1412373
1412697 1412882
1413326 1413368
1413693 1413807
1414180 1414577
1414819 1414944
1415060 1415330
1415604 1415824
1416086 1416337
1416484 1416701
1417132 1417374
1417375 1417593
1417803 1418053
1418174 1418337
1418719 1419003
1419228 1419523
1419628 1419996
1420272 1420483
1420527 1420536
1420838 1421195
1421439 1421696
1422006 1422353
1422433 1422736
1423016 1423311
1423425 1423710
1423712 1423927
1423967 1424025
1424398 1424427
1424536 1424914
1425274 1425313
1425647 1426001
1426294 1426502
1426794 1426892
1427286 1427373
1427470 1427859
1428158 1428550
1428640 1429000
1429375 1429722
1429762 1429847
1429989 1430013
1430195 1430526
1430870 1430990
1431452 1431692
1431869 1431955
1432170 1432190
1432568 1432792
1432988 1433006
1433486 1433817
1434254 1434271
1434498 1434502
1434831 1435222
1435717 1436014
1436097 1436383
1436541 1436697
1436707 1436754
1436932 1437310
1437403 1437683
1438131 1438328
1438348 1438545
1438554 1438626
1438823 1439146
1439591 1439645
1439688 1439691
1440085 1440314
1440642 1441034
1441349 1441414
1441890 1442231
1442304 1442561
1442835 1443089
1443273 1443669
1443737 1444067
1444283 1444539
1444861 1445033
1445395 1445763
1445986 1446288
1446466 1446596
1447015 1447022
1447458 1447802
1447843 1448165
1448363 1448481
1448685 1448818
1448852 1448870
1449275 1449426
1449536 1449930
1450095 1450418
1450790 1450884
1451190 1451518
1451836 1452161
1452545 1452703
1452983 1453023
1453519 1453902
1453926 1454014
1454293 1454486
1454610 1454661
1455127 1455316
1455346 1455575
1456045 1456400
1456427 1456618
1456631 1456883
1457258 1457310
1457767 1458008
1458222 1458293
1458395 1458681
1459067 1459413
1459748 1460113
1460490 1460807
1460865 1461004
1461184 1461314
1461588 1461644
1461710 1462006
1462223 1462331
1462399 1462468
1462805 1463174
1463457 1463644
1463955 1464241
1464293 1464658
1464684 1465049
1465238 1465465
1465841 1466231
1466416 1466557
1466643 1467002
1467388 1467453
1467836 1467974
1468432 1468671
1469095 1469447
1469921 1470280
1470735 1470755
1471200 1471229
1471631 1471758
1472036 1472315
1472372 1472509
1472845 1473227
1473402 1473623
1473678 1473712
1473945 1474320
1474554 1474884
1474897 1475149
1475190 1475521
1475958 1476286
1476394 1476576
1476594 1476740
1477173 1477389
1477696 1477706
1478093 1478254
1478390 1478544
1478613 1478678
1479104 1479448
1479762 1479965
1480259 1480428
1480479 1480817
1481164 1481408
1481867 1482040
1482442 1482523
1482524 1482649
1482747 1482768
1482966 1483124
1483332 1483446
1483813 1483859
1484078 1484220
1484279 1484647
1484841 1485208
1485403 1485629
1485751 1486012
1486378 1486457
1486687 1486727
1487032 1487394
1487500 1487640
1488093 1488336
1488413 1488540
1488748 1488792
1489164 1489270
1489595 1489763
1489934 1490173
1490279 1490557
1490665 1490865
1490902 1490910
1491404 1491529
1491855 1492078
1492262 1492568
1492952 1493218
1493505 1493517
1493588 1493654
1493850 1493877
1494123 1494338
1494821 1494831
1495229 1495555
1495845 1496024
1496226 1496538
1496612 1496881
1497014 1497145
1497550 1497616
1497979 1498249
1498567 1498767
1499105 1499317
1499650 1499896
1499992 1500316
1500643 1500686
1500701 1500785
1500801 1500869
1501316 1501417
1501482 1501849
1502328 1502526
1502590 1502784
1502896 1503224
1503306 1503331
1503589 1503984
1504106 1504360
1504529 1504906
1505038 1505143
1505523 1505899
1506283 1506571
1506986 1507341
1507619 1507904
1508276 1508337
1508735 1508741
1508789 1509126
1509172 1509422
1509484 1509609
1509831 1510118
1510260 1510562
1510778 1510976
1511160 1511224
1511429 1511666
1511873 1512042
1512117 1512392
1512812 1513093
1513514 1513651
1513701 1514029
1514297 1514310
1514544 1514811
1515101 1515116
1515526 1515873
1516230 1516411
1516504 1516573
1516729 1516836
1516911 1517164
1517649 1517758
1518178 1518380
1518722 1518918
1519152 1519230
1519645 1520022
1520391 1520466
1520762 1520994
1521188 1521393
1521686 1521982
1522432 1522550
1522852 1523161
1523214 1523325
1523674 1523799
1523866 1524190
1524612 1524817
1524859 1524899
1525272 1525521
1525869 1525964
1526327 1526703
1526723 1526824
1527062 1527408
1527842 1528176
1528650 1528899
1529351 1529596
1529968 1530355
1530836 1531143
1531470 1531703
1531748 1532008
1532177 1532541
1532634 1532808
1533281 1533664
1533805 1534168
1534482 1534772
1535107 1535156
1535424 1535573
1535986 1536050
1536355 1536457
1536579 1536845
1537062 1537331
1537816 1538167
1538477 1538870
1539330 1539535
1539924 1539944
1540426 1540714
1540888 1540994
1541111 1541203
1541378 1541519
1541860 1541871
1542194 1542332
1542691 1542967
1543013 1543306
1543728 1543924
1544199 1544433
1544753 1544975
1545096 1545437
1545887 1545957
1546400 1546411
1546628 1546631
1546674 1546950
1547192 1547571
1548016 1548260
1548528 1548874
1549170 1549268
1549759 1550140
1550509 1550519
1550704 1550763
1550817 1551108
1551123 1551145
1551207 1551379
1551768 1552146
1552218 1552596
1552863 1552872
1553207 1553459
1553603 1553859
1554343 1554629
1554659 1554955
1555099 1555114
1555473 1555757
1556174 1556390
1556479 1556800
1556997 1557078
1557334 1557405
1557784 1557792
1557902 1558149
1558571 1558583
1558964 1559255
1559733 1560128
1560421 1560485
1560838 1560908
1561257 1561408
1561409 1561482
1561957 1562320
1562568 1562934
1563413 1563641
1563830 1564147
1564295 1564442
1564890 1564971
1565176 1565346
1565645 1565670
1565877 1566028
1566130 1566332
1566741 1567016
1567493 1567694
1567912 1568260
1568410 1568415
1568487 1568719
1568899 1568905
1569323 1569715
1569810 1570118
1570327 1570706
1571135 1571163
1571252 1571400
1571619 1571854
1572321 1572396
1572553 1572869
1573198 1573525
1573766 1574024
1574159 1574535
1574596 1574994
1575321 1575501
1575816 1575881
1575948 1576167
1576364 1576734
1577220 1577463
1577690 1577901
1578230 1578299
1578766 1579126
1579618 1579874
1580242 1580553
1580969 1581037
1581530 1581706
1581808 1581894
1582034 1582327
1582584 1582832
1583008 1583168
1583291 1583461
1583614 1583743
1583832 1583904
1584162 1584214
1584334 1584552
1584884 1584998
1585016 1585382
1585592 1585775
1586091 1586264
1586439 1586479
1586862 1586938
1587180 1587361
1587551 1587817
1588116 1588336
1588448 1588526
1588893 1589105
1589124 1589436
1589438 1589770
1590195 1590288
1590525 1590567
1590903 1591126
1591531 1591737
1591999 1592133
1592558 1592664
1592954 1593148
1593414 1593514
1593840 1593906
1594392 1594548
1594915 1595156
1595279 1595353
1595627 1595817
1595929 1596220
1596581 1596650
1596999 1597294
1597330 1597489
1597895 1598266
1598547 1598892
1598921 1599226
1599425 1599741
1600203 1600220
1600663 1601061
1601318 1601469
1601706 1601731
1601807 1602122
1602394 1602595
1603000 1603181
1603438 1603537
1603859 1603995
1604125 1604341
1604579 1604965
1605090 1605172
1605547 1605768
1606051 1606191
1606222 1606267
1606700 1607082
1607460 1607564
1607692 1607699
1607928 1608031
1608326 1608560
1608980 1609026
1609273 1609381
1609486 1609862
1610134 1610170
1610559 1610636
1610711 1610885
1611245 1611506
1611993 1612040
1612480 1612837
1612883 1613129
1613586 1613816
1613955 1614319
1614814 1615051
1615388 1615411
1615659 1615957
1616327 1616591
1617078 1617331
1617360 1617559
1617820 1618168
1618364 1618685
1618689 1618715
1618886 1619124
1619323 1619339
1619517 1619533
1619707 1619965
1620192 1620535
1620571 1620781
1620855 1621007
1621092 1621439
1621901 1622110
1622536 1622917
1623376 1623479
1623579 1623906
1624167 1624265
1624609 1624798
1625277 1625427
1625791 1626069
1626250 1626601
1626714 1626865
1627349 1627528
1628021 1628112
1628233 1628498
1628728 1628932
1629068 1629076
1629077 1629332
1629778 1629841
1629901 1630005
1630445 1630665
1630724 1630845
1630905 1630906
1631360 1631468
1631821 1631987
1632436 1632602
1632694 1632994
1633089 1633269
1633416 1633701
1633836 1634149
1634326 1634594
1634632 1634732
1634789 1635169
1635390 1635411
1635450 1635677
1635770 1636164
1636282 1636472
1636600 1636903
1636995 1637097
1637462 1637617
1637808 1637984
1638056 1638302
1638417 1638805
1639027 1639114
1639414 1639608
1639914 1640308
1640428 1640774
1641159 1641550
1641952 1642325
1642769 1643147
1643390 1643682
1644069 1644351
1644376 1644563
1644984 1645130
1645183 1645562
1645652 1646000
1646398 1646633
1646642 1646913
1647184 1647550
1647753 1648051
1648364 1648720
1649175 1649521
1649904 1649951
1650030 1650136
1650370 1650614
1650650 1650693
1651084 1651320
1651471 1651784
1651789 1652030
1652300 1652528
1652563 1652759
1652814 1653169
1653577 1653796
1653866 1654226
1654685 1654937
1655004 1655254
1655540 1655813
1656078 1656319
1656609 1656655
1656903 1657297
1657364 1657486
1657736 1657957
1658133 1658289
1658766 1658908
1659276 1659381
1659443 1659835
1660181 1660551
1660671 1660690
1660813 1660830
1661300 1661385
1661565 1661789
1661869 1662166
1662448 1662723
1663030 1663060
1663423 1663679
1663761 1663931
1664327 1664413
1664552 1664803
1665244 1665373
1665393 1665568
1665598 1665677
1666115 1666343
1666466 1666825
1667210 1667549
1667960 1668176
1668186 1668375
1668761 1668824
1669158 1669233
1669392 1669488
1669831 1670074
1670491 1670862
1671276 1671533
1671787 1672185
1672418 1672551
1673006 1673019
1673268 1673624
1673896 1674023
1674196 1674369
1674828 1674944
1675115 1675241
1675348 1675475
1675483 1675634
1675695 1675962
1676159 1676403
1676666 1676987
1677140 1677441
1677836 1677922
1677941 1678235
1678392 1678583
1678863 1678955
1679196 1679565
1679983 1680036
1680385 1680721
1681167 1681375
1681782 1682087
1682287 1682549
1682854 1683024
1683424 1683815
1683819 1684083
1684113 1684298
1684399 1684650
1684876 1684887
1685163 1685406
1685745 1685888
1686034 1686340
1686423 1686445
1686563 1686857
1687052 1687169
1687309 1687707
1688101 1688392
1688819 1689186
1689482 1689877
1690260 1690280
1690671 1690907
1690943 1690958
1691057 1691365
1691679 1691820
1691943 1692224
1692352 1692433
1692856 1693019
1693031 1693081
1693429 1693596
1694059 1694432
1694862 1695214
1695701 1695879
1696106 1696381
1696468 1696527
1696561 1696829
1697210 1697289
1697521 1697765
1698060 1698173
1698365 1698653
1699137 1699434
1699633 1699905
1700073 1700330
1700689 1700963
1701226 1701273
1701544 1701709
1701941 1702100
1702514 1702868
1703218 1703228
1703626 1703754
1704033 1704124
1704460 1704634
1705102 1705380
1705496 1705762
1705860 1706105
1706226 1706552
1706939 1707149
1707341 1707507
1707810 1708040
1708113 1708319
1708382 1708592
1709029 1709352
1709851 1709930
1710404 1710764
1711011 1711362
1711805 1711989
1712157 1712283
1712604 1712616
1712850 1712979
1713042 1713175
1713192 1713244
1713594 1713697
1714156 1714473
1714753 1715071
1715450 1715790
1715826 1716081
1716148 1716283
1716513 1716542
1716625 1716818
1717290 1717507
1717944 1718251
1718531 1718618
1718681 1719047
1719453 1719793
1720224 1720381
1720642 1720887
1721360 1721600
1722094 1722242
1722311 1722606
1722932 1723123
1723388 1723778
1723786 1723867
1724263 1724302
1724788 1725051
1725416 1725533
1725620 1725662
1726053 1726204
1726495 1726860
1727092 1727356
1727609 1727930
1728199 1728384
1728470 1728809
1729164 1729277
1729464 1729585
1729644 1729752
1729784 1730034
1730247 1730574
1730783 1730974
1731225 1731573
1731744 1731805
1731967 1731971
1732385 1732513
1732657 1733020
1733315 1733367
1733768 1733860
1734117 1734209
1734334 1734337
1734453 1734510
1734967 1735097
1735423 1735717
1735987 1736169
1736373 1736437
1736758 1736896
1737373 1737672
1738035 1738125
1738204 1738414
1738788 1738814
1739213 1739459
1739509 1739547
1739631 1739647
1739734 1740105
1740150 1740250
1740274 1740588
1740646 1740825
1740867 1741009
1741376 1741538
1741908 1742091
1742382 1742416
1742537 1742840
1743225 1743247
1743495 1743698
1743864 1743899
1744144 1744146
1744181 1744329
1744506 1744657
1744737 1745089
1745178 1745300
1745583 1745877
1745961 1746143
1746287 1746291
1746315 1746583
1746893 1747224
1747649 1747930
1748104 1748398
1748532 1748741
1749197 1749378
1749597 1749867
1750209 1750444
1750454 1750774
1751101 1751332
1751703 1751751
1751833 1752223
1752256 1752654
1752678 1753023
1753371 1753440
1753638 1753984
1754378 1754532
1754621 1754936
1755414 1755618
1755998 1756278
1756462 1756526
1756762 1756936
1757136 1757456
1757555 1757563
1757740 1758060
1758189 1758388
1758681 1758733
1759119 1759257
1759607 1759953
1760078 1760439
1760489 1760509
1760700 1761023
1761520 1761655
1761918 1761983
1762080 1762343
1762422 1762634
1762902 1762950
1763438 1763658
1764011 1764143
1764494 1764607
1765003 1765282
1765323 1765477
1765729 1766123
1766549 1766658
1766901 1766941
1767305 1767694
1767769 1768077
1768081 1768345
1768450 1768842
1769223 1769328
1769674 1770044
1770403 1770506
1770794 1771051
1771286 1771459
1771725 1771834
1772175 1772224
1772240 1772517
1772730 1772833
1773200 1773574
1773675 1773730
1774091 1774134
1774297 1774383
1774731 1775127
1775375 1775670
1775730 1775964
1776420 1776496
1776807 1776855
1776921 1777287
1777692 1777978
1778420 1778813
1779250 1779592
1779594 1779952
1780163 1780164
1780544 1780925
1781157 1781472
1781512 1781597
1781821 1782121
1782428 1782668
1783063 1783174
1783443 1783518
1783618 1783995
1784169 1784260
1784624 1784984
1785135 1785272
1785421 1785757
1786176 1786464
1786932 1787323
1787822 1788198
1788696 1789016
1789090 1789395
1789808 1790026
1790062 1790355
1790850 1791033
1791379 1791459
1791776 1791900
1792299 1792486
1792978 1793324
1793513 1793675
1794102 1794398
1794651 1794665
1795005 1795148
1795572 1795716
1795751 1795852
1796149 1796241
1796695 1796722
1797214 1797240
1797566 1797820
1798030 1798420
1798612 1798627
1798924 1799264
1799606 1799861
1800278 1800388
1800659 1800839
1801192 1801494
1801509 1801771
1802227 1802252
1802723 1803045
1803373 1803679
1803978 1804018
1804239 1804495
1804792 1804932
1805190 1805401
1805556 1805769
1806175 1806407
1806506 1806769
1807026 1807047
1807507 1807585
1807753 1807994
1808189 1808492
1808536 1808686
1809072 1809302
1809714 1809977
1810442 1810500
1810984 1811224
1811228 1811250
1811422 1811481
1811930 1812003
1812011 1812182
1812301 1812501
1812698 1812983
1813325 1813551
1813983 1814058
1814486 1814563
1815008 1815053
1815065 1815098
1815563 1815762
1816078 1816218
1816325 1816704
1816798 1817182
1817195 1817414
1817742 1818045
1818062 1818208
1818209 1818231
1818699 1818822
1819049 1819188
1819413 1819666
1819893 1820152
1820474 1820563
1820784 1821047
1821175 1821245
1821355 1821606
1822027 1822301
1822747 1823130
1823297 1823435
1823664 1823684
1823971 1824344
1824686 1824844
1825343 1825620
1826041 1826256
1826417 1826614
1826685 1826760
1827106 1827444
1827467 1827605
1827666 1827944
1827979 1828110
1828160 1828500
1828832 1828911
1829246 1829343
1829348 1829593
1829769 1830005
1830476 1830606
1831053 1831244
1831246 1831540
1831593 1831803
1832160 1832356
1832826 1833195
1833301 1833479
1833966 1834042
1834278 1834407
1834560 1834602
1835046 1835404
1835509 1835671
1835840 1835929
1836239 1836469
1836729 1837023
1837229 1837628
1837779 1838130
1838541 1838843
1838901 1839194
1839231 1839452
1839886 1840255
1840441 1840758
1841231 1841521
1841943 1842165
1842177 1842371
1842531 1842683
1843013 1843244
1843619 1843953
1844428 1844554
1845050 1845190
1845572 1845575
1846002 1846285
1846389 1846391
1846552 1846906
1847361 1847737
1848136 1848300
1848402 1848517
1848989 1849175
1849405 1849779
1849922 1849977
1850016 1850219
1850229 1850283
1850379 1850449
1850716 1851049
1851257 1851449
1851558 1851876
1852124 1852489
1852960 1853086
1853490 1853657
1854044 1854426
1854678 1854798
1854892 1855109
1855531 1855907
1856095 1856241
1856460 1856612
1857087 1857131
1857184 1857578
1857831 1858075
1858288 1858515
1858601 1858947
1859328 1859652
1859924 1860074
1860504 1860518
1860785 1861026
1861517 1861616
1862101 1862468
1862767 1862824
1863108 1863124
1863546 1863898
1864176 1864455
1864553 1864737
1864916 1865213
1865464 1865597
1866022 1866322
1866451 1866823
1866979 1867342
1867441 1867737
1868028 1868350
1868675 1868830
1869315 1869678
1869869 1870207
1870581 1870730
1870820 1870998
1871240 1871591
1871902 1872228
1872234 1872618
1872632 1873008
1873158 1873455
1873914 1873959
1874210 1874437
1874856 1875084
1875279 1875439
1875893 1876156
1876191 1876282
1876781 1877105
1877359 1877507
1877991 1878195
1878624 1878977
1879045 1879083
1879501 1879672
1879928 1880234
1880261 1880346
1880454 1880630
1880999 1881195
1881610 1881787
1882029 1882362
1882800 1883131
1883300 1883323
1883666 1883789
1884182 1884235
1884587 1884851
1885264 1885648
1885719 1885973
1886017 1886379
1886445 1886477
1886772 1887098
1887207 1887249
1887566 1887934
1888293 1888466
1888599 1888813
1889153 1889349
1889832 1890085
1890448 1890526
1890694 1891031
1891525 1891729
1892110 1892177
1892343 1892619
1893097 1893279
1893500 1893783
1893910 1893953
1894061 1894386
1894621 1894756
1894925 1895078
1895335 1895519
1895790 1895955
1896352 1896615
1896940 1897042
1897316 1897578
1897959 1898193
1898409 1898424
1898462 1898658
1898749 1898899
1899268 1899535
1899688 1900014
1900130 1900317
1900749 1900802
1901140 1901535
1901953 1902002
1902273 1902471
1902853 1902935
1903278 1903392
1903615 1903929
1904234 1904371
1904592 1904691
1904720 1904817
1905264 1905466
1905745 1905904
1905905 1906027
1906112 1906227
1906475 1906810
1907140 1907480
1907828 1907979
1908417 1908555
1908762 1909066
1909529 1909926
1910286 1910519
1910901 1911256
1911259 1911446
1911557 1911704
1912150 1912243
1912697 1912835
1912983 1913228
1913308 1913602
1913615 1913642
1913882 1913986
1914156 1914436
1914822 1915217
1915410 1915560
1915700 1915950
1916353 1916606
1916887 1917161
1917458 1917824
1918195 1918460
1918878 1919038
1919358 1919549
1919902 1919965
1920068 1920380
1920412 1920634
1920850 1920887
1921069 1921131
1921554 1921559
1921748 1921794
1921816 1921985
1922241 1922271
1922515 1922655
1923107 1923116
1923134 1923322
1923503 1923778
1924036 1924041
1924529 1924737
1924897 1924978
1925325 1925387
1925653 1925891
1926214 1926314
1926493 1926515
1926744 1927072
1927450 1927658
1927779 1928165
1928455 1928470
1928522 1928774
1929188 1929289
1929304 1929642
1929958 1929961
1930034 1930178
1930294 1930641
1931057 1931327
1931693 1931841
1931886 1932043
1932111 1932308
1932702 1933088
1933283 1933660
1933802 1934096
1934476 1934725
1934844 1935003
1935252 1935370
1935530 1935718
1935775 1936067
1936561 1936744
1937091 1937261
1937463 1937772
1938097 1938389
1938502 1938738
1938850 1938890
1939365 1939555
1939626 1939846
1940247 1940560
1940617 1940696
1940786 1941086
1941511 1941626
1941683 1942018
1942470 1942758
1942880 1943184
1943299 1943693
1943747 1944052
1944481 1944587
1944936 1944975
1945404 1945558
1946037 1946313
1946476 1946749
1947076 1947402
1947849 1948187
1948521 1948811
1948818 1949170
1949439 1949784
1950113 1950182
1950207 1950383
1950521 1950673
1951050 1951323
1951444 1951767
1952217 1952428
1952526 1952709
1952853 1953105
1953495 1953639
1954135 1954314
1954694 1954718
1954971 1955068
1955411 1955810
1956142 1956301
1956799 1957153
1957228 1957300
1957317 1957508
1957751 1958099
1958142 1958232
1958584 1958887
1959215 1959436
1959650 1959686
1960009 1960406
1960505 1960590
1960739 1960764
1960826 1960958
1961117 1961174
1961297 1961459
1961736 1962100
1962468 1962508
1962779 1962927
1963248 1963598
1963940 1964317
1964441 1964699
1965062 1965268
1965416 1965701
1965782 1965999
1966292 1966558
1966849 1967174
1967524 1967792
1968145 1968148
1968395 1968538
1968659 1968831
1968997 1969145
1969476 1969659
1969994 1970103
1970540 1970582
1970643 1970883
1971112 1971327
1971489 1971499
1971544 1971734
1972222 1972438
1972809 1972833
1973306 1973533
1973892 1974047
1974167 1974524
1974856 1975250
1975338 1975623
1975655 1975753
1976082 1976172
1976417 1976741
1976754 1977091
1977152 1977374
1977695 1978060
1978539 1978880
1978983 1979310
1979694 1979979
1980065 1980109
1980324 1980446
1980786 1980876
1981193 1981475
1981577 1981941
1982159 1982546
1982925 1983080
1983204 1983520
1983631 1983909
1983916 1983918
1984152 1984327
1984444 1984843
1985256 1985313
1985433 1985519
1985932 1986087
1986317 1986419
1986437 1986822
1987171 1987279
1987350 1987428
1987915 1988134
1988423 1988790
1989190 1989315
1989463 1989610
1990074 1990318
1990362 1990384
1990429 1990817
1990904 1991250
1991735 1991919
1992120 1992481
1992826 1992894
1993102 1993354
1993575 1993652
1994140 1994188
1994294 1994582
1994586 1994755
1995085 1995231
1995503 1995715
1996043 1996214
1996386 1996704
1996851 1997019
1997268 1997432
1997576 1997694
1997900 1998008
1998191 1998236
1998269 1998622
1999063 1999441
1999713 1999728
1999769 2000112
2000453 2000561
2000685 2001014
2001048 2001235
2001451 2001725
2001795 2002117
2002570 2002591
2002904 2002954
2003286 2003424
2003583 2003710
2003915 2004181
2004344 2004450
2004584 2004721
2004974 2005139
2005353 2005460
2005702 2005900
2005919 2006064
2006279 2006609
2006738 2006812
2007077 2007204
2007504 2007870
2007929 2008282
2008474 2008488
2008519 2008885
2008925 2009157
2009197 2009386
2009650 2010013
2010370 2010481
2010976 2011324
2011468 2011591
2011974 2012199
2012576 2012909
2013093 2013182
2013423 2013803
2014241 2014474
2014837 2014907
2015243 2015576
2015760 2016103
2016133 2016494
2016690 2016883
2016891 2017021
2017112 2017174
2017256 2017572
2017701 2018046
2018413 2018598
2018657 2018725
2018888 2019088
2019208 2019604
2020040 2020322
2020396 2020410
2020810 2020993
2021037 2021208
2021336 2021713
2021933 2022265
2022566 2022574
2023069 2023107
2023436 2023675
2024091 2024227
2024243 2024589
2024813 2024947
2025438 2025610
2025628 2025773
2026260 2026522
2026696 2027059
2027327 2027664
2028126 2028253
2028418 2028528
2028688 2028784
2029281 2029675
2029838 2029990
2030451 2030479
2030546 2030686
2031182 2031239
2031660 2031877
2032371 2032412
2032735 2032766
2033169 2033265
2033717 2033760
2033993 2034192
2034426 2034678
2034792 2034961
2034971 2035180
2035281 2035337
2035705 2035733
2035831 2036176
2036217 2036370
2036593 2036937
2037307 2037312
2037462 2037550
2037748 2038088
2038231 2038373
2038387 2038518
2038629 2038943
2039097 2039496
2039765 2040041
2040312 2040681
2041136 2041194
2041505 2041688
2042153 2042484
2042863 2042889
2043166 2043563
2043588 2043740
2043895 2044294
2044373 2044727
2044998 2045072
2045503 2045632
2045945 2046000
2046375 2046413
2046514 2046651
2047103 2047277
2047702 2047999
2048213 2048496
2048570 2048808
2049271 2049397
2049769 2049936
2050015 2050124
2050424 2050781
2051085 2051313
2051437 2051794
2051830 2052166
2052435 2052753
2053218 2053424
2053784 2054078
2054387 2054456
2054672 2054814
2055312 2055540
2055573 2055842
2056130 2056201
2056233 2056359
2056489 2056606
2056991 2057334
2057338 2057547
2057871 2058085
2058528 2058834
2059247 2059440
2059883 2060052
2060112 2060370
2060433 2060737
2060777 2061125
2061533 2061590
2062047 2062310
2062522 2062803
2062950 2063143
2063634 2063845
2064189 2064246
2064458 2064690
2065080 2065280
2065765 2065948
2066108 2066172
2066639 2066833
2067229 2067380
2067568 2067600
2067953 2068141
2068401 2068412
2068625 2069015
2069389 2069459
2069466 2069716
2070024 2070209
2070350 2070602
2071076 2071194
2071603 2071991
2072116 2072210
2072613 2072718
2072818 2073068
2073196 2073419
2073439 2073646
2074138 2074202
2074288 2074299
2074789 2074842
2075238 2075373
2075819 2075854
2076339 2076493
2076675 2076768
2076869 2077209
2077414 2077480
2077783 2078056
2078467 2078766
2079222 2079457
2079462 2079835
2080105 2080428
2080701 2081034
2081475 2081834
2082139 2082326
2082682 2083023
2083043 2083307
2083428 2083575
2083690 2083947
2084039 2084108
2084211 2084473
2084749 2084951
2085079 2085082
2085245 2085471
2085777 2085914
2086404 2086696
2086719 2087076
2087160 2087475
2087733 2088056
2088403 2088722
2088782 2088961
2089357 2089383
2089668 2089848
2089984 2090041
2090491 2090602
2090956 2091031
2091141 2091321
2091436 2091455
2091706 2091933
2092403 2092609
2092854 2093008
2093497 2093562
2093922 2094111
2094539 2094876
2095254 2095513
2096001 2096218
2096413 2096802
2097140 2097422
2097817 2098031
2098206 2098336
2098370 2098536
2098808 2099164
2099270 2099525
2099693 2099729
2099900 2100117
2100430 2100729
2100867 2100874
2101015 2101239
2101729 2101980
2102372 2102538
2102886 2103084
2103443 2103451
2103878 2104276
2104492 2104821
2105257 2105378
2105865 2106199
2106339 2106435
2106634 2106755
2106801 2106984
2107380 2107595
2107712 2107823
2107886 2108138
2108626 2108756
2109013 2109060
2109513 2109728
2110101 2110265
2110532 2110904
2111399 2111788
2111953 2112154
2112416 2112815
2113234 2113290
2113725 2114062
2114069 2114122
2114420 2114453
2114571 2114595
2114942 2115122
2115372 2115631
2115854 2116051
2116092 2116430
2116928 2117232
2117598 2117886
2118313 2118590
2118785 2118867
2119346 2119707
2120112 2120329
2120397 2120538
2120710 2121033
2121357 2121424
2121440 2121541
2121784 2121803
2122297 2122675
2122686 2122994
2123178 2123519
2123560 2123779
2123787 2123798
2124055 2124084
2124236 2124324
2124666 2124725
2125023 2125406
2125451 2125584
2125912 2126133
2126471 2126650
2126896 2127126
2127271 2127284
2127674 2127826
2128258 2128515
2128566 2128915
2129233 2129627
2129884 2130271
2130558 2130633
2130966 2131317
2131679 2131965
2131976 2132217
2132415 2132739
2132960 2133290
2133649 2133902
2133937 2134266
2134540 2134562
2135031 2135228
2135671 2135752
2136191 2136572
2136584 2136590
2137080 2137324
2137764 2138120
2138500 2138798
2138911 2139078
2139442 2139751
2140220 2140578
2140765 2140810
2141289 2141528
2141806 2141965
2142069 2142433
2142825 2143091
2143201 2143226
2143653 2143838
2143876 2144022
2144426 2144711
2145057 2145142
2145391 2145609
2145891 2146120
2146606 2146803
2147171 2147188
2147271 2147326
2147806 2148199
2148329 2148674
2149107 2149429
2149441 2149598
2149958 2150121
2150246 2150516
2150602 2150947
2151319 2151594
2151897 2152242
2152578 2152904
2153009 2153198
2153282 2153661
2153807 2154046
2154339 2154677
2154908 2154997
2155279 2155308
2155491 2155758
2155844 2155982
2156281 2156469
2156551 2156649
2156964 2157300
2157302 2157419
2157620 2157659
2157826 2158076
2158353 2158665
2159028 2159263
2159424 2159818
2159969 2160280
2160461 2160659
2160716 2161019
2161246 2161576
2161775 2162070
2162106 2162240
2162355 2162590
2162625 2162863
2163122 2163175
2163514 2163703
2163856 2163932
2164150 2164227
2164278 2164615
2164808 2165047
2165310 2165511
2165579 2165976
2166275 2166468
2166664 2166690
2166735 2166904
2166980 2167341
2167376 2167563
2167619 2167686
2168128 2168347
2168534 2168850
2168919 2169144
2169363 2169651
2169897 2170116
2170272 2170503
2170949 2171029
2171424 2171425
2171914 2172170
2172526 2172709
2172820 2172996
2173210 2173379
2173873 2174109
2174161 2174492
2174498 2174884
2175338 2175455
2175630 2175893
2175983 2175995
2176442 2176606
2176703 2176968
2177123 2177308
2177646 2177787
2177874 2178095
2178234 2178364
2178582 2178876
2178958 2179102
2179528 2179704
2179940 2180246
2180419 2180570
2180586 2180711
2180810 2181178
2181212 2181435
2181717 2181776
2182231 2182343
2182368 2182707
2183169 2183213
2183512 2183534
2183550 2183692
2184106 2184278
2184611 2184743
2185135 2185496
2185662 2185849
2186153 2186174
2186560 2186670
2187167 2187268
2187682 2188032
2188330 2188381
2188736 2189081
2189128 2189358
2189588 2189696
2189843 2190096
2190163 2190345
2190569 2190616
2191092 2191245
2191374 2191392
2191721 2191841
2192277 2192302
2192656 2192974
2193026 2193223
2193564 2193710
2193958 2194307
2194419 2194764
2195130 2195368
2195632 2195947
2196035 2196361
2196631 2196949
2197284 2197607
2197631 2197895
2198353 2198594
2198775 2198793
2198915 2199192
2199392 2199409
2199547 2199775
2200176 2200537
2200617 2200785
2201270 2201574
2201886 2201936
2202117 2202419
2202723 2202842
2202883 2203098
2203109 2203279
2203656 2203902
2204322 2204336
2204706 2205094
2205516 2205586
2205941 2206113
2206233 2206350
2206660 2206777
2207232 2207400
2207892 2208014
2208304 2208613
2208736 2209094
2209376 2209396
2209861 2210137
2210426 2210521
2210622 2210818
2211062 2211297
2211730 2211895
2212225 2212498
2212877 2213260
2213447 2213762
2214227 2214428
2214658 2214815
2215052 2215249
2215686 2215932
2216267 2216482
2216530 2216726
2216757 2217074
2217343 2217617
2217689 2217764
2218023 2218133
2218380 2218584
2218633 2218700
2219008 2219234
2219576 2219746
2219805 2220112
2220191 2220265
2220414 2220690
2221101 2221339
2221594 2221979
2222062 2222113
2222527 2222835
2223266 2223504
2223672 2223827
2224318 2224681
2224797 2224807
2225109 2225441
2225806 2226055
2226488 2226585
2226708 2226710
2226892 2226921
2227388 2227735
2228014 2228231
2228423 2228473
2228745 2229141
2229523 2229747
2230031 2230075
2230274 2230483
2230793 2230938
2231227 2231617
2231666 2231914
2232137 2232492
2232696 2233059
2233085 2233454
2233739 2233818
2234168 2234428
2234509 2234735
2234848 2235107
2235351 2235569
2235613 2235721
2235732 2235984
2236216 2236393
2236510 2236825
2237099 2237321
2237760 2237902
2238389 2238535
2238892 2238963
2239330 2239594
2239830 2239983
2240439 2240678
2240981 2241025
2241422 2241602
2242040 2242370
2242834 2243226
2243575 2243876
2244356 2244466
2244947 2245076
2245235 2245500
2245841 2246114
2246273 2246518
2246651 2246871
2247301 2247385
2247770 2248123
2248178 2248405
2248846 2249235
2249550 2249587
2249933 2250278
2250550 2250803
2251265 2251600
2251981 2252218
2252639 2252689
2252841 2252860
2253127 2253371
2253730 2253937
2254164 2254353
2254449 2254464
2254516 2254647
2255117 2255234
2255359 2255640
2255757 2255773
2256039 2256301
2256418 2256579
2256830 2256998
2257134 2257233
2257670 2257966
2258131 2258159
2258559 2258943
2259219 2259611
2259904 2259962
2260064 2260402
2260479 2260559
2260832 2261019
2261375 2261593
2261947 2261972
2262288 2262508
2262671 2262993
