  0;  0;0.460305;0.795539;0.000000;43.81
  0;392;0.460305;0.795533;0.000006;43.80
  0;400;0.460305;0.795539;0.000000;43.81
  8;  0;0.484050;0.771794;0.000000;41.80
  8;  8;0.484050;0.771794;0.000000;41.80
  8;392;0.484050;0.771788;0.000006;41.80
  8;400;0.484050;0.771794;0.000000;41.80
 16;  0;0.508450;0.747394;0.000000;39.81
 16;  8;0.508450;0.747394;0.000000;39.81
 16; 16;0.508450;0.747394;0.000000;39.81
 16;392;0.508450;0.747388;0.000006;39.80
 16;400;0.508450;0.747394;0.000000;39.81
 24;  0;0.533467;0.722377;0.000000;37.77
 24;  8;0.533467;0.722377;0.000000;37.77
 24; 16;0.533467;0.722377;0.000000;37.77
 24; 24;0.533467;0.722377;0.000000;37.77
 24;392;0.533467;0.722371;0.000006;37.76
 24;400;0.533467;0.722377;0.000000;37.77
 32;  0;0.559081;0.696763;0.000000;35.68
 32;  8;0.559081;0.696763;0.000000;35.68
 32; 16;0.559081;0.696763;0.000000;35.68
 32; 24;0.559081;0.696763;0.000000;35.68
 32; 32;0.559081;0.696763;0.000000;35.68
 32;392;0.559081;0.696757;0.000006;35.67
 32;400;0.559081;0.696763;0.000000;35.68
 40;  0;0.585317;0.670527;0.000000;33.51
 40;  8;0.585317;0.670527;0.000000;33.51
 40; 16;0.585317;0.670527;0.000000;33.51
 40; 24;0.585317;0.670527;0.000000;33.51
 40; 32;0.585317;0.670527;0.000000;33.51
 40; 40;0.585317;0.670527;0.000000;33.51
 40;392;0.585317;0.670521;0.000006;33.50
 40;400;0.585317;0.670527;0.000000;33.51
 48;  0;0.612181;0.643663;0.000000;31.37
 48;  8;0.612181;0.643663;0.000000;31.37
 48; 16;0.612181;0.643663;0.000000;31.37
 48; 24;0.612181;0.643663;0.000000;31.37
 48; 32;0.612181;0.643663;0.000000;31.37
 48; 40;0.612181;0.643663;0.000000;31.37
 48; 48;0.612181;0.643663;0.000000;31.37
 48;392;0.612181;0.643657;0.000006;31.36
 48;400;0.612181;0.643663;0.000000;31.37
 56;  0;0.639607;0.616237;0.000000;29.19
 56;  8;0.639607;0.616237;0.000000;29.19
 56; 16;0.639607;0.616237;0.000000;29.19
 56; 24;0.639607;0.616237;0.000000;29.19
 56; 32;0.639607;0.616237;0.000000;29.19
 56; 40;0.639607;0.616237;0.000000;29.19
 56; 48;0.639607;0.616237;0.000000;29.19
 56; 56;0.639607;0.616237;0.000000;29.19
 56;392;0.639607;0.616231;0.000006;29.18
 56;400;0.639607;0.616237;0.000000;29.19
 64;  0;0.667489;0.588355;0.000000;27.05
 64;  8;0.667489;0.588355;0.000000;27.05
 64; 16;0.667489;0.588355;0.000000;27.05
 64; 24;0.667489;0.588355;0.000000;27.05
 64; 32;0.667489;0.588355;0.000000;27.05
 64; 40;0.667489;0.588355;0.000000;27.05
 64; 48;0.667489;0.588355;0.000000;27.05
 64; 56;0.667489;0.588355;0.000000;27.05
 64; 64;0.667489;0.588355;0.000000;27.05
 64;392;0.667489;0.588349;0.000006;27.04
 64;400;0.667489;0.588355;0.000000;27.05
 72;  0;0.695718;0.560126;0.000000;24.92
 72;  8;0.695718;0.560126;0.000000;24.92
 72; 16;0.695718;0.560126;0.000000;24.92
 72; 24;0.695718;0.560126;0.000000;24.92
 72; 32;0.695718;0.560126;0.000000;24.92
 72; 40;0.695718;0.560126;0.000000;24.92
 72; 48;0.695718;0.560126;0.000000;24.92
 72; 56;0.695718;0.560126;0.000000;24.92
 72; 64;0.695718;0.560126;0.000000;24.92
 72; 72;0.695718;0.560126;0.000000;24.92
 72;392;0.695718;0.560120;0.000006;24.91
 72;400;0.695718;0.560126;0.000000;24.92
 80;  0;0.724238;0.531606;0.000000;22.85
 80;  8;0.724238;0.531606;0.000000;22.85
 80; 16;0.724238;0.531606;0.000000;22.85
 80; 24;0.724238;0.531606;0.000000;22.85
 80; 32;0.724238;0.531606;0.000000;22.85
 80; 40;0.724238;0.531606;0.000000;22.85
 80; 48;0.724238;0.531606;0.000000;22.85
 80; 56;0.724238;0.531606;0.000000;22.85
 80; 64;0.724238;0.531606;0.000000;22.85
 80; 72;0.724238;0.531606;0.000000;22.85
 80; 80;0.724238;0.531606;0.000000;22.85
 80;392;0.724238;0.531600;0.000006;22.84
 80;400;0.724238;0.531606;0.000000;22.85
 88;  0;0.752905;0.502939;0.000000;20.75
 88;  8;0.752905;0.502939;0.000000;20.75
 88; 16;0.752905;0.502939;0.000000;20.75
 88; 24;0.752905;0.502939;0.000000;20.75
 88; 32;0.752905;0.502939;0.000000;20.75
 88; 40;0.752905;0.502939;0.000000;20.75
 88; 48;0.752905;0.502939;0.000000;20.75
 88; 56;0.752905;0.502939;0.000000;20.75
 88; 64;0.752905;0.502939;0.000000;20.75
 88; 72;0.752905;0.502939;0.000000;20.75
 88; 80;0.752905;0.502939;0.000000;20.75
 88; 88;0.752905;0.502939;0.000000;20.75
 88;392;0.752905;0.502933;0.000006;20.74
 88;400;0.752905;0.502939;0.000000;20.75
 96;  0;0.781693;0.474151;0.000000;18.75
 96;  8;0.781693;0.474151;0.000000;18.75
 96; 16;0.781693;0.474151;0.000000;18.75
 96; 24;0.781693;0.474151;0.000000;18.75
 96; 32;0.781693;0.474151;0.000000;18.75
 96; 40;0.781693;0.474151;0.000000;18.75
 96; 48;0.781693;0.474151;0.000000;18.75
 96; 56;0.781693;0.474151;0.000000;18.75
 96; 64;0.781693;0.474151;0.000000;18.75
 96; 72;0.781693;0.474151;0.000000;18.75
 96; 80;0.781693;0.474151;0.000000;18.75
 96; 88;0.781693;0.474151;0.000000;18.75
 96; 96;0.781693;0.474151;0.000000;18.75
 96;392;0.781693;0.474145;0.000006;18.74
 96;400;0.781693;0.474151;0.000000;18.75
104;  0;0.810298;0.445546;0.000000;16.92
104;  8;0.810298;0.445546;0.000000;16.92
104; 16;0.810298;0.445546;0.000000;16.92
104; 24;0.810298;0.445546;0.000000;16.92
104; 32;0.810298;0.445546;0.000000;16.92
104; 40;0.810298;0.445546;0.000000;16.92
104; 48;0.810298;0.445546;0.000000;16.92
104; 56;0.810298;0.445546;0.000000;16.92
104; 64;0.810298;0.445546;0.000000;16.92
104; 72;0.810298;0.445546;0.000000;16.92
104; 80;0.810298;0.445546;0.000000;16.92
104; 88;0.810298;0.445546;0.000000;16.92
104; 96;0.810298;0.445546;0.000000;16.92
104;104;0.810298;0.445546;0.000000;16.92
104;392;0.810298;0.445540;0.000006;16.91
104;400;0.810298;0.445546;0.000000;16.92
112;  0;0.838633;0.417211;0.000000;15.01
112;  8;0.838633;0.417211;0.000000;15.01
112; 16;0.838633;0.417211;0.000000;15.01
112; 24;0.838633;0.417211;0.000000;15.01
112; 32;0.838633;0.417211;0.000000;15.01
112; 40;0.838633;0.417211;0.000000;15.01
112; 48;0.838633;0.417211;0.000000;15.01
112; 56;0.838633;0.417211;0.000000;15.01
112; 64;0.838633;0.417211;0.000000;15.01
112; 72;0.838633;0.417211;0.000000;15.01
112; 80;0.838633;0.417211;0.000000;15.01
112; 88;0.838633;0.417211;0.000000;15.01
112; 96;0.838633;0.417211;0.000000;15.01
112;104;0.838633;0.417211;0.000000;15.01
112;112;0.838633;0.417211;0.000000;15.01
112;392;0.838633;0.417205;0.000006;15.00
112;400;0.838633;0.417211;0.000000;15.01
120;  0;0.866831;0.389013;0.000000;13.16
120;  8;0.866831;0.389013;0.000000;13.16
120; 16;0.866831;0.389013;0.000000;13.16
120; 24;0.866831;0.389013;0.000000;13.16
120; 32;0.866831;0.389013;0.000000;13.16
120; 40;0.866831;0.389013;0.000000;13.16
120; 48;0.866831;0.389013;0.000000;13.16
120; 56;0.866831;0.389013;0.000000;13.16
120; 64;0.866831;0.389013;0.000000;13.16
120; 72;0.866831;0.389013;0.000000;13.16
120; 80;0.866831;0.389013;0.000000;13.16
120; 88;0.866831;0.389013;0.000000;13.16
120; 96;0.866831;0.389013;0.000000;13.16
120;104;0.866831;0.389013;0.000000;13.16
120;112;0.866831;0.389013;0.000000;13.16
120;120;0.866831;0.389013;0.000000;13.16
120;392;0.866831;0.389007;0.000006;13.15
120;400;0.866831;0.389013;0.000000;13.16
128;  0;0.894658;0.361186;0.000000;11.48
128;  8;0.894658;0.361186;0.000000;11.48
128; 16;0.894658;0.361186;0.000000;11.48
128; 24;0.894658;0.361186;0.000000;11.48
128; 32;0.894658;0.361186;0.000000;11.48
128; 40;0.894658;0.361186;0.000000;11.48
128; 48;0.894658;0.361186;0.000000;11.48
128; 56;0.894658;0.361186;0.000000;11.48
128; 64;0.894658;0.361186;0.000000;11.48
128; 72;0.894658;0.361186;0.000000;11.48
128; 80;0.894658;0.361186;0.000000;11.48
128; 88;0.894658;0.361186;0.000000;11.48
128; 96;0.894658;0.361186;0.000000;11.48
128;104;0.894658;0.361186;0.000000;11.48
128;112;0.894658;0.361186;0.000000;11.48
128;120;0.894658;0.361186;0.000000;11.48
128;128;0.894658;0.361186;0.000000;11.48
128;392;0.894658;0.361180;0.000006;11.47
128;400;0.894658;0.361186;0.000000;11.48
136;  0;0.921863;0.333981;0.000000;9.93
136;  8;0.921863;0.333981;0.000000;9.93
136; 16;0.921863;0.333981;0.000000;9.93
136; 24;0.921863;0.333981;0.000000;9.93
136; 32;0.921863;0.333981;0.000000;9.93
136; 40;0.921863;0.333981;0.000000;9.93
136; 48;0.921863;0.333981;0.000000;9.93
136; 56;0.921863;0.333981;0.000000;9.93
136; 64;0.921863;0.333981;0.000000;9.93
136; 72;0.921863;0.333981;0.000000;9.93
136; 80;0.921863;0.333981;0.000000;9.93
136; 88;0.921863;0.333981;0.000000;9.93
136; 96;0.921863;0.333981;0.000000;9.93
136;104;0.921863;0.333981;0.000000;9.93
136;112;0.921863;0.333981;0.000000;9.93
136;120;0.921863;0.333981;0.000000;9.93
136;128;0.921863;0.333981;0.000000;9.93
136;136;0.921863;0.333981;0.000000;9.93
136;392;0.921863;0.333975;0.000006;9.92
136;400;0.921863;0.333981;0.000000;9.93
144;  0;0.948337;0.307507;0.000000;8.48
144;  8;0.948337;0.307507;0.000000;8.48
144; 16;0.948337;0.307507;0.000000;8.48
144; 24;0.948337;0.307507;0.000000;8.48
144; 32;0.948337;0.307507;0.000000;8.48
144; 40;0.948337;0.307507;0.000000;8.48
144; 48;0.948337;0.307507;0.000000;8.48
144; 56;0.948337;0.307507;0.000000;8.48
144; 64;0.948337;0.307507;0.000000;8.48
144; 72;0.948337;0.307507;0.000000;8.48
144; 80;0.948337;0.307507;0.000000;8.48
144; 88;0.948337;0.307507;0.000000;8.48
144; 96;0.948337;0.307507;0.000000;8.48
144;104;0.948337;0.307507;0.000000;8.48
144;112;0.948337;0.307507;0.000000;8.48
144;120;0.948337;0.307507;0.000000;8.48
144;128;0.948337;0.307507;0.000000;8.48
144;136;0.948337;0.307507;0.000000;8.48
144;144;0.948337;0.307507;0.000000;8.48
144;392;0.948337;0.307501;0.000006;8.48
144;400;0.948337;0.307507;0.000000;8.48
152;  0;0.974050;0.281794;0.000000;7.07
152;  8;0.974050;0.281794;0.000000;7.07
152; 16;0.974050;0.281794;0.000000;7.07
152; 24;0.974050;0.281794;0.000000;7.07
152; 32;0.974050;0.281794;0.000000;7.07
152; 40;0.974050;0.281794;0.000000;7.07
152; 48;0.974050;0.281794;0.000000;7.07
152; 56;0.974050;0.281794;0.000000;7.07
152; 64;0.974050;0.281794;0.000000;7.07
152; 72;0.974050;0.281794;0.000000;7.07
152; 80;0.974050;0.281794;0.000000;7.07
152; 88;0.974050;0.281794;0.000000;7.07
152; 96;0.974050;0.281794;0.000000;7.07
152;104;0.974050;0.281794;0.000000;7.07
152;112;0.974050;0.281794;0.000000;7.07
152;120;0.974050;0.281794;0.000000;7.07
152;128;0.974050;0.281794;0.000000;7.07
152;136;0.974050;0.281794;0.000000;7.07
152;144;0.974050;0.281794;0.000000;7.07
152;152;0.974050;0.281794;0.000000;7.07
152;392;0.974050;0.281788;0.000006;7.06
152;400;0.974050;0.281794;0.000000;7.07
160;  0;0.998965;0.256879;0.000000;5.77
160;  8;0.998965;0.256879;0.000000;5.77
160; 16;0.998965;0.256879;0.000000;5.77
160; 24;0.998965;0.256879;0.000000;5.77
160; 32;0.998965;0.256879;0.000000;5.77
160; 40;0.998965;0.256879;0.000000;5.77
160; 48;0.998965;0.256879;0.000000;5.77
160; 56;0.998965;0.256879;0.000000;5.77
160; 64;0.998965;0.256879;0.000000;5.77
160; 72;0.998965;0.256879;0.000000;5.77
160; 80;0.998965;0.256879;0.000000;5.77
160; 88;0.998965;0.256879;0.000000;5.77
160; 96;0.998965;0.256879;0.000000;5.77
160;104;0.998965;0.256879;0.000000;5.77
160;112;0.998965;0.256879;0.000000;5.77
160;120;0.998965;0.256879;0.000000;5.77
160;128;0.998965;0.256879;0.000000;5.77
160;136;0.998965;0.256879;0.000000;5.77
160;144;0.998965;0.256879;0.000000;5.77
160;152;0.998965;0.256879;0.000000;5.77
160;160;0.998965;0.256879;0.000000;5.77
160;392;0.998965;0.256873;0.000006;5.76
160;400;0.998965;0.256879;0.000000;5.77
168;  0;1.022864;0.232980;0.000000;4.65
168;  8;1.022864;0.232980;0.000000;4.65
168; 16;1.022864;0.232980;0.000000;4.65
168; 24;1.022864;0.232980;0.000000;4.65
168; 32;1.022864;0.232980;0.000000;4.65
168; 40;1.022864;0.232980;0.000000;4.65
168; 48;1.022864;0.232980;0.000000;4.65
168; 56;1.022864;0.232980;0.000000;4.65
168; 64;1.022864;0.232980;0.000000;4.65
168; 72;1.022864;0.232980;0.000000;4.65
168; 80;1.022864;0.232980;0.000000;4.65
168; 88;1.022864;0.232980;0.000000;4.65
168; 96;1.022864;0.232980;0.000000;4.65
168;104;1.022864;0.232980;0.000000;4.65
168;112;1.022864;0.232980;0.000000;4.65
168;120;1.022864;0.232980;0.000000;4.65
168;128;1.022864;0.232980;0.000000;4.65
168;136;1.022864;0.232980;0.000000;4.65
168;144;1.022864;0.232980;0.000000;4.65
168;152;1.022864;0.232980;0.000000;4.65
168;160;1.022864;0.232980;0.000000;4.65
168;168;1.022864;0.232980;0.000000;4.65
168;392;1.022864;0.232974;0.000006;4.64
168;400;1.022864;0.232980;0.000000;4.65
176;  0;1.045668;0.210176;0.000000;3.64
176;  8;1.045668;0.210176;0.000000;3.64
176; 16;1.045668;0.210176;0.000000;3.64
176; 24;1.045668;0.210176;0.000000;3.64
176; 32;1.045668;0.210176;0.000000;3.64
176; 40;1.045668;0.210176;0.000000;3.64
176; 48;1.045668;0.210176;0.000000;3.64
176; 56;1.045668;0.210176;0.000000;3.64
176; 64;1.045668;0.210176;0.000000;3.64
176; 72;1.045668;0.210176;0.000000;3.64
176; 80;1.045668;0.210176;0.000000;3.64
176; 88;1.045668;0.210176;0.000000;3.64
176; 96;1.045668;0.210176;0.000000;3.64
176;104;1.045668;0.210176;0.000000;3.64
176;112;1.045668;0.210176;0.000000;3.64
176;120;1.045668;0.210176;0.000000;3.64
176;128;1.045668;0.210176;0.000000;3.64
176;136;1.045668;0.210176;0.000000;3.64
176;144;1.045668;0.210176;0.000000;3.64
176;152;1.045668;0.210176;0.000000;3.64
176;160;1.045668;0.210176;0.000000;3.64
176;168;1.045668;0.210176;0.000000;3.64
176;176;1.045668;0.210176;0.000000;3.64
176;368;1.045668;0.209991;0.000185;3.47
176;376;1.045668;0.210090;0.000086;3.57
176;384;1.045668;0.210143;0.000033;3.60
176;392;1.045668;0.210170;0.000006;3.63
176;400;1.045668;0.210176;0.000000;3.64
184;  0;1.067269;0.188575;0.000000;2.73
184;  8;1.067269;0.188575;0.000000;2.73
184; 16;1.067269;0.188575;0.000000;2.73
184; 24;1.067269;0.188575;0.000000;2.73
184; 32;1.067269;0.188575;0.000000;2.73
184; 40;1.067269;0.188575;0.000000;2.73
184; 48;1.067269;0.188575;0.000000;2.73
184; 56;1.067269;0.188575;0.000000;2.73
184; 64;1.067269;0.188575;0.000000;2.73
184; 72;1.067269;0.188575;0.000000;2.73
184; 80;1.067269;0.188575;0.000000;2.73
184; 88;1.067269;0.188575;0.000000;2.73
184; 96;1.067269;0.188575;0.000000;2.73
184;104;1.067269;0.188575;0.000000;2.73
184;112;1.067269;0.188575;0.000000;2.73
184;120;1.067269;0.188575;0.000000;2.73
184;128;1.067269;0.188575;0.000000;2.73
184;136;1.067269;0.188575;0.000000;2.73
184;144;1.067269;0.188575;0.000000;2.73
184;152;1.067269;0.188575;0.000000;2.73
184;160;1.067269;0.188575;0.000000;2.73
184;168;1.067269;0.188575;0.000000;2.73
184;176;1.067269;0.188575;0.000000;2.73
184;184;1.067269;0.188575;0.000000;2.73
184;368;1.067269;0.188390;0.000185;2.56
184;376;1.067269;0.188489;0.000086;2.66
184;384;1.067269;0.188542;0.000033;2.69
184;392;1.067269;0.188569;0.000006;2.72
184;400;1.067269;0.188575;0.000000;2.73
192;  0;1.087647;0.168197;0.000000;1.91
192;  8;1.087647;0.168197;0.000000;1.91
192; 16;1.087647;0.168197;0.000000;1.91
192; 24;1.087647;0.168197;0.000000;1.91
192; 32;1.087647;0.168197;0.000000;1.91
192; 40;1.087647;0.168197;0.000000;1.91
192; 48;1.087647;0.168197;0.000000;1.91
192; 56;1.087647;0.168197;0.000000;1.91
192; 64;1.087647;0.168197;0.000000;1.91
192; 72;1.087647;0.168197;0.000000;1.91
192; 80;1.087647;0.168197;0.000000;1.91
192; 88;1.087647;0.168197;0.000000;1.91
192; 96;1.087647;0.168197;0.000000;1.91
192;104;1.087647;0.168197;0.000000;1.91
192;112;1.087647;0.168197;0.000000;1.91
192;120;1.087647;0.168197;0.000000;1.91
192;128;1.087647;0.168197;0.000000;1.91
192;136;1.087647;0.168197;0.000000;1.91
192;144;1.087647;0.168197;0.000000;1.91
192;152;1.087647;0.168197;0.000000;1.91
192;160;1.087647;0.168197;0.000000;1.91
192;168;1.087647;0.168197;0.000000;1.91
192;176;1.087647;0.168197;0.000000;1.91
192;184;1.087647;0.168197;0.000000;1.91
192;192;1.087647;0.168197;0.000000;1.91
192;368;1.087647;0.168012;0.000185;1.75
192;376;1.087647;0.168111;0.000086;1.85
192;384;1.087647;0.168164;0.000033;1.87
192;392;1.087647;0.168191;0.000006;1.90
192;400;1.087647;0.168197;0.000000;1.91
200;  0;1.106818;0.149026;0.000000;1.19
200;  8;1.106818;0.149026;0.000000;1.19
200; 16;1.106818;0.149026;0.000000;1.19
200; 24;1.106818;0.149026;0.000000;1.19
200; 32;1.106818;0.149026;0.000000;1.19
200; 40;1.106818;0.149026;0.000000;1.19
200; 48;1.106818;0.149026;0.000000;1.19
200; 56;1.106818;0.149026;0.000000;1.19
200; 64;1.106818;0.149026;0.000000;1.19
200; 72;1.106818;0.149026;0.000000;1.19
200; 80;1.106818;0.149026;0.000000;1.19
200; 88;1.106818;0.149026;0.000000;1.19
200; 96;1.106818;0.149026;0.000000;1.19
200;104;1.106818;0.149026;0.000000;1.19
200;112;1.106818;0.149026;0.000000;1.19
200;120;1.106818;0.149026;0.000000;1.19
200;128;1.106818;0.149026;0.000000;1.19
200;136;1.106818;0.149026;0.000000;1.19
200;144;1.106818;0.149026;0.000000;1.19
200;152;1.106818;0.149026;0.000000;1.19
200;160;1.106818;0.149026;0.000000;1.19
200;168;1.106818;0.149026;0.000000;1.19
200;176;1.106818;0.149026;0.000000;1.19
200;184;1.106818;0.149026;0.000000;1.19
200;192;1.106818;0.149026;0.000000;1.19
200;200;1.106818;0.149026;0.000000;1.19
200;208;1.106818;0.017891;0.131135;-14.59
200;360;1.106818;0.148636;0.000390;0.96
200;368;1.106818;0.148841;0.000185;1.02
200;376;1.106818;0.148940;0.000086;1.13
200;384;1.106818;0.148993;0.000033;1.15
200;392;1.106818;0.149020;0.000006;1.18
200;400;1.106818;0.149026;0.000000;1.19
208;  0;1.124709;0.131135;0.000000;0.59
208;  8;1.124709;0.131135;0.000000;0.59
208; 16;1.124709;0.131135;0.000000;0.59
208; 24;1.124709;0.131135;0.000000;0.59
208; 32;1.124709;0.131135;0.000000;0.59
208; 40;1.124709;0.131135;0.000000;0.59
208; 48;1.124709;0.131135;0.000000;0.59
208; 56;1.124709;0.131135;0.000000;0.59
208; 64;1.124709;0.131135;0.000000;0.59
208; 72;1.124709;0.131135;0.000000;0.59
208; 80;1.124709;0.131135;0.000000;0.59
208; 88;1.124709;0.131135;0.000000;0.59
208; 96;1.124709;0.131135;0.000000;0.59
208;104;1.124709;0.131135;0.000000;0.59
208;112;1.124709;0.131135;0.000000;0.59
208;120;1.124709;0.131135;0.000000;0.59
208;128;1.124709;0.131135;0.000000;0.59
208;136;1.124709;0.131135;0.000000;0.59
208;144;1.124709;0.131135;0.000000;0.59
208;152;1.124709;0.131135;0.000000;0.59
208;160;1.124709;0.131135;0.000000;0.59
208;168;1.124709;0.131135;0.000000;0.59
208;176;1.124709;0.131135;0.000000;0.59
208;184;1.124709;0.131135;0.000000;0.59
208;192;1.124709;0.131135;0.000000;0.59
208;200;1.124709;0.131135;0.000000;0.59
208;208;1.124709;0.131135;0.000000;0.59
208;360;1.124709;0.130745;0.000390;0.37
208;368;1.124709;0.130950;0.000185;0.43
208;376;1.124709;0.131049;0.000086;0.53
208;384;1.124709;0.131102;0.000033;0.56
208;392;1.124709;0.131129;0.000006;0.59
208;400;1.124709;0.131135;0.000000;0.59
216;  0;1.141399;0.114445;0.000000;-0.02
216;  8;1.141399;0.114445;0.000000;-0.02
216; 16;1.141399;0.114445;0.000000;-0.02
216; 24;1.141399;0.114445;0.000000;-0.02
216; 32;1.141399;0.114445;0.000000;-0.02
216; 40;1.141399;0.114445;0.000000;-0.02
216; 48;1.141399;0.114445;0.000000;-0.02
216; 56;1.141399;0.114445;0.000000;-0.02
216; 64;1.141399;0.114445;0.000000;-0.02
216; 72;1.141399;0.114445;0.000000;-0.02
216; 80;1.141399;0.114445;0.000000;-0.02
216; 88;1.141399;0.114445;0.000000;-0.02
216; 96;1.141399;0.114445;0.000000;-0.02
216;104;1.141399;0.114445;0.000000;-0.02
216;112;1.141399;0.114445;0.000000;-0.02
216;120;1.141399;0.114445;0.000000;-0.02
216;128;1.141399;0.114445;0.000000;-0.02
216;136;1.141399;0.114445;0.000000;-0.02
216;144;1.141399;0.114445;0.000000;-0.02
216;152;1.141399;0.114445;0.000000;-0.02
216;160;1.141399;0.114445;0.000000;-0.02
216;168;1.141399;0.114445;0.000000;-0.02
216;176;1.141399;0.114445;0.000000;-0.02
216;184;1.141399;0.114445;0.000000;-0.02
216;192;1.141399;0.114445;0.000000;-0.02
216;200;1.141399;0.114445;0.000000;-0.02
216;208;1.141399;0.114445;0.000000;-0.02
216;216;1.141399;0.114445;0.000000;-0.02
216;224;1.141399;0.015548;0.098897;-13.91
216;232;1.141399;0.029950;0.084495;-12.72
216;240;1.141399;0.042996;0.071449;-11.61
216;248;1.141399;0.054792;0.059653;-10.44
216;256;1.141399;0.065283;0.049162;-9.26
216;264;1.141399;0.074559;0.039886;-8.14
216;272;1.141399;0.082667;0.031778;-7.11
216;280;1.141399;0.089599;0.024846;-6.02
216;288;1.141399;0.095496;0.018949;-5.16
216;296;1.141399;0.100427;0.014018;-4.21
216;304;1.141399;0.104376;0.010069;-3.31
216;312;1.141399;0.107456;0.006989;-2.52
216;320;1.141399;0.109681;0.004764;-1.77
216;328;1.141399;0.111252;0.003193;-1.27
216;336;1.141399;0.112368;0.002077;-0.90
216;344;1.141399;0.113156;0.001289;-0.67
216;352;1.141399;0.113714;0.000731;-0.45
216;360;1.141399;0.114055;0.000390;-0.25
216;368;1.141399;0.114260;0.000185;-0.18
216;376;1.141399;0.114359;0.000086;-0.08
216;384;1.141399;0.114412;0.000033;-0.06
216;392;1.141399;0.114439;0.000006;-0.03
216;400;1.141399;0.114445;0.000000;-0.02
224;  0;1.156947;0.098897;0.000000;-0.54
224;  8;1.156947;0.098897;0.000000;-0.54
224; 16;1.156947;0.098897;0.000000;-0.54
224; 24;1.156947;0.098897;0.000000;-0.54
224; 32;1.156947;0.098897;0.000000;-0.54
224; 40;1.156947;0.098897;0.000000;-0.54
224; 48;1.156947;0.098897;0.000000;-0.54
224; 56;1.156947;0.098897;0.000000;-0.54
224; 64;1.156947;0.098897;0.000000;-0.54
224; 72;1.156947;0.098897;0.000000;-0.54
224; 80;1.156947;0.098897;0.000000;-0.54
224; 88;1.156947;0.098897;0.000000;-0.54
224; 96;1.156947;0.098897;0.000000;-0.54
224;104;1.156947;0.098897;0.000000;-0.54
224;112;1.156947;0.098897;0.000000;-0.54
224;120;1.156947;0.098897;0.000000;-0.54
224;128;1.156947;0.098897;0.000000;-0.54
224;136;1.156947;0.098897;0.000000;-0.54
224;144;1.156947;0.098897;0.000000;-0.54
224;152;1.156947;0.098897;0.000000;-0.54
224;160;1.156947;0.098897;0.000000;-0.54
224;168;1.156947;0.098897;0.000000;-0.54
224;176;1.156947;0.098897;0.000000;-0.54
224;184;1.156947;0.098897;0.000000;-0.54
224;192;1.156947;0.098897;0.000000;-0.54
224;200;1.156947;0.098897;0.000000;-0.54
224;208;1.156947;0.098897;0.000000;-0.54
224;216;1.156947;0.098897;0.000000;-0.54
224;224;1.156947;0.098897;0.000000;-0.54
224;232;1.156947;0.014402;0.084495;-13.25
224;240;1.156947;0.027448;0.071449;-12.13
224;248;1.156947;0.039244;0.059653;-10.97
224;256;1.156947;0.049735;0.049162;-9.78
224;264;1.156947;0.059011;0.039886;-8.67
224;272;1.156947;0.067119;0.031778;-7.64
224;280;1.156947;0.074051;0.024846;-6.55
224;288;1.156947;0.079948;0.018949;-5.68
224;296;1.156947;0.084879;0.014018;-4.74
224;304;1.156947;0.088828;0.010069;-3.84
224;312;1.156947;0.091908;0.006989;-3.05
224;320;1.156947;0.094133;0.004764;-2.30
224;328;1.156947;0.095704;0.003193;-1.79
224;336;1.156947;0.096820;0.002077;-1.42
224;344;1.156947;0.097608;0.001289;-1.19
224;352;1.156947;0.098166;0.000731;-0.98
224;360;1.156947;0.098507;0.000390;-0.77
224;368;1.156947;0.098712;0.000185;-0.71
224;376;1.156947;0.098811;0.000086;-0.61
224;384;1.156947;0.098864;0.000033;-0.58
224;392;1.156947;0.098891;0.000006;-0.55
224;400;1.156947;0.098897;0.000000;-0.54
232;  0;1.171349;0.084495;0.000000;-0.88
232;  8;1.171349;0.084495;0.000000;-0.88
232; 16;1.171349;0.084495;0.000000;-0.88
232; 24;1.171349;0.084495;0.000000;-0.88
232; 32;1.171349;0.084495;0.000000;-0.88
232; 40;1.171349;0.084495;0.000000;-0.88
232; 48;1.171349;0.084495;0.000000;-0.88
232; 56;1.171349;0.084495;0.000000;-0.88
232; 64;1.171349;0.084495;0.000000;-0.88
232; 72;1.171349;0.084495;0.000000;-0.88
232; 80;1.171349;0.084495;0.000000;-0.88
232; 88;1.171349;0.084495;0.000000;-0.88
232; 96;1.171349;0.084495;0.000000;-0.88
232;104;1.171349;0.084495;0.000000;-0.88
232;112;1.171349;0.084495;0.000000;-0.88
232;120;1.171349;0.084495;0.000000;-0.88
232;128;1.171349;0.084495;0.000000;-0.88
232;136;1.171349;0.084495;0.000000;-0.88
232;144;1.171349;0.084495;0.000000;-0.88
232;152;1.171349;0.084495;0.000000;-0.88
232;160;1.171349;0.084495;0.000000;-0.88
232;168;1.171349;0.084495;0.000000;-0.88
232;176;1.171349;0.084495;0.000000;-0.88
232;184;1.171349;0.084495;0.000000;-0.88
232;192;1.171349;0.084495;0.000000;-0.88
232;200;1.171349;0.084495;0.000000;-0.88
232;208;1.171349;0.084495;0.000000;-0.88
232;216;1.171349;0.084495;0.000000;-0.88
232;224;1.171349;0.084495;0.000000;-0.88
232;232;1.171349;0.084495;0.000000;-0.88
232;240;1.171349;0.013046;0.071449;-12.47
232;248;1.171349;0.024842;0.059653;-11.31
232;256;1.171349;0.035333;0.049162;-10.12
232;264;1.171349;0.044609;0.039886;-9.00
232;272;1.171349;0.052717;0.031778;-7.98
232;280;1.171349;0.059649;0.024846;-6.89
232;288;1.171349;0.065546;0.018949;-6.02
232;296;1.171349;0.070477;0.014018;-5.08
232;304;1.171349;0.074426;0.010069;-4.18
232;312;1.171349;0.077506;0.006989;-3.39
232;320;1.171349;0.079731;0.004764;-2.64
232;328;1.171349;0.081302;0.003193;-2.13
232;336;1.171349;0.082418;0.002077;-1.76
232;344;1.171349;0.083206;0.001289;-1.53
232;352;1.171349;0.083764;0.000731;-1.31
232;360;1.171349;0.084105;0.000390;-1.11
232;368;1.171349;0.084310;0.000185;-1.05
232;376;1.171349;0.084409;0.000086;-0.95
232;384;1.171349;0.084462;0.000033;-0.92
232;392;1.171349;0.084489;0.000006;-0.89
232;400;1.171349;0.084495;0.000000;-0.88
240;  0;1.184395;0.071449;0.000000;-1.17
240;  8;1.184395;0.071449;0.000000;-1.17
240; 16;1.184395;0.071449;0.000000;-1.17
240; 24;1.184395;0.071449;0.000000;-1.17
240; 32;1.184395;0.071449;0.000000;-1.17
240; 40;1.184395;0.071449;0.000000;-1.17
240; 48;1.184395;0.071449;0.000000;-1.17
240; 56;1.184395;0.071449;0.000000;-1.17
240; 64;1.184395;0.071449;0.000000;-1.17
240; 72;1.184395;0.071449;0.000000;-1.17
240; 80;1.184395;0.071449;0.000000;-1.17
240; 88;1.184395;0.071449;0.000000;-1.17
240; 96;1.184395;0.071449;0.000000;-1.17
240;104;1.184395;0.071449;0.000000;-1.17
240;112;1.184395;0.071449;0.000000;-1.17
240;120;1.184395;0.071449;0.000000;-1.17
240;128;1.184395;0.071449;0.000000;-1.17
240;136;1.184395;0.071449;0.000000;-1.17
240;144;1.184395;0.071449;0.000000;-1.17
240;152;1.184395;0.071449;0.000000;-1.17
240;160;1.184395;0.071449;0.000000;-1.17
240;168;1.184395;0.071449;0.000000;-1.17
240;176;1.184395;0.071449;0.000000;-1.17
240;184;1.184395;0.071449;0.000000;-1.17
240;192;1.184395;0.071449;0.000000;-1.17
240;200;1.184395;0.071449;0.000000;-1.17
240;208;1.184395;0.071449;0.000000;-1.17
240;216;1.184395;0.071449;0.000000;-1.17
240;224;1.184395;0.071449;0.000000;-1.17
240;232;1.184395;0.071449;0.000000;-1.17
240;240;1.184395;0.071449;0.000000;-1.17
240;248;1.184395;0.011796;0.059653;-11.60
240;256;1.184395;0.022287;0.049162;-10.41
240;264;1.184395;0.031563;0.039886;-9.29
240;272;1.184395;0.039671;0.031778;-8.27
240;280;1.184395;0.046603;0.024846;-7.18
240;288;1.184395;0.052500;0.018949;-6.31
240;296;1.184395;0.057431;0.014018;-5.36
240;304;1.184395;0.061380;0.010069;-4.46
240;312;1.184395;0.064460;0.006989;-3.67
240;320;1.184395;0.066685;0.004764;-2.92
240;328;1.184395;0.068256;0.003193;-2.42
240;336;1.184395;0.069372;0.002077;-2.05
240;344;1.184395;0.070160;0.001289;-1.82
240;352;1.184395;0.070718;0.000731;-1.60
240;360;1.184395;0.071059;0.000390;-1.40
240;368;1.184395;0.071264;0.000185;-1.34
240;376;1.184395;0.071363;0.000086;-1.23
240;384;1.184395;0.071416;0.000033;-1.21
240;392;1.184395;0.071443;0.000006;-1.18
240;400;1.184395;0.071449;0.000000;-1.17
248;  0;1.196191;0.059653;0.000000;-1.35
248;  8;1.196191;0.059653;0.000000;-1.35
248; 16;1.196191;0.059653;0.000000;-1.35
248; 24;1.196191;0.059653;0.000000;-1.35
248; 32;1.196191;0.059653;0.000000;-1.35
248; 40;1.196191;0.059653;0.000000;-1.35
248; 48;1.196191;0.059653;0.000000;-1.35
248; 56;1.196191;0.059653;0.000000;-1.35
248; 64;1.196191;0.059653;0.000000;-1.35
248; 72;1.196191;0.059653;0.000000;-1.35
248; 80;1.196191;0.059653;0.000000;-1.35
248; 88;1.196191;0.059653;0.000000;-1.35
248; 96;1.196191;0.059653;0.000000;-1.35
248;104;1.196191;0.059653;0.000000;-1.35
248;112;1.196191;0.059653;0.000000;-1.35
248;120;1.196191;0.059653;0.000000;-1.35
248;128;1.196191;0.059653;0.000000;-1.35
248;136;1.196191;0.059653;0.000000;-1.35
248;144;1.196191;0.059653;0.000000;-1.35
248;152;1.196191;0.059653;0.000000;-1.35
248;160;1.196191;0.059653;0.000000;-1.35
248;168;1.196191;0.059653;0.000000;-1.35
248;176;1.196191;0.059653;0.000000;-1.35
248;184;1.196191;0.059653;0.000000;-1.35
248;192;1.196191;0.059653;0.000000;-1.35
248;200;1.196191;0.059653;0.000000;-1.35
248;208;1.196191;0.059653;0.000000;-1.35
248;216;1.196191;0.059653;0.000000;-1.35
248;224;1.196191;0.059653;0.000000;-1.35
248;232;1.196191;0.059653;0.000000;-1.35
248;240;1.196191;0.059653;0.000000;-1.35
248;248;1.196191;0.059653;0.000000;-1.35
248;256;1.196191;0.010491;0.049162;-10.59
248;264;1.196191;0.019767;0.039886;-9.47
248;272;1.196191;0.027875;0.031778;-8.45
248;280;1.196191;0.034807;0.024846;-7.36
248;288;1.196191;0.040704;0.018949;-6.49
248;296;1.196191;0.045635;0.014018;-5.54
248;304;1.196191;0.049584;0.010069;-4.64
248;312;1.196191;0.052664;0.006989;-3.85
248;320;1.196191;0.054889;0.004764;-3.10
248;328;1.196191;0.056460;0.003193;-2.60
248;336;1.196191;0.057576;0.002077;-2.23
248;344;1.196191;0.058364;0.001289;-2.00
248;352;1.196191;0.058922;0.000731;-1.78
248;360;1.196191;0.059263;0.000390;-1.58
248;368;1.196191;0.059468;0.000185;-1.52
248;376;1.196191;0.059567;0.000086;-1.41
248;384;1.196191;0.059620;0.000033;-1.39
248;392;1.196191;0.059647;0.000006;-1.36
248;400;1.196191;0.059653;0.000000;-1.35
256;  0;1.206682;0.049162;0.000000;-1.44
256;  8;1.206682;0.049162;0.000000;-1.44
256; 16;1.206682;0.049162;0.000000;-1.44
256; 24;1.206682;0.049162;0.000000;-1.44
256; 32;1.206682;0.049162;0.000000;-1.44
256; 40;1.206682;0.049162;0.000000;-1.44
256; 48;1.206682;0.049162;0.000000;-1.44
256; 56;1.206682;0.049162;0.000000;-1.44
256; 64;1.206682;0.049162;0.000000;-1.44
256; 72;1.206682;0.049162;0.000000;-1.44
256; 80;1.206682;0.049162;0.000000;-1.44
256; 88;1.206682;0.049162;0.000000;-1.44
256; 96;1.206682;0.049162;0.000000;-1.44
256;104;1.206682;0.049162;0.000000;-1.44
256;112;1.206682;0.049162;0.000000;-1.44
256;120;1.206682;0.049162;0.000000;-1.44
256;128;1.206682;0.049162;0.000000;-1.44
256;136;1.206682;0.049162;0.000000;-1.44
256;144;1.206682;0.049162;0.000000;-1.44
256;152;1.206682;0.049162;0.000000;-1.44
256;160;1.206682;0.049162;0.000000;-1.44
256;168;1.206682;0.049162;0.000000;-1.44
256;176;1.206682;0.049162;0.000000;-1.44
256;184;1.206682;0.049162;0.000000;-1.44
256;192;1.206682;0.049162;0.000000;-1.44
256;200;1.206682;0.049162;0.000000;-1.44
256;208;1.206682;0.049162;0.000000;-1.44
256;216;1.206682;0.049162;0.000000;-1.44
256;224;1.206682;0.049162;0.000000;-1.44
256;232;1.206682;0.049162;0.000000;-1.44
256;240;1.206682;0.049162;0.000000;-1.44
256;248;1.206682;0.049162;0.000000;-1.44
256;256;1.206682;0.049162;0.000000;-1.44
256;264;1.206682;0.009276;0.039886;-9.56
256;272;1.206682;0.017384;0.031778;-8.53
256;280;1.206682;0.024316;0.024846;-7.44
256;288;1.206682;0.030213;0.018949;-6.58
256;296;1.206682;0.035144;0.014018;-5.63
256;304;1.206682;0.039093;0.010069;-4.73
256;312;1.206682;0.042173;0.006989;-3.94
256;320;1.206682;0.044398;0.004764;-3.19
256;328;1.206682;0.045969;0.003193;-2.69
256;336;1.206682;0.047085;0.002077;-2.32
256;344;1.206682;0.047873;0.001289;-2.09
256;352;1.206682;0.048431;0.000731;-1.87
256;360;1.206682;0.048772;0.000390;-1.66
256;368;1.206682;0.048977;0.000185;-1.60
256;376;1.206682;0.049076;0.000086;-1.50
256;384;1.206682;0.049129;0.000033;-1.48
256;392;1.206682;0.049156;0.000006;-1.45
256;400;1.206682;0.049162;0.000000;-1.44
264;  0;1.215958;0.039886;0.000000;-1.48
264;  8;1.215958;0.039886;0.000000;-1.48
264; 16;1.215958;0.039886;0.000000;-1.48
264; 24;1.215958;0.039886;0.000000;-1.48
264; 32;1.215958;0.039886;0.000000;-1.48
264; 40;1.215958;0.039886;0.000000;-1.48
264; 48;1.215958;0.039886;0.000000;-1.48
264; 56;1.215958;0.039886;0.000000;-1.48
264; 64;1.215958;0.039886;0.000000;-1.48
264; 72;1.215958;0.039886;0.000000;-1.48
264; 80;1.215958;0.039886;0.000000;-1.48
264; 88;1.215958;0.039886;0.000000;-1.48
264; 96;1.215958;0.039886;0.000000;-1.48
264;104;1.215958;0.039886;0.000000;-1.48
264;112;1.215958;0.039886;0.000000;-1.48
264;120;1.215958;0.039886;0.000000;-1.48
264;128;1.215958;0.039886;0.000000;-1.48
264;136;1.215958;0.039886;0.000000;-1.48
264;144;1.215958;0.039886;0.000000;-1.48
264;152;1.215958;0.039886;0.000000;-1.48
264;160;1.215958;0.039886;0.000000;-1.48
264;168;1.215958;0.039886;0.000000;-1.48
264;176;1.215958;0.039886;0.000000;-1.48
264;184;1.215958;0.039886;0.000000;-1.48
264;192;1.215958;0.039886;0.000000;-1.48
264;200;1.215958;0.039886;0.000000;-1.48
264;208;1.215958;0.039886;0.000000;-1.48
264;216;1.215958;0.039886;0.000000;-1.48
264;224;1.215958;0.039886;0.000000;-1.48
264;232;1.215958;0.039886;0.000000;-1.48
264;240;1.215958;0.039886;0.000000;-1.48
264;248;1.215958;0.039886;0.000000;-1.48
264;256;1.215958;0.039886;0.000000;-1.48
264;264;1.215958;0.039886;0.000000;-1.48
264;272;1.215958;0.008108;0.031778;-8.57
264;280;1.215958;0.015040;0.024846;-7.48
264;288;1.215958;0.020937;0.018949;-6.62
264;296;1.215958;0.025868;0.014018;-5.67
264;304;1.215958;0.029817;0.010069;-4.77
264;312;1.215958;0.032897;0.006989;-3.98
264;320;1.215958;0.035122;0.004764;-3.23
264;328;1.215958;0.036693;0.003193;-2.73
264;336;1.215958;0.037809;0.002077;-2.36
264;344;1.215958;0.038597;0.001289;-2.13
264;352;1.215958;0.039155;0.000731;-1.91
264;360;1.215958;0.039496;0.000390;-1.71
264;368;1.215958;0.039701;0.000185;-1.64
264;376;1.215958;0.039800;0.000086;-1.54
264;384;1.215958;0.039853;0.000033;-1.52
264;392;1.215958;0.039880;0.000006;-1.49
264;400;1.215958;0.039886;0.000000;-1.48
272;  0;1.224066;0.031778;0.000000;-1.49
272;  8;1.224066;0.031778;0.000000;-1.49
272; 16;1.224066;0.031778;0.000000;-1.49
272; 24;1.224066;0.031778;0.000000;-1.49
272; 32;1.224066;0.031778;0.000000;-1.49
272; 40;1.224066;0.031778;0.000000;-1.49
272; 48;1.224066;0.031778;0.000000;-1.49
272; 56;1.224066;0.031778;0.000000;-1.49
272; 64;1.224066;0.031778;0.000000;-1.49
272; 72;1.224066;0.031778;0.000000;-1.49
272; 80;1.224066;0.031778;0.000000;-1.49
272; 88;1.224066;0.031778;0.000000;-1.49
272; 96;1.224066;0.031778;0.000000;-1.49
272;104;1.224066;0.031778;0.000000;-1.49
272;112;1.224066;0.031778;0.000000;-1.49
272;120;1.224066;0.031778;0.000000;-1.49
272;128;1.224066;0.031778;0.000000;-1.49
272;136;1.224066;0.031778;0.000000;-1.49
272;144;1.224066;0.031778;0.000000;-1.49
272;152;1.224066;0.031778;0.000000;-1.49
272;160;1.224066;0.031778;0.000000;-1.49
272;168;1.224066;0.031778;0.000000;-1.49
272;176;1.224066;0.031778;0.000000;-1.49
272;184;1.224066;0.031778;0.000000;-1.49
272;192;1.224066;0.031778;0.000000;-1.49
272;200;1.224066;0.031778;0.000000;-1.49
272;208;1.224066;0.031778;0.000000;-1.49
272;216;1.224066;0.031778;0.000000;-1.49
272;224;1.224066;0.031778;0.000000;-1.49
272;232;1.224066;0.031778;0.000000;-1.49
272;240;1.224066;0.031778;0.000000;-1.49
272;248;1.224066;0.031778;0.000000;-1.49
272;256;1.224066;0.031778;0.000000;-1.49
272;264;1.224066;0.031778;0.000000;-1.49
272;272;1.224066;0.031778;0.000000;-1.49
272;280;1.224066;0.006932;0.024846;-7.49
272;288;1.224066;0.012829;0.018949;-6.63
272;296;1.224066;0.017760;0.014018;-5.68
272;304;1.224066;0.021709;0.010069;-4.78
272;312;1.224066;0.024789;0.006989;-3.99
272;320;1.224066;0.027014;0.004764;-3.24
272;328;1.224066;0.028585;0.003193;-2.74
272;336;1.224066;0.029701;0.002077;-2.37
272;344;1.224066;0.030489;0.001289;-2.14
272;352;1.224066;0.031047;0.000731;-1.92
272;360;1.224066;0.031388;0.000390;-1.72
272;368;1.224066;0.031593;0.000185;-1.66
272;376;1.224066;0.031692;0.000086;-1.55
272;384;1.224066;0.031745;0.000033;-1.53
272;392;1.224066;0.031772;0.000006;-1.50
272;400;1.224066;0.031778;0.000000;-1.49
280;  0;1.230998;0.024846;0.000000;-1.39
280;  8;1.230998;0.024846;0.000000;-1.39
280; 16;1.230998;0.024846;0.000000;-1.39
280; 24;1.230998;0.024846;0.000000;-1.39
280; 32;1.230998;0.024846;0.000000;-1.39
280; 40;1.230998;0.024846;0.000000;-1.39
280; 48;1.230998;0.024846;0.000000;-1.39
280; 56;1.230998;0.024846;0.000000;-1.39
280; 64;1.230998;0.024846;0.000000;-1.39
280; 72;1.230998;0.024846;0.000000;-1.39
280; 80;1.230998;0.024846;0.000000;-1.39
280; 88;1.230998;0.024846;0.000000;-1.39
280; 96;1.230998;0.024846;0.000000;-1.39
280;104;1.230998;0.024846;0.000000;-1.39
280;112;1.230998;0.024846;0.000000;-1.39
280;120;1.230998;0.024846;0.000000;-1.39
280;128;1.230998;0.024846;0.000000;-1.39
280;136;1.230998;0.024846;0.000000;-1.39
280;144;1.230998;0.024846;0.000000;-1.39
280;152;1.230998;0.024846;0.000000;-1.39
280;160;1.230998;0.024846;0.000000;-1.39
280;168;1.230998;0.024846;0.000000;-1.39
280;176;1.230998;0.024846;0.000000;-1.39
280;184;1.230998;0.024846;0.000000;-1.39
280;192;1.230998;0.024846;0.000000;-1.39
280;200;1.230998;0.024846;0.000000;-1.39
280;208;1.230998;0.024846;0.000000;-1.39
280;216;1.230998;0.024846;0.000000;-1.39
280;224;1.230998;0.024846;0.000000;-1.39
280;232;1.230998;0.024846;0.000000;-1.39
280;240;1.230998;0.024846;0.000000;-1.39
280;248;1.230998;0.024846;0.000000;-1.39
280;256;1.230998;0.024846;0.000000;-1.39
280;264;1.230998;0.024846;0.000000;-1.39
280;272;1.230998;0.024846;0.000000;-1.39
280;280;1.230998;0.024846;0.000000;-1.39
280;288;1.230998;0.005897;0.018949;-6.53
280;296;1.230998;0.010828;0.014018;-5.59
280;304;1.230998;0.014777;0.010069;-4.69
280;312;1.230998;0.017857;0.006989;-3.90
280;320;1.230998;0.020082;0.004764;-3.15
280;328;1.230998;0.021653;0.003193;-2.64
280;336;1.230998;0.022769;0.002077;-2.27
280;344;1.230998;0.023557;0.001289;-2.04
280;352;1.230998;0.024115;0.000731;-1.82
280;360;1.230998;0.024456;0.000390;-1.62
280;368;1.230998;0.024661;0.000185;-1.56
280;376;1.230998;0.024760;0.000086;-1.46
280;384;1.230998;0.024813;0.000033;-1.43
280;392;1.230998;0.024840;0.000006;-1.40
280;400;1.230998;0.024846;0.000000;-1.39
288;  0;1.236895;0.018949;0.000000;-1.34
288;  8;1.236895;0.018949;0.000000;-1.34
288; 16;1.236895;0.018949;0.000000;-1.34
288; 24;1.236895;0.018949;0.000000;-1.34
288; 32;1.236895;0.018949;0.000000;-1.34
288; 40;1.236895;0.018949;0.000000;-1.34
288; 48;1.236895;0.018949;0.000000;-1.34
288; 56;1.236895;0.018949;0.000000;-1.34
288; 64;1.236895;0.018949;0.000000;-1.34
288; 72;1.236895;0.018949;0.000000;-1.34
288; 80;1.236895;0.018949;0.000000;-1.34
288; 88;1.236895;0.018949;0.000000;-1.34
288; 96;1.236895;0.018949;0.000000;-1.34
288;104;1.236895;0.018949;0.000000;-1.34
288;112;1.236895;0.018949;0.000000;-1.34
288;120;1.236895;0.018949;0.000000;-1.34
288;128;1.236895;0.018949;0.000000;-1.34
288;136;1.236895;0.018949;0.000000;-1.34
288;144;1.236895;0.018949;0.000000;-1.34
288;152;1.236895;0.018949;0.000000;-1.34
288;160;1.236895;0.018949;0.000000;-1.34
288;168;1.236895;0.018949;0.000000;-1.34
288;176;1.236895;0.018949;0.000000;-1.34
288;184;1.236895;0.018949;0.000000;-1.34
288;192;1.236895;0.018949;0.000000;-1.34
288;200;1.236895;0.018949;0.000000;-1.34
288;208;1.236895;0.018949;0.000000;-1.34
288;216;1.236895;0.018949;0.000000;-1.34
288;224;1.236895;0.018949;0.000000;-1.34
288;232;1.236895;0.018949;0.000000;-1.34
288;240;1.236895;0.018949;0.000000;-1.34
288;248;1.236895;0.018949;0.000000;-1.34
288;256;1.236895;0.018949;0.000000;-1.34
288;264;1.236895;0.018949;0.000000;-1.34
288;272;1.236895;0.018949;0.000000;-1.34
288;280;1.236895;0.018949;0.000000;-1.34
288;288;1.236895;0.018949;0.000000;-1.34
288;296;1.236895;0.004931;0.014018;-5.54
288;304;1.236895;0.008880;0.010069;-4.64
288;312;1.236895;0.011960;0.006989;-3.85
288;320;1.236895;0.014185;0.004764;-3.10
288;328;1.236895;0.015756;0.003193;-2.59
288;336;1.236895;0.016872;0.002077;-2.22
288;344;1.236895;0.017660;0.001289;-1.99
288;352;1.236895;0.018218;0.000731;-1.77
288;360;1.236895;0.018559;0.000390;-1.57
288;368;1.236895;0.018764;0.000185;-1.51
288;376;1.236895;0.018863;0.000086;-1.41
288;384;1.236895;0.018916;0.000033;-1.38
288;392;1.236895;0.018943;0.000006;-1.35
288;400;1.236895;0.018949;0.000000;-1.34
296;  0;1.241826;0.014018;0.000000;-1.19
296;  8;1.241826;0.014018;0.000000;-1.19
296; 16;1.241826;0.014018;0.000000;-1.19
296; 24;1.241826;0.014018;0.000000;-1.19
296; 32;1.241826;0.014018;0.000000;-1.19
296; 40;1.241826;0.014018;0.000000;-1.19
296; 48;1.241826;0.014018;0.000000;-1.19
296; 56;1.241826;0.014018;0.000000;-1.19
296; 64;1.241826;0.014018;0.000000;-1.19
296; 72;1.241826;0.014018;0.000000;-1.19
296; 80;1.241826;0.014018;0.000000;-1.19
296; 88;1.241826;0.014018;0.000000;-1.19
296; 96;1.241826;0.014018;0.000000;-1.19
296;104;1.241826;0.014018;0.000000;-1.19
296;112;1.241826;0.014018;0.000000;-1.19
296;120;1.241826;0.014018;0.000000;-1.19
296;128;1.241826;0.014018;0.000000;-1.19
296;136;1.241826;0.014018;0.000000;-1.19
296;144;1.241826;0.014018;0.000000;-1.19
296;152;1.241826;0.014018;0.000000;-1.19
296;160;1.241826;0.014018;0.000000;-1.19
296;168;1.241826;0.014018;0.000000;-1.19
296;176;1.241826;0.014018;0.000000;-1.19
296;184;1.241826;0.014018;0.000000;-1.19
296;192;1.241826;0.014018;0.000000;-1.19
296;200;1.241826;0.014018;0.000000;-1.19
296;208;1.241826;0.014018;0.000000;-1.19
296;216;1.241826;0.014018;0.000000;-1.19
296;224;1.241826;0.014018;0.000000;-1.19
296;232;1.241826;0.014018;0.000000;-1.19
296;240;1.241826;0.014018;0.000000;-1.19
296;248;1.241826;0.014018;0.000000;-1.19
296;256;1.241826;0.014018;0.000000;-1.19
296;264;1.241826;0.014018;0.000000;-1.19
296;272;1.241826;0.014018;0.000000;-1.19
296;280;1.241826;0.014018;0.000000;-1.19
296;288;1.241826;0.014018;0.000000;-1.19
296;296;1.241826;0.014018;0.000000;-1.19
296;304;1.241826;0.003949;0.010069;-4.48
296;312;1.241826;0.007029;0.006989;-3.69
296;320;1.241826;0.009254;0.004764;-2.94
296;328;1.241826;0.010825;0.003193;-2.44
296;336;1.241826;0.011941;0.002077;-2.07
296;344;1.241826;0.012729;0.001289;-1.84
296;352;1.241826;0.013287;0.000731;-1.62
296;360;1.241826;0.013628;0.000390;-1.42
296;368;1.241826;0.013833;0.000185;-1.35
296;376;1.241826;0.013932;0.000086;-1.25
296;384;1.241826;0.013985;0.000033;-1.23
296;392;1.241826;0.014012;0.000006;-1.20
296;400;1.241826;0.014018;0.000000;-1.19
304;  0;1.245775;0.010069;0.000000;-0.99
304;  8;1.245775;0.010069;0.000000;-0.99
304; 16;1.245775;0.010069;0.000000;-0.99
304; 24;1.245775;0.010069;0.000000;-0.99
304; 32;1.245775;0.010069;0.000000;-0.99
304; 40;1.245775;0.010069;0.000000;-0.99
304; 48;1.245775;0.010069;0.000000;-0.99
304; 56;1.245775;0.010069;0.000000;-0.99
304; 64;1.245775;0.010069;0.000000;-0.99
304; 72;1.245775;0.010069;0.000000;-0.99
304; 80;1.245775;0.010069;0.000000;-0.99
304; 88;1.245775;0.010069;0.000000;-0.99
304; 96;1.245775;0.010069;0.000000;-0.99
304;104;1.245775;0.010069;0.000000;-0.99
304;112;1.245775;0.010069;0.000000;-0.99
304;120;1.245775;0.010069;0.000000;-0.99
304;128;1.245775;0.010069;0.000000;-0.99
304;136;1.245775;0.010069;0.000000;-0.99
304;144;1.245775;0.010069;0.000000;-0.99
304;152;1.245775;0.010069;0.000000;-0.99
304;160;1.245775;0.010069;0.000000;-0.99
304;168;1.245775;0.010069;0.000000;-0.99
304;176;1.245775;0.010069;0.000000;-0.99
304;184;1.245775;0.010069;0.000000;-0.99
304;192;1.245775;0.010069;0.000000;-0.99
304;200;1.245775;0.010069;0.000000;-0.99
304;208;1.245775;0.010069;0.000000;-0.99
304;216;1.245775;0.010069;0.000000;-0.99
304;224;1.245775;0.010069;0.000000;-0.99
304;232;1.245775;0.010069;0.000000;-0.99
304;240;1.245775;0.010069;0.000000;-0.99
304;248;1.245775;0.010069;0.000000;-0.99
304;256;1.245775;0.010069;0.000000;-0.99
304;264;1.245775;0.010069;0.000000;-0.99
304;272;1.245775;0.010069;0.000000;-0.99
304;280;1.245775;0.010069;0.000000;-0.99
304;288;1.245775;0.010069;0.000000;-0.99
304;296;1.245775;0.010069;0.000000;-0.99
304;304;1.245775;0.010069;0.000000;-0.99
304;312;1.245775;0.003080;0.006989;-3.50
304;320;1.245775;0.005305;0.004764;-2.75
304;328;1.245775;0.006876;0.003193;-2.24
304;336;1.245775;0.007992;0.002077;-1.87
304;344;1.245775;0.008780;0.001289;-1.64
304;352;1.245775;0.009338;0.000731;-1.43
304;360;1.245775;0.009679;0.000390;-1.22
304;368;1.245775;0.009884;0.000185;-1.16
304;376;1.245775;0.009983;0.000086;-1.06
304;384;1.245775;0.010036;0.000033;-1.03
304;392;1.245775;0.010063;0.000006;-1.00
304;400;1.245775;0.010069;0.000000;-0.99
312;  0;1.248855;0.006989;0.000000;-0.80
312;  8;1.248855;0.006989;0.000000;-0.80
312; 16;1.248855;0.006989;0.000000;-0.80
312; 24;1.248855;0.006989;0.000000;-0.80
312; 32;1.248855;0.006989;0.000000;-0.80
312; 40;1.248855;0.006989;0.000000;-0.80
312; 48;1.248855;0.006989;0.000000;-0.80
312; 56;1.248855;0.006989;0.000000;-0.80
312; 64;1.248855;0.006989;0.000000;-0.80
312; 72;1.248855;0.006989;0.000000;-0.80
312; 80;1.248855;0.006989;0.000000;-0.80
312; 88;1.248855;0.006989;0.000000;-0.80
312; 96;1.248855;0.006989;0.000000;-0.80
312;104;1.248855;0.006989;0.000000;-0.80
312;112;1.248855;0.006989;0.000000;-0.80
312;120;1.248855;0.006989;0.000000;-0.80
312;128;1.248855;0.006989;0.000000;-0.80
312;136;1.248855;0.006989;0.000000;-0.80
312;144;1.248855;0.006989;0.000000;-0.80
312;152;1.248855;0.006989;0.000000;-0.80
312;160;1.248855;0.006989;0.000000;-0.80
312;168;1.248855;0.006989;0.000000;-0.80
312;176;1.248855;0.006989;0.000000;-0.80
312;184;1.248855;0.006989;0.000000;-0.80
312;192;1.248855;0.006989;0.000000;-0.80
312;200;1.248855;0.006989;0.000000;-0.80
312;208;1.248855;0.006989;0.000000;-0.80
312;216;1.248855;0.006989;0.000000;-0.80
312;224;1.248855;0.006989;0.000000;-0.80
312;232;1.248855;0.006989;0.000000;-0.80
312;240;1.248855;0.006989;0.000000;-0.80
312;248;1.248855;0.006989;0.000000;-0.80
312;256;1.248855;0.006989;0.000000;-0.80
312;264;1.248855;0.006989;0.000000;-0.80
312;272;1.248855;0.006989;0.000000;-0.80
312;280;1.248855;0.006989;0.000000;-0.80
312;288;1.248855;0.006989;0.000000;-0.80
312;296;1.248855;0.006989;0.000000;-0.80
312;304;1.248855;0.006989;0.000000;-0.80
312;312;1.248855;0.006989;0.000000;-0.80
312;320;1.248855;0.002225;0.004764;-2.55
312;328;1.248855;0.003796;0.003193;-2.05
312;336;1.248855;0.004912;0.002077;-1.68
312;344;1.248855;0.005700;0.001289;-1.45
312;352;1.248855;0.006258;0.000731;-1.23
312;360;1.248855;0.006599;0.000390;-1.03
312;368;1.248855;0.006804;0.000185;-0.96
312;376;1.248855;0.006903;0.000086;-0.86
312;384;1.248855;0.006956;0.000033;-0.84
312;392;1.248855;0.006983;0.000006;-0.81
312;400;1.248855;0.006989;0.000000;-0.80
320;  0;1.251080;0.004764;0.000000;-0.57
320;  8;1.251080;0.004764;0.000000;-0.57
320; 16;1.251080;0.004764;0.000000;-0.57
320; 24;1.251080;0.004764;0.000000;-0.57
320; 32;1.251080;0.004764;0.000000;-0.57
320; 40;1.251080;0.004764;0.000000;-0.57
320; 48;1.251080;0.004764;0.000000;-0.57
320; 56;1.251080;0.004764;0.000000;-0.57
320; 64;1.251080;0.004764;0.000000;-0.57
320; 72;1.251080;0.004764;0.000000;-0.57
320; 80;1.251080;0.004764;0.000000;-0.57
320; 88;1.251080;0.004764;0.000000;-0.57
320; 96;1.251080;0.004764;0.000000;-0.57
320;104;1.251080;0.004764;0.000000;-0.57
320;112;1.251080;0.004764;0.000000;-0.57
320;120;1.251080;0.004764;0.000000;-0.57
320;128;1.251080;0.004764;0.000000;-0.57
320;136;1.251080;0.004764;0.000000;-0.57
320;144;1.251080;0.004764;0.000000;-0.57
320;152;1.251080;0.004764;0.000000;-0.57
320;160;1.251080;0.004764;0.000000;-0.57
320;168;1.251080;0.004764;0.000000;-0.57
320;176;1.251080;0.004764;0.000000;-0.57
320;184;1.251080;0.004764;0.000000;-0.57
320;192;1.251080;0.004764;0.000000;-0.57
320;200;1.251080;0.004764;0.000000;-0.57
320;208;1.251080;0.004764;0.000000;-0.57
320;216;1.251080;0.004764;0.000000;-0.57
320;224;1.251080;0.004764;0.000000;-0.57
320;232;1.251080;0.004764;0.000000;-0.57
320;240;1.251080;0.004764;0.000000;-0.57
320;248;1.251080;0.004764;0.000000;-0.57
320;256;1.251080;0.004764;0.000000;-0.57
320;264;1.251080;0.004764;0.000000;-0.57
320;272;1.251080;0.004764;0.000000;-0.57
320;280;1.251080;0.004764;0.000000;-0.57
320;288;1.251080;0.004764;0.000000;-0.57
320;296;1.251080;0.004764;0.000000;-0.57
320;304;1.251080;0.004764;0.000000;-0.57
320;312;1.251080;0.004764;0.000000;-0.57
320;320;1.251080;0.004764;0.000000;-0.57
320;328;1.251080;0.001571;0.003193;-1.82
320;336;1.251080;0.002687;0.002077;-1.45
320;344;1.251080;0.003475;0.001289;-1.22
320;352;1.251080;0.004033;0.000731;-1.00
320;360;1.251080;0.004374;0.000390;-0.79
320;368;1.251080;0.004579;0.000185;-0.73
320;376;1.251080;0.004678;0.000086;-0.63
320;384;1.251080;0.004731;0.000033;-0.61
320;392;1.251080;0.004758;0.000006;-0.58
320;400;1.251080;0.004764;0.000000;-0.57
328;  0;1.252651;0.003193;0.000000;-0.42
328;  8;1.252651;0.003193;0.000000;-0.42
328; 16;1.252651;0.003193;0.000000;-0.42
328; 24;1.252651;0.003193;0.000000;-0.42
328; 32;1.252651;0.003193;0.000000;-0.42
328; 40;1.252651;0.003193;0.000000;-0.42
328; 48;1.252651;0.003193;0.000000;-0.42
328; 56;1.252651;0.003193;0.000000;-0.42
328; 64;1.252651;0.003193;0.000000;-0.42
328; 72;1.252651;0.003193;0.000000;-0.42
328; 80;1.252651;0.003193;0.000000;-0.42
328; 88;1.252651;0.003193;0.000000;-0.42
328; 96;1.252651;0.003193;0.000000;-0.42
328;104;1.252651;0.003193;0.000000;-0.42
328;112;1.252651;0.003193;0.000000;-0.42
328;120;1.252651;0.003193;0.000000;-0.42
328;128;1.252651;0.003193;0.000000;-0.42
328;136;1.252651;0.003193;0.000000;-0.42
328;144;1.252651;0.003193;0.000000;-0.42
328;152;1.252651;0.003193;0.000000;-0.42
328;160;1.252651;0.003193;0.000000;-0.42
328;168;1.252651;0.003193;0.000000;-0.42
328;176;1.252651;0.003193;0.000000;-0.42
328;184;1.252651;0.003193;0.000000;-0.42
328;192;1.252651;0.003193;0.000000;-0.42
328;200;1.252651;0.003193;0.000000;-0.42
328;208;1.252651;0.003193;0.000000;-0.42
328;216;1.252651;0.003193;0.000000;-0.42
328;224;1.252651;0.003193;0.000000;-0.42
328;232;1.252651;0.003193;0.000000;-0.42
328;240;1.252651;0.003193;0.000000;-0.42
328;248;1.252651;0.003193;0.000000;-0.42
328;256;1.252651;0.003193;0.000000;-0.42
328;264;1.252651;0.003193;0.000000;-0.42
328;272;1.252651;0.003193;0.000000;-0.42
328;280;1.252651;0.003193;0.000000;-0.42
328;288;1.252651;0.003193;0.000000;-0.42
328;296;1.252651;0.003193;0.000000;-0.42
328;304;1.252651;0.003193;0.000000;-0.42
328;312;1.252651;0.003193;0.000000;-0.42
328;320;1.252651;0.003193;0.000000;-0.42
328;328;1.252651;0.003193;0.000000;-0.42
328;336;1.252651;0.001116;0.002077;-1.30
328;344;1.252651;0.001904;0.001289;-1.07
328;352;1.252651;0.002462;0.000731;-0.85
328;360;1.252651;0.002803;0.000390;-0.65
328;368;1.252651;0.003008;0.000185;-0.58
328;376;1.252651;0.003107;0.000086;-0.48
328;384;1.252651;0.003160;0.000033;-0.46
328;392;1.252651;0.003187;0.000006;-0.43
328;400;1.252651;0.003193;0.000000;-0.42
336;  0;1.253767;0.002077;0.000000;-0.31
336;  8;1.253767;0.002077;0.000000;-0.31
336; 16;1.253767;0.002077;0.000000;-0.31
336; 24;1.253767;0.002077;0.000000;-0.31
336; 32;1.253767;0.002077;0.000000;-0.31
336; 40;1.253767;0.002077;0.000000;-0.31
336; 48;1.253767;0.002077;0.000000;-0.31
336; 56;1.253767;0.002077;0.000000;-0.31
336; 64;1.253767;0.002077;0.000000;-0.31
336; 72;1.253767;0.002077;0.000000;-0.31
336; 80;1.253767;0.002077;0.000000;-0.31
336; 88;1.253767;0.002077;0.000000;-0.31
336; 96;1.253767;0.002077;0.000000;-0.31
336;104;1.253767;0.002077;0.000000;-0.31
336;112;1.253767;0.002077;0.000000;-0.31
336;120;1.253767;0.002077;0.000000;-0.31
336;128;1.253767;0.002077;0.000000;-0.31
336;136;1.253767;0.002077;0.000000;-0.31
336;144;1.253767;0.002077;0.000000;-0.31
336;152;1.253767;0.002077;0.000000;-0.31
336;160;1.253767;0.002077;0.000000;-0.31
336;168;1.253767;0.002077;0.000000;-0.31
336;176;1.253767;0.002077;0.000000;-0.31
336;184;1.253767;0.002077;0.000000;-0.31
336;192;1.253767;0.002077;0.000000;-0.31
336;200;1.253767;0.002077;0.000000;-0.31
336;208;1.253767;0.002077;0.000000;-0.31
336;216;1.253767;0.002077;0.000000;-0.31
336;224;1.253767;0.002077;0.000000;-0.31
336;232;1.253767;0.002077;0.000000;-0.31
336;240;1.253767;0.002077;0.000000;-0.31
336;248;1.253767;0.002077;0.000000;-0.31
336;256;1.253767;0.002077;0.000000;-0.31
336;264;1.253767;0.002077;0.000000;-0.31
336;272;1.253767;0.002077;0.000000;-0.31
336;280;1.253767;0.002077;0.000000;-0.31
336;288;1.253767;0.002077;0.000000;-0.31
336;296;1.253767;0.002077;0.000000;-0.31
336;304;1.253767;0.002077;0.000000;-0.31
336;312;1.253767;0.002077;0.000000;-0.31
336;320;1.253767;0.002077;0.000000;-0.31
336;328;1.253767;0.002077;0.000000;-0.31
336;336;1.253767;0.002077;0.000000;-0.31
336;344;1.253767;0.000788;0.001289;-0.95
336;352;1.253767;0.001346;0.000731;-0.74
336;360;1.253767;0.001687;0.000390;-0.53
336;368;1.253767;0.001892;0.000185;-0.47
336;376;1.253767;0.001991;0.000086;-0.37
336;384;1.253767;0.002044;0.000033;-0.34
336;392;1.253767;0.002071;0.000006;-0.31
336;400;1.253767;0.002077;0.000000;-0.31
344;  0;1.254555;0.001289;0.000000;-0.24
344;  8;1.254555;0.001289;0.000000;-0.24
344; 16;1.254555;0.001289;0.000000;-0.24
344; 24;1.254555;0.001289;0.000000;-0.24
344; 32;1.254555;0.001289;0.000000;-0.24
344; 40;1.254555;0.001289;0.000000;-0.24
344; 48;1.254555;0.001289;0.000000;-0.24
344; 56;1.254555;0.001289;0.000000;-0.24
344; 64;1.254555;0.001289;0.000000;-0.24
344; 72;1.254555;0.001289;0.000000;-0.24
344; 80;1.254555;0.001289;0.000000;-0.24
344; 88;1.254555;0.001289;0.000000;-0.24
344; 96;1.254555;0.001289;0.000000;-0.24
344;104;1.254555;0.001289;0.000000;-0.24
344;112;1.254555;0.001289;0.000000;-0.24
344;120;1.254555;0.001289;0.000000;-0.24
344;128;1.254555;0.001289;0.000000;-0.24
344;136;1.254555;0.001289;0.000000;-0.24
344;144;1.254555;0.001289;0.000000;-0.24
344;152;1.254555;0.001289;0.000000;-0.24
344;160;1.254555;0.001289;0.000000;-0.24
344;168;1.254555;0.001289;0.000000;-0.24
344;176;1.254555;0.001289;0.000000;-0.24
344;184;1.254555;0.001289;0.000000;-0.24
344;192;1.254555;0.001289;0.000000;-0.24
344;200;1.254555;0.001289;0.000000;-0.24
344;208;1.254555;0.001289;0.000000;-0.24
344;216;1.254555;0.001289;0.000000;-0.24
344;224;1.254555;0.001289;0.000000;-0.24
344;232;1.254555;0.001289;0.000000;-0.24
344;240;1.254555;0.001289;0.000000;-0.24
344;248;1.254555;0.001289;0.000000;-0.24
344;256;1.254555;0.001289;0.000000;-0.24
344;264;1.254555;0.001289;0.000000;-0.24
344;272;1.254555;0.001289;0.000000;-0.24
344;280;1.254555;0.001289;0.000000;-0.24
344;288;1.254555;0.001289;0.000000;-0.24
344;296;1.254555;0.001289;0.000000;-0.24
344;304;1.254555;0.001289;0.000000;-0.24
344;312;1.254555;0.001289;0.000000;-0.24
344;320;1.254555;0.001289;0.000000;-0.24
344;328;1.254555;0.001289;0.000000;-0.24
344;336;1.254555;0.001289;0.000000;-0.24
344;344;1.254555;0.001289;0.000000;-0.24
344;352;1.254555;0.000558;0.000731;-0.67
344;360;1.254555;0.000899;0.000390;-0.47
344;368;1.254555;0.001104;0.000185;-0.41
344;376;1.254555;0.001203;0.000086;-0.30
344;384;1.254555;0.001256;0.000033;-0.28
344;392;1.254555;0.001283;0.000006;-0.25
344;400;1.254555;0.001289;0.000000;-0.24
352;  0;1.255113;0.000731;0.000000;-0.17
352;  8;1.255113;0.000731;0.000000;-0.17
352; 16;1.255113;0.000731;0.000000;-0.17
352; 24;1.255113;0.000731;0.000000;-0.17
352; 32;1.255113;0.000731;0.000000;-0.17
352; 40;1.255113;0.000731;0.000000;-0.17
352; 48;1.255113;0.000731;0.000000;-0.17
352; 56;1.255113;0.000731;0.000000;-0.17
352; 64;1.255113;0.000731;0.000000;-0.17
352; 72;1.255113;0.000731;0.000000;-0.17
352; 80;1.255113;0.000731;0.000000;-0.17
352; 88;1.255113;0.000731;0.000000;-0.17
352; 96;1.255113;0.000731;0.000000;-0.17
352;104;1.255113;0.000731;0.000000;-0.17
352;112;1.255113;0.000731;0.000000;-0.17
352;120;1.255113;0.000731;0.000000;-0.17
352;128;1.255113;0.000731;0.000000;-0.17
352;136;1.255113;0.000731;0.000000;-0.17
352;144;1.255113;0.000731;0.000000;-0.17
352;152;1.255113;0.000731;0.000000;-0.17
352;160;1.255113;0.000731;0.000000;-0.17
352;168;1.255113;0.000731;0.000000;-0.17
352;176;1.255113;0.000731;0.000000;-0.17
352;184;1.255113;0.000731;0.000000;-0.17
352;192;1.255113;0.000731;0.000000;-0.17
352;200;1.255113;0.000731;0.000000;-0.17
352;208;1.255113;0.000731;0.000000;-0.17
352;216;1.255113;0.000731;0.000000;-0.17
352;224;1.255113;0.000731;0.000000;-0.17
352;232;1.255113;0.000731;0.000000;-0.17
352;240;1.255113;0.000731;0.000000;-0.17
352;248;1.255113;0.000731;0.000000;-0.17
352;256;1.255113;0.000731;0.000000;-0.17
352;264;1.255113;0.000731;0.000000;-0.17
352;272;1.255113;0.000731;0.000000;-0.17
352;280;1.255113;0.000731;0.000000;-0.17
352;288;1.255113;0.000731;0.000000;-0.17
352;296;1.255113;0.000731;0.000000;-0.17
352;304;1.255113;0.000731;0.000000;-0.17
352;312;1.255113;0.000731;0.000000;-0.17
352;320;1.255113;0.000731;0.000000;-0.17
352;328;1.255113;0.000731;0.000000;-0.17
352;336;1.255113;0.000731;0.000000;-0.17
352;344;1.255113;0.000731;0.000000;-0.17
352;352;1.255113;0.000731;0.000000;-0.17
352;360;1.255113;0.000341;0.000390;-0.40
352;368;1.255113;0.000546;0.000185;-0.33
352;376;1.255113;0.000645;0.000086;-0.23
352;384;1.255113;0.000698;0.000033;-0.21
352;392;1.255113;0.000725;0.000006;-0.18
352;400;1.255113;0.000731;0.000000;-0.17
360;  0;1.255454;0.000390;0.000000;-0.09
360;  8;1.255454;0.000390;0.000000;-0.09
360; 16;1.255454;0.000390;0.000000;-0.09
360; 24;1.255454;0.000390;0.000000;-0.09
360; 32;1.255454;0.000390;0.000000;-0.09
360; 40;1.255454;0.000390;0.000000;-0.09
360; 48;1.255454;0.000390;0.000000;-0.09
360; 56;1.255454;0.000390;0.000000;-0.09
360; 64;1.255454;0.000390;0.000000;-0.09
360; 72;1.255454;0.000390;0.000000;-0.09
360; 80;1.255454;0.000390;0.000000;-0.09
360; 88;1.255454;0.000390;0.000000;-0.09
360; 96;1.255454;0.000390;0.000000;-0.09
360;104;1.255454;0.000390;0.000000;-0.09
360;112;1.255454;0.000390;0.000000;-0.09
360;120;1.255454;0.000390;0.000000;-0.09
360;128;1.255454;0.000390;0.000000;-0.09
360;136;1.255454;0.000390;0.000000;-0.09
360;144;1.255454;0.000390;0.000000;-0.09
360;152;1.255454;0.000390;0.000000;-0.09
360;160;1.255454;0.000390;0.000000;-0.09
360;168;1.255454;0.000390;0.000000;-0.09
360;176;1.255454;0.000390;0.000000;-0.09
360;184;1.255454;0.000390;0.000000;-0.09
360;192;1.255454;0.000390;0.000000;-0.09
360;200;1.255454;0.000390;0.000000;-0.09
360;208;1.255454;0.000390;0.000000;-0.09
360;216;1.255454;0.000390;0.000000;-0.09
360;224;1.255454;0.000390;0.000000;-0.09
360;232;1.255454;0.000390;0.000000;-0.09
360;240;1.255454;0.000390;0.000000;-0.09
360;248;1.255454;0.000390;0.000000;-0.09
360;256;1.255454;0.000390;0.000000;-0.09
360;264;1.255454;0.000390;0.000000;-0.09
360;272;1.255454;0.000390;0.000000;-0.09
360;280;1.255454;0.000390;0.000000;-0.09
360;288;1.255454;0.000390;0.000000;-0.09
360;296;1.255454;0.000390;0.000000;-0.09
360;304;1.255454;0.000390;0.000000;-0.09
360;312;1.255454;0.000390;0.000000;-0.09
360;320;1.255454;0.000390;0.000000;-0.09
360;328;1.255454;0.000390;0.000000;-0.09
360;336;1.255454;0.000390;0.000000;-0.09
360;344;1.255454;0.000390;0.000000;-0.09
360;352;1.255454;0.000390;0.000000;-0.09
360;360;1.255454;0.000390;0.000000;-0.09
360;368;1.255454;0.000205;0.000185;-0.25
360;376;1.255454;0.000304;0.000086;-0.15
360;384;1.255454;0.000357;0.000033;-0.13
360;392;1.255454;0.000384;0.000006;-0.10
360;400;1.255454;0.000390;0.000000;-0.09
368;  0;1.255659;0.000185;0.000000;-0.07
368;  8;1.255659;0.000185;0.000000;-0.07
368; 16;1.255659;0.000185;0.000000;-0.07
368; 24;1.255659;0.000185;0.000000;-0.07
368; 32;1.255659;0.000185;0.000000;-0.07
368; 40;1.255659;0.000185;0.000000;-0.07
368; 48;1.255659;0.000185;0.000000;-0.07
368; 56;1.255659;0.000185;0.000000;-0.07
368; 64;1.255659;0.000185;0.000000;-0.07
368; 72;1.255659;0.000185;0.000000;-0.07
368; 80;1.255659;0.000185;0.000000;-0.07
368; 88;1.255659;0.000185;0.000000;-0.07
368; 96;1.255659;0.000185;0.000000;-0.07
368;104;1.255659;0.000185;0.000000;-0.07
368;112;1.255659;0.000185;0.000000;-0.07
368;120;1.255659;0.000185;0.000000;-0.07
368;128;1.255659;0.000185;0.000000;-0.07
368;136;1.255659;0.000185;0.000000;-0.07
368;144;1.255659;0.000185;0.000000;-0.07
368;152;1.255659;0.000185;0.000000;-0.07
368;160;1.255659;0.000185;0.000000;-0.07
368;168;1.255659;0.000185;0.000000;-0.07
368;176;1.255659;0.000185;0.000000;-0.07
368;184;1.255659;0.000185;0.000000;-0.07
368;192;1.255659;0.000185;0.000000;-0.07
368;200;1.255659;0.000185;0.000000;-0.07
368;208;1.255659;0.000185;0.000000;-0.07
368;216;1.255659;0.000185;0.000000;-0.07
368;224;1.255659;0.000185;0.000000;-0.07
368;232;1.255659;0.000185;0.000000;-0.07
368;240;1.255659;0.000185;0.000000;-0.07
368;248;1.255659;0.000185;0.000000;-0.07
368;256;1.255659;0.000185;0.000000;-0.07
368;264;1.255659;0.000185;0.000000;-0.07
368;272;1.255659;0.000185;0.000000;-0.07
368;280;1.255659;0.000185;0.000000;-0.07
368;288;1.255659;0.000185;0.000000;-0.07
368;296;1.255659;0.000185;0.000000;-0.07
368;304;1.255659;0.000185;0.000000;-0.07
368;312;1.255659;0.000185;0.000000;-0.07
368;320;1.255659;0.000185;0.000000;-0.07
368;328;1.255659;0.000185;0.000000;-0.07
368;336;1.255659;0.000185;0.000000;-0.07
368;344;1.255659;0.000185;0.000000;-0.07
368;352;1.255659;0.000185;0.000000;-0.07
368;360;1.255659;0.000185;0.000000;-0.07
368;368;1.255659;0.000185;0.000000;-0.07
368;376;1.255659;0.000099;0.000086;-0.13
368;384;1.255659;0.000152;0.000033;-0.11
368;392;1.255659;0.000179;0.000006;-0.08
368;400;1.255659;0.000185;0.000000;-0.07
376;  0;1.255758;0.000086;0.000000;-0.03
376;  8;1.255758;0.000086;0.000000;-0.03
376; 16;1.255758;0.000086;0.000000;-0.03
376; 24;1.255758;0.000086;0.000000;-0.03
376; 32;1.255758;0.000086;0.000000;-0.03
376; 40;1.255758;0.000086;0.000000;-0.03
376; 48;1.255758;0.000086;0.000000;-0.03
376; 56;1.255758;0.000086;0.000000;-0.03
376; 64;1.255758;0.000086;0.000000;-0.03
376; 72;1.255758;0.000086;0.000000;-0.03
376; 80;1.255758;0.000086;0.000000;-0.03
376; 88;1.255758;0.000086;0.000000;-0.03
376; 96;1.255758;0.000086;0.000000;-0.03
376;104;1.255758;0.000086;0.000000;-0.03
376;112;1.255758;0.000086;0.000000;-0.03
376;120;1.255758;0.000086;0.000000;-0.03
376;128;1.255758;0.000086;0.000000;-0.03
376;136;1.255758;0.000086;0.000000;-0.03
376;144;1.255758;0.000086;0.000000;-0.03
376;152;1.255758;0.000086;0.000000;-0.03
376;160;1.255758;0.000086;0.000000;-0.03
376;168;1.255758;0.000086;0.000000;-0.03
376;176;1.255758;0.000086;0.000000;-0.03
376;184;1.255758;0.000086;0.000000;-0.03
376;192;1.255758;0.000086;0.000000;-0.03
376;200;1.255758;0.000086;0.000000;-0.03
376;208;1.255758;0.000086;0.000000;-0.03
376;216;1.255758;0.000086;0.000000;-0.03
376;224;1.255758;0.000086;0.000000;-0.03
376;232;1.255758;0.000086;0.000000;-0.03
376;240;1.255758;0.000086;0.000000;-0.03
376;248;1.255758;0.000086;0.000000;-0.03
376;256;1.255758;0.000086;0.000000;-0.03
376;264;1.255758;0.000086;0.000000;-0.03
376;272;1.255758;0.000086;0.000000;-0.03
376;280;1.255758;0.000086;0.000000;-0.03
376;288;1.255758;0.000086;0.000000;-0.03
376;296;1.255758;0.000086;0.000000;-0.03
376;304;1.255758;0.000086;0.000000;-0.03
376;312;1.255758;0.000086;0.000000;-0.03
376;320;1.255758;0.000086;0.000000;-0.03
376;328;1.255758;0.000086;0.000000;-0.03
376;336;1.255758;0.000086;0.000000;-0.03
376;344;1.255758;0.000086;0.000000;-0.03
376;352;1.255758;0.000086;0.000000;-0.03
376;360;1.255758;0.000086;0.000000;-0.03
376;368;1.255758;0.000086;0.000000;-0.03
376;376;1.255758;0.000086;0.000000;-0.03
376;384;1.255758;0.000053;0.000033;-0.07
376;392;1.255758;0.000080;0.000006;-0.03
376;400;1.255758;0.000086;0.000000;-0.03
384;  0;1.255811;0.000033;0.000000;-0.02
384;  8;1.255811;0.000033;0.000000;-0.02
384; 16;1.255811;0.000033;0.000000;-0.02
384; 24;1.255811;0.000033;0.000000;-0.02
384; 32;1.255811;0.000033;0.000000;-0.02
384; 40;1.255811;0.000033;0.000000;-0.02
384; 48;1.255811;0.000033;0.000000;-0.02
384; 56;1.255811;0.000033;0.000000;-0.02
384; 64;1.255811;0.000033;0.000000;-0.02
384; 72;1.255811;0.000033;0.000000;-0.02
384; 80;1.255811;0.000033;0.000000;-0.02
384; 88;1.255811;0.000033;0.000000;-0.02
384; 96;1.255811;0.000033;0.000000;-0.02
384;104;1.255811;0.000033;0.000000;-0.02
384;112;1.255811;0.000033;0.000000;-0.02
384;120;1.255811;0.000033;0.000000;-0.02
384;128;1.255811;0.000033;0.000000;-0.02
384;136;1.255811;0.000033;0.000000;-0.02
384;144;1.255811;0.000033;0.000000;-0.02
384;152;1.255811;0.000033;0.000000;-0.02
384;160;1.255811;0.000033;0.000000;-0.02
384;168;1.255811;0.000033;0.000000;-0.02
384;176;1.255811;0.000033;0.000000;-0.02
384;184;1.255811;0.000033;0.000000;-0.02
384;192;1.255811;0.000033;0.000000;-0.02
384;200;1.255811;0.000033;0.000000;-0.02
384;208;1.255811;0.000033;0.000000;-0.02
384;216;1.255811;0.000033;0.000000;-0.02
384;224;1.255811;0.000033;0.000000;-0.02
384;232;1.255811;0.000033;0.000000;-0.02
384;240;1.255811;0.000033;0.000000;-0.02
384;248;1.255811;0.000033;0.000000;-0.02
384;256;1.255811;0.000033;0.000000;-0.02
384;264;1.255811;0.000033;0.000000;-0.02
384;272;1.255811;0.000033;0.000000;-0.02
384;280;1.255811;0.000033;0.000000;-0.02
384;288;1.255811;0.000033;0.000000;-0.02
384;296;1.255811;0.000033;0.000000;-0.02
384;304;1.255811;0.000033;0.000000;-0.02
384;312;1.255811;0.000033;0.000000;-0.02
384;320;1.255811;0.000033;0.000000;-0.02
384;328;1.255811;0.000033;0.000000;-0.02
384;336;1.255811;0.000033;0.000000;-0.02
384;344;1.255811;0.000033;0.000000;-0.02
384;352;1.255811;0.000033;0.000000;-0.02
384;360;1.255811;0.000033;0.000000;-0.02
384;368;1.255811;0.000033;0.000000;-0.02
384;376;1.255811;0.000033;0.000000;-0.02
384;384;1.255811;0.000033;0.000000;-0.02
384;392;1.255811;0.000027;0.000006;-0.03
384;400;1.255811;0.000033;0.000000;-0.02
392;  0;1.255838;0.000006;0.000000;-0.00
392;  8;1.255838;0.000006;0.000000;-0.00
392; 16;1.255838;0.000006;0.000000;-0.00
392; 24;1.255838;0.000006;0.000000;-0.00
392; 32;1.255838;0.000006;0.000000;-0.00
392; 40;1.255838;0.000006;0.000000;-0.00
392; 48;1.255838;0.000006;0.000000;-0.00
392; 56;1.255838;0.000006;0.000000;-0.00
392; 64;1.255838;0.000006;0.000000;-0.00
392; 72;1.255838;0.000006;0.000000;-0.00
392; 80;1.255838;0.000006;0.000000;-0.00
392; 88;1.255838;0.000006;0.000000;-0.00
392; 96;1.255838;0.000006;0.000000;-0.00
392;104;1.255838;0.000006;0.000000;-0.00
392;112;1.255838;0.000006;0.000000;-0.00
392;120;1.255838;0.000006;0.000000;-0.00
392;128;1.255838;0.000006;0.000000;-0.00
392;136;1.255838;0.000006;0.000000;-0.00
392;144;1.255838;0.000006;0.000000;-0.00
392;152;1.255838;0.000006;0.000000;-0.00
392;160;1.255838;0.000006;0.000000;-0.00
392;168;1.255838;0.000006;0.000000;-0.00
392;176;1.255838;0.000006;0.000000;-0.00
392;184;1.255838;0.000006;0.000000;-0.00
392;192;1.255838;0.000006;0.000000;-0.00
392;200;1.255838;0.000006;0.000000;-0.00
392;208;1.255838;0.000006;0.000000;-0.00
392;216;1.255838;0.000006;0.000000;-0.00
392;224;1.255838;0.000006;0.000000;-0.00
392;232;1.255838;0.000006;0.000000;-0.00
392;240;1.255838;0.000006;0.000000;-0.00
392;248;1.255838;0.000006;0.000000;-0.00
392;256;1.255838;0.000006;0.000000;-0.00
392;264;1.255838;0.000006;0.000000;-0.00
392;272;1.255838;0.000006;0.000000;-0.00
392;280;1.255838;0.000006;0.000000;-0.00
392;288;1.255838;0.000006;0.000000;-0.00
392;296;1.255838;0.000006;0.000000;-0.00
392;304;1.255838;0.000006;0.000000;-0.00
392;312;1.255838;0.000006;0.000000;-0.00
392;320;1.255838;0.000006;0.000000;-0.00
392;328;1.255838;0.000006;0.000000;-0.00
392;336;1.255838;0.000006;0.000000;-0.00
392;344;1.255838;0.000006;0.000000;-0.00
392;352;1.255838;0.000006;0.000000;-0.00
392;360;1.255838;0.000006;0.000000;-0.00
392;368;1.255838;0.000006;0.000000;-0.00
392;376;1.255838;0.000006;0.000000;-0.00
392;384;1.255838;0.000006;0.000000;-0.00
392;392;1.255838;0.000006;0.000000;-0.00
392;400;1.255838;0.000006;0.000000;-0.00
400;  0;1.255844;0.000000;0.000000;0.00
400;  8;1.255844;0.000000;0.000000;0.00
400; 16;1.255844;0.000000;0.000000;0.00
400; 24;1.255844;0.000000;0.000000;0.00
400; 32;1.255844;0.000000;0.000000;0.00
400; 40;1.255844;0.000000;0.000000;0.00
400; 48;1.255844;0.000000;0.000000;0.00
400; 56;1.255844;0.000000;0.000000;0.00
400; 64;1.255844;0.000000;0.000000;0.00
400; 72;1.255844;0.000000;0.000000;0.00
400; 80;1.255844;0.000000;0.000000;0.00
400; 88;1.255844;0.000000;0.000000;0.00
400; 96;1.255844;0.000000;0.000000;0.00
400;104;1.255844;0.000000;0.000000;0.00
400;112;1.255844;0.000000;0.000000;0.00
400;120;1.255844;0.000000;0.000000;0.00
400;128;1.255844;0.000000;0.000000;0.00
400;136;1.255844;0.000000;0.000000;0.00
400;144;1.255844;0.000000;0.000000;0.00
400;152;1.255844;0.000000;0.000000;0.00
400;160;1.255844;0.000000;0.000000;0.00
400;168;1.255844;0.000000;0.000000;0.00
400;176;1.255844;0.000000;0.000000;0.00
400;184;1.255844;0.000000;0.000000;0.00
400;192;1.255844;0.000000;0.000000;0.00
400;200;1.255844;0.000000;0.000000;0.00
400;208;1.255844;0.000000;0.000000;0.00
400;216;1.255844;0.000000;0.000000;0.00
400;224;1.255844;0.000000;0.000000;0.00
400;232;1.255844;0.000000;0.000000;0.00
400;240;1.255844;0.000000;0.000000;0.00
400;248;1.255844;0.000000;0.000000;0.00
400;256;1.255844;0.000000;0.000000;0.00
400;264;1.255844;0.000000;0.000000;0.00
400;272;1.255844;0.000000;0.000000;0.00
400;280;1.255844;0.000000;0.000000;0.00
400;288;1.255844;0.000000;0.000000;0.00
400;296;1.255844;0.000000;0.000000;0.00
400;304;1.255844;0.000000;0.000000;0.00
400;312;1.255844;0.000000;0.000000;0.00
400;320;1.255844;0.000000;0.000000;0.00
400;328;1.255844;0.000000;0.000000;0.00
400;336;1.255844;0.000000;0.000000;0.00
400;344;1.255844;0.000000;0.000000;0.00
400;352;1.255844;0.000000;0.000000;0.00
400;360;1.255844;0.000000;0.000000;0.00
400;368;1.255844;0.000000;0.000000;0.00
400;376;1.255844;0.000000;0.000000;0.00
400;384;1.255844;0.000000;0.000000;0.00
400;392;1.255844;0.000000;0.000000;0.00
400;400;1.255844;0.000000;0.000000;0.00
