  0;  0;0.298985;0.951382;0.000000;56.93
  0;376;0.298985;0.951382;0.000000;56.93
  0;384;0.298985;0.951382;0.000000;56.93
  0;392;0.298985;0.951382;0.000000;56.93
  0;400;0.298985;0.951382;0.000000;56.93
  8;  0;0.318689;0.931678;0.000000;55.20
  8;  8;0.318689;0.931678;0.000000;55.20
  8;376;0.318689;0.931678;0.000000;55.20
  8;384;0.318689;0.931678;0.000000;55.20
  8;392;0.318689;0.931678;0.000000;55.20
  8;400;0.318689;0.931678;0.000000;55.20
 16;  0;0.339047;0.911320;0.000000;53.47
 16;  8;0.339047;0.911320;0.000000;53.47
 16; 16;0.339047;0.911320;0.000000;53.47
 16;376;0.339047;0.911320;0.000000;53.47
 16;384;0.339047;0.911320;0.000000;53.47
 16;392;0.339047;0.911320;0.000000;53.47
 16;400;0.339047;0.911320;0.000000;53.47
 24;  0;0.360039;0.890328;0.000000;51.66
 24;  8;0.360039;0.890328;0.000000;51.66
 24; 16;0.360039;0.890328;0.000000;51.66
 24; 24;0.360039;0.890328;0.000000;51.66
 24;376;0.360039;0.890328;0.000000;51.66
 24;384;0.360039;0.890328;0.000000;51.66
 24;392;0.360039;0.890328;0.000000;51.66
 24;400;0.360039;0.890328;0.000000;51.66
 32;  0;0.381726;0.868641;0.000000;49.81
 32;  8;0.381726;0.868641;0.000000;49.81
 32; 16;0.381726;0.868641;0.000000;49.81
 32; 24;0.381726;0.868641;0.000000;49.81
 32; 32;0.381726;0.868641;0.000000;49.81
 32;376;0.381726;0.868641;0.000000;49.81
 32;384;0.381726;0.868641;0.000000;49.81
 32;392;0.381726;0.868641;0.000000;49.81
 32;400;0.381726;0.868641;0.000000;49.81
 40;  0;0.404104;0.846263;0.000000;47.92
 40;  8;0.404104;0.846263;0.000000;47.92
 40; 16;0.404104;0.846263;0.000000;47.92
 40; 24;0.404104;0.846263;0.000000;47.92
 40; 32;0.404104;0.846263;0.000000;47.92
 40; 40;0.404104;0.846263;0.000000;47.92
 40;376;0.404104;0.846263;0.000000;47.92
 40;384;0.404104;0.846263;0.000000;47.92
 40;392;0.404104;0.846263;0.000000;47.92
 40;400;0.404104;0.846263;0.000000;47.92
 48;  0;0.427195;0.823172;0.000000;45.95
 48;  8;0.427195;0.823172;0.000000;45.95
 48; 16;0.427195;0.823172;0.000000;45.95
 48; 24;0.427195;0.823172;0.000000;45.95
 48; 32;0.427195;0.823172;0.000000;45.95
 48; 40;0.427195;0.823172;0.000000;45.95
 48; 48;0.427195;0.823172;0.000000;45.95
 48;376;0.427195;0.823172;0.000000;45.95
 48;384;0.427195;0.823172;0.000000;45.95
 48;392;0.427195;0.823172;0.000000;45.95
 48;400;0.427195;0.823172;0.000000;45.95
 56;  0;0.450905;0.799462;0.000000;43.97
 56;  8;0.450905;0.799462;0.000000;43.97
 56; 16;0.450905;0.799462;0.000000;43.97
 56; 24;0.450905;0.799462;0.000000;43.97
 56; 32;0.450905;0.799462;0.000000;43.97
 56; 40;0.450905;0.799462;0.000000;43.97
 56; 48;0.450905;0.799462;0.000000;43.97
 56; 56;0.450905;0.799462;0.000000;43.97
 56;376;0.450905;0.799462;0.000000;43.97
 56;384;0.450905;0.799462;0.000000;43.97
 56;392;0.450905;0.799462;0.000000;43.97
 56;400;0.450905;0.799462;0.000000;43.97
 64;  0;0.475218;0.775149;0.000000;41.98
 64;  8;0.475218;0.775149;0.000000;41.98
 64; 16;0.475218;0.775149;0.000000;41.98
 64; 24;0.475218;0.775149;0.000000;41.98
 64; 32;0.475218;0.775149;0.000000;41.98
 64; 40;0.475218;0.775149;0.000000;41.98
 64; 48;0.475218;0.775149;0.000000;41.98
 64; 56;0.475218;0.775149;0.000000;41.98
 64; 64;0.475218;0.775149;0.000000;41.98
 64;376;0.475218;0.775149;0.000000;41.98
 64;384;0.475218;0.775149;0.000000;41.98
 64;392;0.475218;0.775149;0.000000;41.98
 64;400;0.475218;0.775149;0.000000;41.98
 72;  0;0.500187;0.750180;0.000000;39.85
 72;  8;0.500187;0.750180;0.000000;39.85
 72; 16;0.500187;0.750180;0.000000;39.85
 72; 24;0.500187;0.750180;0.000000;39.85
 72; 32;0.500187;0.750180;0.000000;39.85
 72; 40;0.500187;0.750180;0.000000;39.85
 72; 48;0.500187;0.750180;0.000000;39.85
 72; 56;0.500187;0.750180;0.000000;39.85
 72; 64;0.500187;0.750180;0.000000;39.85
 72; 72;0.500187;0.750180;0.000000;39.85
 72;376;0.500187;0.750180;0.000000;39.85
 72;384;0.500187;0.750180;0.000000;39.85
 72;392;0.500187;0.750180;0.000000;39.85
 72;400;0.500187;0.750180;0.000000;39.85
 80;  0;0.525840;0.724527;0.000000;37.76
 80;  8;0.525840;0.724527;0.000000;37.76
 80; 16;0.525840;0.724527;0.000000;37.76
 80; 24;0.525840;0.724527;0.000000;37.76
 80; 32;0.525840;0.724527;0.000000;37.76
 80; 40;0.525840;0.724527;0.000000;37.76
 80; 48;0.525840;0.724527;0.000000;37.76
 80; 56;0.525840;0.724527;0.000000;37.76
 80; 64;0.525840;0.724527;0.000000;37.76
 80; 72;0.525840;0.724527;0.000000;37.76
 80; 80;0.525840;0.724527;0.000000;37.76
 80;376;0.525840;0.724527;0.000000;37.76
 80;384;0.525840;0.724527;0.000000;37.76
 80;392;0.525840;0.724527;0.000000;37.76
 80;400;0.525840;0.724527;0.000000;37.76
 88;  0;0.552067;0.698300;0.000000;35.60
 88;  8;0.552067;0.698300;0.000000;35.60
 88; 16;0.552067;0.698300;0.000000;35.60
 88; 24;0.552067;0.698300;0.000000;35.60
 88; 32;0.552067;0.698300;0.000000;35.60
 88; 40;0.552067;0.698300;0.000000;35.60
 88; 48;0.552067;0.698300;0.000000;35.60
 88; 56;0.552067;0.698300;0.000000;35.60
 88; 64;0.552067;0.698300;0.000000;35.60
 88; 72;0.552067;0.698300;0.000000;35.60
 88; 80;0.552067;0.698300;0.000000;35.60
 88; 88;0.552067;0.698300;0.000000;35.60
 88;376;0.552067;0.698300;0.000000;35.60
 88;384;0.552067;0.698300;0.000000;35.60
 88;392;0.552067;0.698300;0.000000;35.60
 88;400;0.552067;0.698300;0.000000;35.60
 96;  0;0.578938;0.671429;0.000000;33.42
 96;  8;0.578938;0.671429;0.000000;33.42
 96; 16;0.578938;0.671429;0.000000;33.42
 96; 24;0.578938;0.671429;0.000000;33.42
 96; 32;0.578938;0.671429;0.000000;33.42
 96; 40;0.578938;0.671429;0.000000;33.42
 96; 48;0.578938;0.671429;0.000000;33.42
 96; 56;0.578938;0.671429;0.000000;33.42
 96; 64;0.578938;0.671429;0.000000;33.42
 96; 72;0.578938;0.671429;0.000000;33.42
 96; 80;0.578938;0.671429;0.000000;33.42
 96; 88;0.578938;0.671429;0.000000;33.42
 96; 96;0.578938;0.671429;0.000000;33.42
 96;376;0.578938;0.671429;0.000000;33.42
 96;384;0.578938;0.671429;0.000000;33.42
 96;392;0.578938;0.671429;0.000000;33.42
 96;400;0.578938;0.671429;0.000000;33.42
104;  0;0.606523;0.643844;0.000000;31.10
104;  8;0.606523;0.643844;0.000000;31.10
104; 16;0.606523;0.643844;0.000000;31.10
104; 24;0.606523;0.643844;0.000000;31.10
104; 32;0.606523;0.643844;0.000000;31.10
104; 40;0.606523;0.643844;0.000000;31.10
104; 48;0.606523;0.643844;0.000000;31.10
104; 56;0.606523;0.643844;0.000000;31.10
104; 64;0.606523;0.643844;0.000000;31.10
104; 72;0.606523;0.643844;0.000000;31.10
104; 80;0.606523;0.643844;0.000000;31.10
104; 88;0.606523;0.643844;0.000000;31.10
104; 96;0.606523;0.643844;0.000000;31.10
104;104;0.606523;0.643844;0.000000;31.10
104;376;0.606523;0.643844;0.000000;31.10
104;384;0.606523;0.643844;0.000000;31.10
104;392;0.606523;0.643844;0.000000;31.10
104;400;0.606523;0.643844;0.000000;31.10
112;  0;0.634840;0.615527;0.000000;28.77
112;  8;0.634840;0.615527;0.000000;28.77
112; 16;0.634840;0.615527;0.000000;28.77
112; 24;0.634840;0.615527;0.000000;28.77
112; 32;0.634840;0.615527;0.000000;28.77
112; 40;0.634840;0.615527;0.000000;28.77
112; 48;0.634840;0.615527;0.000000;28.77
112; 56;0.634840;0.615527;0.000000;28.77
112; 64;0.634840;0.615527;0.000000;28.77
112; 72;0.634840;0.615527;0.000000;28.77
112; 80;0.634840;0.615527;0.000000;28.77
112; 88;0.634840;0.615527;0.000000;28.77
112; 96;0.634840;0.615527;0.000000;28.77
112;104;0.634840;0.615527;0.000000;28.77
112;112;0.634840;0.615527;0.000000;28.77
112;376;0.634840;0.615527;0.000000;28.77
112;384;0.634840;0.615527;0.000000;28.77
112;392;0.634840;0.615527;0.000000;28.77
112;400;0.634840;0.615527;0.000000;28.77
120;  0;0.663858;0.586509;0.000000;26.40
120;  8;0.663858;0.586509;0.000000;26.40
120; 16;0.663858;0.586509;0.000000;26.40
120; 24;0.663858;0.586509;0.000000;26.40
120; 32;0.663858;0.586509;0.000000;26.40
120; 40;0.663858;0.586509;0.000000;26.40
120; 48;0.663858;0.586509;0.000000;26.40
120; 56;0.663858;0.586509;0.000000;26.40
120; 64;0.663858;0.586509;0.000000;26.40
120; 72;0.663858;0.586509;0.000000;26.40
120; 80;0.663858;0.586509;0.000000;26.40
120; 88;0.663858;0.586509;0.000000;26.40
120; 96;0.663858;0.586509;0.000000;26.40
120;104;0.663858;0.586509;0.000000;26.40
120;112;0.663858;0.586509;0.000000;26.40
120;120;0.663858;0.586509;0.000000;26.40
120;376;0.663858;0.586509;0.000000;26.40
120;384;0.663858;0.586509;0.000000;26.40
120;392;0.663858;0.586509;0.000000;26.40
120;400;0.663858;0.586509;0.000000;26.40
128;  0;0.693449;0.556918;0.000000;24.05
128;  8;0.693449;0.556918;0.000000;24.05
128; 16;0.693449;0.556918;0.000000;24.05
128; 24;0.693449;0.556918;0.000000;24.05
128; 32;0.693449;0.556918;0.000000;24.05
128; 40;0.693449;0.556918;0.000000;24.05
128; 48;0.693449;0.556918;0.000000;24.05
128; 56;0.693449;0.556918;0.000000;24.05
128; 64;0.693449;0.556918;0.000000;24.05
128; 72;0.693449;0.556918;0.000000;24.05
128; 80;0.693449;0.556918;0.000000;24.05
128; 88;0.693449;0.556918;0.000000;24.05
128; 96;0.693449;0.556918;0.000000;24.05
128;104;0.693449;0.556918;0.000000;24.05
128;112;0.693449;0.556918;0.000000;24.05
128;120;0.693449;0.556918;0.000000;24.05
128;128;0.693449;0.556918;0.000000;24.05
128;336;0.693449;0.556825;0.000093;24.01
128;376;0.693449;0.556918;0.000000;24.05
128;384;0.693449;0.556918;0.000000;24.05
128;392;0.693449;0.556918;0.000000;24.05
128;400;0.693449;0.556918;0.000000;24.05
136;  0;0.723749;0.526618;0.000000;21.55
136;  8;0.723749;0.526618;0.000000;21.55
136; 16;0.723749;0.526618;0.000000;21.55
136; 24;0.723749;0.526618;0.000000;21.55
136; 32;0.723749;0.526618;0.000000;21.55
136; 40;0.723749;0.526618;0.000000;21.55
136; 48;0.723749;0.526618;0.000000;21.55
136; 56;0.723749;0.526618;0.000000;21.55
136; 64;0.723749;0.526618;0.000000;21.55
136; 72;0.723749;0.526618;0.000000;21.55
136; 80;0.723749;0.526618;0.000000;21.55
136; 88;0.723749;0.526618;0.000000;21.55
136; 96;0.723749;0.526618;0.000000;21.55
136;104;0.723749;0.526618;0.000000;21.55
136;112;0.723749;0.526618;0.000000;21.55
136;120;0.723749;0.526618;0.000000;21.55
136;128;0.723749;0.526618;0.000000;21.55
136;136;0.723749;0.526618;0.000000;21.55
136;336;0.723749;0.526525;0.000093;21.52
136;376;0.723749;0.526618;0.000000;21.55
136;384;0.723749;0.526618;0.000000;21.55
136;392;0.723749;0.526618;0.000000;21.55
136;400;0.723749;0.526618;0.000000;21.55
144;  0;0.754741;0.495626;0.000000;19.05
144;  8;0.754741;0.495626;0.000000;19.05
144; 16;0.754741;0.495626;0.000000;19.05
144; 24;0.754741;0.495626;0.000000;19.05
144; 32;0.754741;0.495626;0.000000;19.05
144; 40;0.754741;0.495626;0.000000;19.05
144; 48;0.754741;0.495626;0.000000;19.05
144; 56;0.754741;0.495626;0.000000;19.05
144; 64;0.754741;0.495626;0.000000;19.05
144; 72;0.754741;0.495626;0.000000;19.05
144; 80;0.754741;0.495626;0.000000;19.05
144; 88;0.754741;0.495626;0.000000;19.05
144; 96;0.754741;0.495626;0.000000;19.05
144;104;0.754741;0.495626;0.000000;19.05
144;112;0.754741;0.495626;0.000000;19.05
144;120;0.754741;0.495626;0.000000;19.05
144;128;0.754741;0.495626;0.000000;19.05
144;136;0.754741;0.495626;0.000000;19.05
144;144;0.754741;0.495626;0.000000;19.05
144;336;0.754741;0.495533;0.000093;19.02
144;376;0.754741;0.495626;0.000000;19.05
144;384;0.754741;0.495626;0.000000;19.05
144;392;0.754741;0.495626;0.000000;19.05
144;400;0.754741;0.495626;0.000000;19.05
152;  0;0.786341;0.464026;0.000000;16.54
152;  8;0.786341;0.464026;0.000000;16.54
152; 16;0.786341;0.464026;0.000000;16.54
152; 24;0.786341;0.464026;0.000000;16.54
152; 32;0.786341;0.464026;0.000000;16.54
152; 40;0.786341;0.464026;0.000000;16.54
152; 48;0.786341;0.464026;0.000000;16.54
152; 56;0.786341;0.464026;0.000000;16.54
152; 64;0.786341;0.464026;0.000000;16.54
152; 72;0.786341;0.464026;0.000000;16.54
152; 80;0.786341;0.464026;0.000000;16.54
152; 88;0.786341;0.464026;0.000000;16.54
152; 96;0.786341;0.464026;0.000000;16.54
152;104;0.786341;0.464026;0.000000;16.54
152;112;0.786341;0.464026;0.000000;16.54
152;120;0.786341;0.464026;0.000000;16.54
152;128;0.786341;0.464026;0.000000;16.54
152;136;0.786341;0.464026;0.000000;16.54
152;144;0.786341;0.464026;0.000000;16.54
152;152;0.786341;0.464026;0.000000;16.54
152;336;0.786341;0.463933;0.000093;16.50
152;376;0.786341;0.464026;0.000000;16.54
152;384;0.786341;0.464026;0.000000;16.54
152;392;0.786341;0.464026;0.000000;16.54
152;400;0.786341;0.464026;0.000000;16.54
160;  0;0.818529;0.431838;0.000000;14.01
160;  8;0.818529;0.431838;0.000000;14.01
160; 16;0.818529;0.431838;0.000000;14.01
160; 24;0.818529;0.431838;0.000000;14.01
160; 32;0.818529;0.431838;0.000000;14.01
160; 40;0.818529;0.431838;0.000000;14.01
160; 48;0.818529;0.431838;0.000000;14.01
160; 56;0.818529;0.431838;0.000000;14.01
160; 64;0.818529;0.431838;0.000000;14.01
160; 72;0.818529;0.431838;0.000000;14.01
160; 80;0.818529;0.431838;0.000000;14.01
160; 88;0.818529;0.431838;0.000000;14.01
160; 96;0.818529;0.431838;0.000000;14.01
160;104;0.818529;0.431838;0.000000;14.01
160;112;0.818529;0.431838;0.000000;14.01
160;120;0.818529;0.431838;0.000000;14.01
160;128;0.818529;0.431838;0.000000;14.01
160;136;0.818529;0.431838;0.000000;14.01
160;144;0.818529;0.431838;0.000000;14.01
160;152;0.818529;0.431838;0.000000;14.01
160;160;0.818529;0.431838;0.000000;14.01
160;336;0.818529;0.431745;0.000093;13.97
160;376;0.818529;0.431838;0.000000;14.01
160;384;0.818529;0.431838;0.000000;14.01
160;392;0.818529;0.431838;0.000000;14.01
160;400;0.818529;0.431838;0.000000;14.01
168;  0;0.851255;0.399112;0.000000;11.46
168;  8;0.851255;0.399112;0.000000;11.46
168; 16;0.851255;0.399112;0.000000;11.46
168; 24;0.851255;0.399112;0.000000;11.46
168; 32;0.851255;0.399112;0.000000;11.46
168; 40;0.851255;0.399112;0.000000;11.46
168; 48;0.851255;0.399112;0.000000;11.46
168; 56;0.851255;0.399112;0.000000;11.46
168; 64;0.851255;0.399112;0.000000;11.46
168; 72;0.851255;0.399112;0.000000;11.46
168; 80;0.851255;0.399112;0.000000;11.46
168; 88;0.851255;0.399112;0.000000;11.46
168; 96;0.851255;0.399112;0.000000;11.46
168;104;0.851255;0.399112;0.000000;11.46
168;112;0.851255;0.399112;0.000000;11.46
168;120;0.851255;0.399112;0.000000;11.46
168;128;0.851255;0.399112;0.000000;11.46
168;136;0.851255;0.399112;0.000000;11.46
168;144;0.851255;0.399112;0.000000;11.46
168;152;0.851255;0.399112;0.000000;11.46
168;160;0.851255;0.399112;0.000000;11.46
168;168;0.851255;0.399112;0.000000;11.46
168;336;0.851255;0.399019;0.000093;11.42
168;376;0.851255;0.399112;0.000000;11.46
168;384;0.851255;0.399112;0.000000;11.46
168;392;0.851255;0.399112;0.000000;11.46
168;400;0.851255;0.399112;0.000000;11.46
176;  0;0.884534;0.365833;0.000000;8.85
176;  8;0.884534;0.365833;0.000000;8.85
176; 16;0.884534;0.365833;0.000000;8.85
176; 24;0.884534;0.365833;0.000000;8.85
176; 32;0.884534;0.365833;0.000000;8.85
176; 40;0.884534;0.365833;0.000000;8.85
176; 48;0.884534;0.365833;0.000000;8.85
176; 56;0.884534;0.365833;0.000000;8.85
176; 64;0.884534;0.365833;0.000000;8.85
176; 72;0.884534;0.365833;0.000000;8.85
176; 80;0.884534;0.365833;0.000000;8.85
176; 88;0.884534;0.365833;0.000000;8.85
176; 96;0.884534;0.365833;0.000000;8.85
176;104;0.884534;0.365833;0.000000;8.85
176;112;0.884534;0.365833;0.000000;8.85
176;120;0.884534;0.365833;0.000000;8.85
176;128;0.884534;0.365833;0.000000;8.85
176;136;0.884534;0.365833;0.000000;8.85
176;144;0.884534;0.365833;0.000000;8.85
176;152;0.884534;0.365833;0.000000;8.85
176;160;0.884534;0.365833;0.000000;8.85
176;168;0.884534;0.365833;0.000000;8.85
176;176;0.884534;0.365833;0.000000;8.85
176;336;0.884534;0.365740;0.000093;8.81
176;376;0.884534;0.365833;0.000000;8.85
176;384;0.884534;0.365833;0.000000;8.85
176;392;0.884534;0.365833;0.000000;8.85
176;400;0.884534;0.365833;0.000000;8.85
184;  0;0.918344;0.332023;0.000000;6.22
184;  8;0.918344;0.332023;0.000000;6.22
184; 16;0.918344;0.332023;0.000000;6.22
184; 24;0.918344;0.332023;0.000000;6.22
184; 32;0.918344;0.332023;0.000000;6.22
184; 40;0.918344;0.332023;0.000000;6.22
184; 48;0.918344;0.332023;0.000000;6.22
184; 56;0.918344;0.332023;0.000000;6.22
184; 64;0.918344;0.332023;0.000000;6.22
184; 72;0.918344;0.332023;0.000000;6.22
184; 80;0.918344;0.332023;0.000000;6.22
184; 88;0.918344;0.332023;0.000000;6.22
184; 96;0.918344;0.332023;0.000000;6.22
184;104;0.918344;0.332023;0.000000;6.22
184;112;0.918344;0.332023;0.000000;6.22
184;120;0.918344;0.332023;0.000000;6.22
184;128;0.918344;0.332023;0.000000;6.22
184;136;0.918344;0.332023;0.000000;6.22
184;144;0.918344;0.332023;0.000000;6.22
184;152;0.918344;0.332023;0.000000;6.22
184;160;0.918344;0.332023;0.000000;6.22
184;168;0.918344;0.332023;0.000000;6.22
184;176;0.918344;0.332023;0.000000;6.22
184;184;0.918344;0.332023;0.000000;6.22
184;336;0.918344;0.331930;0.000093;6.18
184;376;0.918344;0.332023;0.000000;6.22
184;384;0.918344;0.332023;0.000000;6.22
184;392;0.918344;0.332023;0.000000;6.22
184;400;0.918344;0.332023;0.000000;6.22
192;  0;0.952697;0.297670;0.000000;3.54
192;  8;0.952697;0.297670;0.000000;3.54
192; 16;0.952697;0.297670;0.000000;3.54
192; 24;0.952697;0.297670;0.000000;3.54
192; 32;0.952697;0.297670;0.000000;3.54
192; 40;0.952697;0.297670;0.000000;3.54
192; 48;0.952697;0.297670;0.000000;3.54
192; 56;0.952697;0.297670;0.000000;3.54
192; 64;0.952697;0.297670;0.000000;3.54
192; 72;0.952697;0.297670;0.000000;3.54
192; 80;0.952697;0.297670;0.000000;3.54
192; 88;0.952697;0.297670;0.000000;3.54
192; 96;0.952697;0.297670;0.000000;3.54
192;104;0.952697;0.297670;0.000000;3.54
192;112;0.952697;0.297670;0.000000;3.54
192;120;0.952697;0.297670;0.000000;3.54
192;128;0.952697;0.297670;0.000000;3.54
192;136;0.952697;0.297670;0.000000;3.54
192;144;0.952697;0.297670;0.000000;3.54
192;152;0.952697;0.297670;0.000000;3.54
192;160;0.952697;0.297670;0.000000;3.54
192;168;0.952697;0.297670;0.000000;3.54
192;176;0.952697;0.297670;0.000000;3.54
192;184;0.952697;0.297670;0.000000;3.54
192;192;0.952697;0.297670;0.000000;3.54
192;336;0.952697;0.297577;0.000093;3.50
192;376;0.952697;0.297670;0.000000;3.54
192;384;0.952697;0.297670;0.000000;3.54
192;392;0.952697;0.297670;0.000000;3.54
192;400;0.952697;0.297670;0.000000;3.54
200;  0;0.987566;0.262801;0.000000;0.93
200;  8;0.987566;0.262801;0.000000;0.93
200; 16;0.987566;0.262801;0.000000;0.93
200; 24;0.987566;0.262801;0.000000;0.93
200; 32;0.987566;0.262801;0.000000;0.93
200; 40;0.987566;0.262801;0.000000;0.93
200; 48;0.987566;0.262801;0.000000;0.93
200; 56;0.987566;0.262801;0.000000;0.93
200; 64;0.987566;0.262801;0.000000;0.93
200; 72;0.987566;0.262801;0.000000;0.93
200; 80;0.987566;0.262801;0.000000;0.93
200; 88;0.987566;0.262801;0.000000;0.93
200; 96;0.987566;0.262801;0.000000;0.93
200;104;0.987566;0.262801;0.000000;0.93
200;112;0.987566;0.262801;0.000000;0.93
200;120;0.987566;0.262801;0.000000;0.93
200;128;0.987566;0.262801;0.000000;0.93
200;136;0.987566;0.262801;0.000000;0.93
200;144;0.987566;0.262801;0.000000;0.93
200;152;0.987566;0.262801;0.000000;0.93
200;160;0.987566;0.262801;0.000000;0.93
200;168;0.987566;0.262801;0.000000;0.93
200;176;0.987566;0.262801;0.000000;0.93
200;184;0.987566;0.262801;0.000000;0.93
200;192;0.987566;0.262801;0.000000;0.93
200;200;0.987566;0.262801;0.000000;0.93
200;336;0.987566;0.262708;0.000093;0.89
200;376;0.987566;0.262801;0.000000;0.93
200;384;0.987566;0.262801;0.000000;0.93
200;392;0.987566;0.262801;0.000000;0.93
200;400;0.987566;0.262801;0.000000;0.93
208;  0;1.022723;0.227644;0.000000;-1.65
208;  8;1.022723;0.227644;0.000000;-1.65
208; 16;1.022723;0.227644;0.000000;-1.65
208; 24;1.022723;0.227644;0.000000;-1.65
208; 32;1.022723;0.227644;0.000000;-1.65
208; 40;1.022723;0.227644;0.000000;-1.65
208; 48;1.022723;0.227644;0.000000;-1.65
208; 56;1.022723;0.227644;0.000000;-1.65
208; 64;1.022723;0.227644;0.000000;-1.65
208; 72;1.022723;0.227644;0.000000;-1.65
208; 80;1.022723;0.227644;0.000000;-1.65
208; 88;1.022723;0.227644;0.000000;-1.65
208; 96;1.022723;0.227644;0.000000;-1.65
208;104;1.022723;0.227644;0.000000;-1.65
208;112;1.022723;0.227644;0.000000;-1.65
208;120;1.022723;0.227644;0.000000;-1.65
208;128;1.022723;0.227644;0.000000;-1.65
208;136;1.022723;0.227644;0.000000;-1.65
208;144;1.022723;0.227644;0.000000;-1.65
208;152;1.022723;0.227644;0.000000;-1.65
208;160;1.022723;0.227644;0.000000;-1.65
208;168;1.022723;0.227644;0.000000;-1.65
208;176;1.022723;0.227644;0.000000;-1.65
208;184;1.022723;0.227644;0.000000;-1.65
208;192;1.022723;0.227644;0.000000;-1.65
208;200;1.022723;0.227644;0.000000;-1.65
208;208;1.022723;0.227644;0.000000;-1.65
208;336;1.022723;0.227551;0.000093;-1.69
208;376;1.022723;0.227644;0.000000;-1.65
208;384;1.022723;0.227644;0.000000;-1.65
208;392;1.022723;0.227644;0.000000;-1.65
208;400;1.022723;0.227644;0.000000;-1.65
216;  0;1.057914;0.192453;0.000000;-4.02
216;  8;1.057914;0.192453;0.000000;-4.02
216; 16;1.057914;0.192453;0.000000;-4.02
216; 24;1.057914;0.192453;0.000000;-4.02
216; 32;1.057914;0.192453;0.000000;-4.02
216; 40;1.057914;0.192453;0.000000;-4.02
216; 48;1.057914;0.192453;0.000000;-4.02
216; 56;1.057914;0.192453;0.000000;-4.02
216; 64;1.057914;0.192453;0.000000;-4.02
216; 72;1.057914;0.192453;0.000000;-4.02
216; 80;1.057914;0.192453;0.000000;-4.02
216; 88;1.057914;0.192453;0.000000;-4.02
216; 96;1.057914;0.192453;0.000000;-4.02
216;104;1.057914;0.192453;0.000000;-4.02
216;112;1.057914;0.192453;0.000000;-4.02
216;120;1.057914;0.192453;0.000000;-4.02
216;128;1.057914;0.192453;0.000000;-4.02
216;136;1.057914;0.192453;0.000000;-4.02
216;144;1.057914;0.192453;0.000000;-4.02
216;152;1.057914;0.192453;0.000000;-4.02
216;160;1.057914;0.192453;0.000000;-4.02
216;168;1.057914;0.192453;0.000000;-4.02
216;176;1.057914;0.192453;0.000000;-4.02
216;184;1.057914;0.192453;0.000000;-4.02
216;192;1.057914;0.192453;0.000000;-4.02
216;200;1.057914;0.192453;0.000000;-4.02
216;208;1.057914;0.192453;0.000000;-4.02
216;216;1.057914;0.192453;0.000000;-4.02
216;336;1.057914;0.192360;0.000093;-4.06
216;376;1.057914;0.192453;0.000000;-4.02
216;384;1.057914;0.192453;0.000000;-4.02
216;392;1.057914;0.192453;0.000000;-4.02
216;400;1.057914;0.192453;0.000000;-4.02
224;  0;1.092564;0.157803;0.000000;-5.85
224;  8;1.092564;0.157803;0.000000;-5.85
224; 16;1.092564;0.157803;0.000000;-5.85
224; 24;1.092564;0.157803;0.000000;-5.85
224; 32;1.092564;0.157803;0.000000;-5.85
224; 40;1.092564;0.157803;0.000000;-5.85
224; 48;1.092564;0.157803;0.000000;-5.85
224; 56;1.092564;0.157803;0.000000;-5.85
224; 64;1.092564;0.157803;0.000000;-5.85
224; 72;1.092564;0.157803;0.000000;-5.85
224; 80;1.092564;0.157803;0.000000;-5.85
224; 88;1.092564;0.157803;0.000000;-5.85
224; 96;1.092564;0.157803;0.000000;-5.85
224;104;1.092564;0.157803;0.000000;-5.85
224;112;1.092564;0.157803;0.000000;-5.85
224;120;1.092564;0.157803;0.000000;-5.85
224;128;1.092564;0.157803;0.000000;-5.85
224;136;1.092564;0.157803;0.000000;-5.85
224;144;1.092564;0.157803;0.000000;-5.85
224;152;1.092564;0.157803;0.000000;-5.85
224;160;1.092564;0.157803;0.000000;-5.85
224;168;1.092564;0.157803;0.000000;-5.85
224;176;1.092564;0.157803;0.000000;-5.85
224;184;1.092564;0.157803;0.000000;-5.85
224;192;1.092564;0.157803;0.000000;-5.85
224;200;1.092564;0.157803;0.000000;-5.85
224;208;1.092564;0.157803;0.000000;-5.85
224;216;1.092564;0.157803;0.000000;-5.85
224;224;1.092564;0.157803;0.000000;-5.85
224;336;1.092564;0.157710;0.000093;-5.89
224;376;1.092564;0.157803;0.000000;-5.85
224;384;1.092564;0.157803;0.000000;-5.85
224;392;1.092564;0.157803;0.000000;-5.85
224;400;1.092564;0.157803;0.000000;-5.85
232;  0;1.125369;0.124998;0.000000;-6.82
232;  8;1.125369;0.124998;0.000000;-6.82
232; 16;1.125369;0.124998;0.000000;-6.82
232; 24;1.125369;0.124998;0.000000;-6.82
232; 32;1.125369;0.124998;0.000000;-6.82
232; 40;1.125369;0.124998;0.000000;-6.82
232; 48;1.125369;0.124998;0.000000;-6.82
232; 56;1.125369;0.124998;0.000000;-6.82
232; 64;1.125369;0.124998;0.000000;-6.82
232; 72;1.125369;0.124998;0.000000;-6.82
232; 80;1.125369;0.124998;0.000000;-6.82
232; 88;1.125369;0.124998;0.000000;-6.82
232; 96;1.125369;0.124998;0.000000;-6.82
232;104;1.125369;0.124998;0.000000;-6.82
232;112;1.125369;0.124998;0.000000;-6.82
232;120;1.125369;0.124998;0.000000;-6.82
232;128;1.125369;0.124998;0.000000;-6.82
232;136;1.125369;0.124998;0.000000;-6.82
232;144;1.125369;0.124998;0.000000;-6.82
232;152;1.125369;0.124998;0.000000;-6.82
232;160;1.125369;0.124998;0.000000;-6.82
232;168;1.125369;0.124998;0.000000;-6.82
232;176;1.125369;0.124998;0.000000;-6.82
232;184;1.125369;0.124998;0.000000;-6.82
232;192;1.125369;0.124998;0.000000;-6.82
232;200;1.125369;0.124998;0.000000;-6.82
232;208;1.125369;0.124998;0.000000;-6.82
232;216;1.125369;0.124998;0.000000;-6.82
232;224;1.125369;0.124998;0.000000;-6.82
232;232;1.125369;0.124998;0.000000;-6.82
232;336;1.125369;0.124905;0.000093;-6.86
232;376;1.125369;0.124998;0.000000;-6.82
232;384;1.125369;0.124998;0.000000;-6.82
232;392;1.125369;0.124998;0.000000;-6.82
232;400;1.125369;0.124998;0.000000;-6.82
240;  0;1.155169;0.095198;0.000000;-7.26
240;  8;1.155169;0.095198;0.000000;-7.26
240; 16;1.155169;0.095198;0.000000;-7.26
240; 24;1.155169;0.095198;0.000000;-7.26
240; 32;1.155169;0.095198;0.000000;-7.26
240; 40;1.155169;0.095198;0.000000;-7.26
240; 48;1.155169;0.095198;0.000000;-7.26
240; 56;1.155169;0.095198;0.000000;-7.26
240; 64;1.155169;0.095198;0.000000;-7.26
240; 72;1.155169;0.095198;0.000000;-7.26
240; 80;1.155169;0.095198;0.000000;-7.26
240; 88;1.155169;0.095198;0.000000;-7.26
240; 96;1.155169;0.095198;0.000000;-7.26
240;104;1.155169;0.095198;0.000000;-7.26
240;112;1.155169;0.095198;0.000000;-7.26
240;120;1.155169;0.095198;0.000000;-7.26
240;128;1.155169;0.095198;0.000000;-7.26
240;136;1.155169;0.095198;0.000000;-7.26
240;144;1.155169;0.095198;0.000000;-7.26
240;152;1.155169;0.095198;0.000000;-7.26
240;160;1.155169;0.095198;0.000000;-7.26
240;168;1.155169;0.095198;0.000000;-7.26
240;176;1.155169;0.095198;0.000000;-7.26
240;184;1.155169;0.095198;0.000000;-7.26
240;192;1.155169;0.095198;0.000000;-7.26
240;200;1.155169;0.095198;0.000000;-7.26
240;208;1.155169;0.095198;0.000000;-7.26
240;216;1.155169;0.095198;0.000000;-7.26
240;224;1.155169;0.095198;0.000000;-7.26
240;232;1.155169;0.095198;0.000000;-7.26
240;240;1.155169;0.095198;0.000000;-7.26
240;336;1.155169;0.095105;0.000093;-7.30
240;376;1.155169;0.095198;0.000000;-7.26
240;384;1.155169;0.095198;0.000000;-7.26
240;392;1.155169;0.095198;0.000000;-7.26
240;400;1.155169;0.095198;0.000000;-7.26
248;  0;1.181325;0.069042;0.000000;-7.02
248;  8;1.181325;0.069042;0.000000;-7.02
248; 16;1.181325;0.069042;0.000000;-7.02
248; 24;1.181325;0.069042;0.000000;-7.02
248; 32;1.181325;0.069042;0.000000;-7.02
248; 40;1.181325;0.069042;0.000000;-7.02
248; 48;1.181325;0.069042;0.000000;-7.02
248; 56;1.181325;0.069042;0.000000;-7.02
248; 64;1.181325;0.069042;0.000000;-7.02
248; 72;1.181325;0.069042;0.000000;-7.02
248; 80;1.181325;0.069042;0.000000;-7.02
248; 88;1.181325;0.069042;0.000000;-7.02
248; 96;1.181325;0.069042;0.000000;-7.02
248;104;1.181325;0.069042;0.000000;-7.02
248;112;1.181325;0.069042;0.000000;-7.02
248;120;1.181325;0.069042;0.000000;-7.02
248;128;1.181325;0.069042;0.000000;-7.02
248;136;1.181325;0.069042;0.000000;-7.02
248;144;1.181325;0.069042;0.000000;-7.02
248;152;1.181325;0.069042;0.000000;-7.02
248;160;1.181325;0.069042;0.000000;-7.02
248;168;1.181325;0.069042;0.000000;-7.02
248;176;1.181325;0.069042;0.000000;-7.02
248;184;1.181325;0.069042;0.000000;-7.02
248;192;1.181325;0.069042;0.000000;-7.02
248;200;1.181325;0.069042;0.000000;-7.02
248;208;1.181325;0.069042;0.000000;-7.02
248;216;1.181325;0.069042;0.000000;-7.02
248;224;1.181325;0.069042;0.000000;-7.02
248;232;1.181325;0.069042;0.000000;-7.02
248;240;1.181325;0.069042;0.000000;-7.02
248;248;1.181325;0.069042;0.000000;-7.02
248;320;1.181325;0.068744;0.000298;-7.23
248;328;1.181325;0.068883;0.000159;-7.11
248;336;1.181325;0.068949;0.000093;-7.06
248;376;1.181325;0.069042;0.000000;-7.02
248;384;1.181325;0.069042;0.000000;-7.02
248;392;1.181325;0.069042;0.000000;-7.02
248;400;1.181325;0.069042;0.000000;-7.02
256;  0;1.203063;0.047304;0.000000;-6.18
256;  8;1.203063;0.047304;0.000000;-6.18
256; 16;1.203063;0.047304;0.000000;-6.18
256; 24;1.203063;0.047304;0.000000;-6.18
256; 32;1.203063;0.047304;0.000000;-6.18
256; 40;1.203063;0.047304;0.000000;-6.18
256; 48;1.203063;0.047304;0.000000;-6.18
256; 56;1.203063;0.047304;0.000000;-6.18
256; 64;1.203063;0.047304;0.000000;-6.18
256; 72;1.203063;0.047304;0.000000;-6.18
256; 80;1.203063;0.047304;0.000000;-6.18
256; 88;1.203063;0.047304;0.000000;-6.18
256; 96;1.203063;0.047304;0.000000;-6.18
256;104;1.203063;0.047304;0.000000;-6.18
256;112;1.203063;0.047304;0.000000;-6.18
256;120;1.203063;0.047304;0.000000;-6.18
256;128;1.203063;0.047304;0.000000;-6.18
256;136;1.203063;0.047304;0.000000;-6.18
256;144;1.203063;0.047304;0.000000;-6.18
256;152;1.203063;0.047304;0.000000;-6.18
256;160;1.203063;0.047304;0.000000;-6.18
256;168;1.203063;0.047304;0.000000;-6.18
256;176;1.203063;0.047304;0.000000;-6.18
256;184;1.203063;0.047304;0.000000;-6.18
256;192;1.203063;0.047304;0.000000;-6.18
256;200;1.203063;0.047304;0.000000;-6.18
256;208;1.203063;0.047304;0.000000;-6.18
256;216;1.203063;0.047304;0.000000;-6.18
256;224;1.203063;0.047304;0.000000;-6.18
256;232;1.203063;0.047304;0.000000;-6.18
256;240;1.203063;0.047304;0.000000;-6.18
256;248;1.203063;0.047304;0.000000;-6.18
256;256;1.203063;0.047304;0.000000;-6.18
256;320;1.203063;0.047006;0.000298;-6.40
256;328;1.203063;0.047145;0.000159;-6.27
256;336;1.203063;0.047211;0.000093;-6.22
256;376;1.203063;0.047304;0.000000;-6.18
256;384;1.203063;0.047304;0.000000;-6.18
256;392;1.203063;0.047304;0.000000;-6.18
256;400;1.203063;0.047304;0.000000;-6.18
264;  0;1.219786;0.030581;0.000000;-4.83
264;  8;1.219786;0.030581;0.000000;-4.83
264; 16;1.219786;0.030581;0.000000;-4.83
264; 24;1.219786;0.030581;0.000000;-4.83
264; 32;1.219786;0.030581;0.000000;-4.83
264; 40;1.219786;0.030581;0.000000;-4.83
264; 48;1.219786;0.030581;0.000000;-4.83
264; 56;1.219786;0.030581;0.000000;-4.83
264; 64;1.219786;0.030581;0.000000;-4.83
264; 72;1.219786;0.030581;0.000000;-4.83
264; 80;1.219786;0.030581;0.000000;-4.83
264; 88;1.219786;0.030581;0.000000;-4.83
264; 96;1.219786;0.030581;0.000000;-4.83
264;104;1.219786;0.030581;0.000000;-4.83
264;112;1.219786;0.030581;0.000000;-4.83
264;120;1.219786;0.030581;0.000000;-4.83
264;128;1.219786;0.030581;0.000000;-4.83
264;136;1.219786;0.030581;0.000000;-4.83
264;144;1.219786;0.030581;0.000000;-4.83
264;152;1.219786;0.030581;0.000000;-4.83
264;160;1.219786;0.030581;0.000000;-4.83
264;168;1.219786;0.030581;0.000000;-4.83
264;176;1.219786;0.030581;0.000000;-4.83
264;184;1.219786;0.030581;0.000000;-4.83
264;192;1.219786;0.030581;0.000000;-4.83
264;200;1.219786;0.030581;0.000000;-4.83
264;208;1.219786;0.030581;0.000000;-4.83
264;216;1.219786;0.030581;0.000000;-4.83
264;224;1.219786;0.030581;0.000000;-4.83
264;232;1.219786;0.030581;0.000000;-4.83
264;240;1.219786;0.030581;0.000000;-4.83
264;248;1.219786;0.030581;0.000000;-4.83
264;256;1.219786;0.030581;0.000000;-4.83
264;264;1.219786;0.030581;0.000000;-4.83
264;320;1.219786;0.030283;0.000298;-5.04
264;328;1.219786;0.030422;0.000159;-4.91
264;336;1.219786;0.030488;0.000093;-4.87
264;376;1.219786;0.030581;0.000000;-4.83
264;384;1.219786;0.030581;0.000000;-4.83
264;392;1.219786;0.030581;0.000000;-4.83
264;400;1.219786;0.030581;0.000000;-4.83
272;  0;1.231994;0.018373;0.000000;-3.67
272;  8;1.231994;0.018373;0.000000;-3.67
272; 16;1.231994;0.018373;0.000000;-3.67
272; 24;1.231994;0.018373;0.000000;-3.67
272; 32;1.231994;0.018373;0.000000;-3.67
272; 40;1.231994;0.018373;0.000000;-3.67
272; 48;1.231994;0.018373;0.000000;-3.67
272; 56;1.231994;0.018373;0.000000;-3.67
272; 64;1.231994;0.018373;0.000000;-3.67
272; 72;1.231994;0.018373;0.000000;-3.67
272; 80;1.231994;0.018373;0.000000;-3.67
272; 88;1.231994;0.018373;0.000000;-3.67
272; 96;1.231994;0.018373;0.000000;-3.67
272;104;1.231994;0.018373;0.000000;-3.67
272;112;1.231994;0.018373;0.000000;-3.67
272;120;1.231994;0.018373;0.000000;-3.67
272;128;1.231994;0.018373;0.000000;-3.67
272;136;1.231994;0.018373;0.000000;-3.67
272;144;1.231994;0.018373;0.000000;-3.67
272;152;1.231994;0.018373;0.000000;-3.67
272;160;1.231994;0.018373;0.000000;-3.67
272;168;1.231994;0.018373;0.000000;-3.67
272;176;1.231994;0.018373;0.000000;-3.67
272;184;1.231994;0.018373;0.000000;-3.67
272;192;1.231994;0.018373;0.000000;-3.67
272;200;1.231994;0.018373;0.000000;-3.67
272;208;1.231994;0.018373;0.000000;-3.67
272;216;1.231994;0.018373;0.000000;-3.67
272;224;1.231994;0.018373;0.000000;-3.67
272;232;1.231994;0.018373;0.000000;-3.67
272;240;1.231994;0.018373;0.000000;-3.67
272;248;1.231994;0.018373;0.000000;-3.67
272;256;1.231994;0.018373;0.000000;-3.67
272;264;1.231994;0.018373;0.000000;-3.67
272;272;1.231994;0.018373;0.000000;-3.67
272;288;1.231994;0.013077;0.005296;-6.98
272;296;1.231994;0.015639;0.002734;-5.43
272;304;1.231994;0.017016;0.001357;-4.62
272;312;1.231994;0.017743;0.000630;-4.12
272;320;1.231994;0.018075;0.000298;-3.88
272;328;1.231994;0.018214;0.000159;-3.76
272;336;1.231994;0.018280;0.000093;-3.71
272;376;1.231994;0.018373;0.000000;-3.67
272;384;1.231994;0.018373;0.000000;-3.67
272;392;1.231994;0.018373;0.000000;-3.67
272;400;1.231994;0.018373;0.000000;-3.67
280;  0;1.240268;0.010099;0.000000;-2.39
280;  8;1.240268;0.010099;0.000000;-2.39
280; 16;1.240268;0.010099;0.000000;-2.39
280; 24;1.240268;0.010099;0.000000;-2.39
280; 32;1.240268;0.010099;0.000000;-2.39
280; 40;1.240268;0.010099;0.000000;-2.39
280; 48;1.240268;0.010099;0.000000;-2.39
280; 56;1.240268;0.010099;0.000000;-2.39
280; 64;1.240268;0.010099;0.000000;-2.39
280; 72;1.240268;0.010099;0.000000;-2.39
280; 80;1.240268;0.010099;0.000000;-2.39
280; 88;1.240268;0.010099;0.000000;-2.39
280; 96;1.240268;0.010099;0.000000;-2.39
280;104;1.240268;0.010099;0.000000;-2.39
280;112;1.240268;0.010099;0.000000;-2.39
280;120;1.240268;0.010099;0.000000;-2.39
280;128;1.240268;0.010099;0.000000;-2.39
280;136;1.240268;0.010099;0.000000;-2.39
280;144;1.240268;0.010099;0.000000;-2.39
280;152;1.240268;0.010099;0.000000;-2.39
280;160;1.240268;0.010099;0.000000;-2.39
280;168;1.240268;0.010099;0.000000;-2.39
280;176;1.240268;0.010099;0.000000;-2.39
280;184;1.240268;0.010099;0.000000;-2.39
280;192;1.240268;0.010099;0.000000;-2.39
280;200;1.240268;0.010099;0.000000;-2.39
280;208;1.240268;0.010099;0.000000;-2.39
280;216;1.240268;0.010099;0.000000;-2.39
280;224;1.240268;0.010099;0.000000;-2.39
280;232;1.240268;0.010099;0.000000;-2.39
280;240;1.240268;0.010099;0.000000;-2.39
280;248;1.240268;0.010099;0.000000;-2.39
280;256;1.240268;0.010099;0.000000;-2.39
280;264;1.240268;0.010099;0.000000;-2.39
280;272;1.240268;0.010099;0.000000;-2.39
280;280;1.240268;0.010099;0.000000;-2.39
280;288;1.240268;0.004803;0.005296;-5.70
280;296;1.240268;0.007365;0.002734;-4.16
280;304;1.240268;0.008742;0.001357;-3.35
280;312;1.240268;0.009469;0.000630;-2.84
280;320;1.240268;0.009801;0.000298;-2.61
280;328;1.240268;0.009940;0.000159;-2.48
280;336;1.240268;0.010006;0.000093;-2.43
280;376;1.240268;0.010099;0.000000;-2.39
280;384;1.240268;0.010099;0.000000;-2.39
280;392;1.240268;0.010099;0.000000;-2.39
280;400;1.240268;0.010099;0.000000;-2.39
288;  0;1.245071;0.005296;0.000000;-1.31
288;  8;1.245071;0.005296;0.000000;-1.31
288; 16;1.245071;0.005296;0.000000;-1.31
288; 24;1.245071;0.005296;0.000000;-1.31
288; 32;1.245071;0.005296;0.000000;-1.31
288; 40;1.245071;0.005296;0.000000;-1.31
288; 48;1.245071;0.005296;0.000000;-1.31
288; 56;1.245071;0.005296;0.000000;-1.31
288; 64;1.245071;0.005296;0.000000;-1.31
288; 72;1.245071;0.005296;0.000000;-1.31
288; 80;1.245071;0.005296;0.000000;-1.31
288; 88;1.245071;0.005296;0.000000;-1.31
288; 96;1.245071;0.005296;0.000000;-1.31
288;104;1.245071;0.005296;0.000000;-1.31
288;112;1.245071;0.005296;0.000000;-1.31
288;120;1.245071;0.005296;0.000000;-1.31
288;128;1.245071;0.005296;0.000000;-1.31
288;136;1.245071;0.005296;0.000000;-1.31
288;144;1.245071;0.005296;0.000000;-1.31
288;152;1.245071;0.005296;0.000000;-1.31
288;160;1.245071;0.005296;0.000000;-1.31
288;168;1.245071;0.005296;0.000000;-1.31
288;176;1.245071;0.005296;0.000000;-1.31
288;184;1.245071;0.005296;0.000000;-1.31
288;192;1.245071;0.005296;0.000000;-1.31
288;200;1.245071;0.005296;0.000000;-1.31
288;208;1.245071;0.005296;0.000000;-1.31
288;216;1.245071;0.005296;0.000000;-1.31
288;224;1.245071;0.005296;0.000000;-1.31
288;232;1.245071;0.005296;0.000000;-1.31
288;240;1.245071;0.005296;0.000000;-1.31
288;248;1.245071;0.005296;0.000000;-1.31
288;256;1.245071;0.005296;0.000000;-1.31
288;264;1.245071;0.005296;0.000000;-1.31
288;272;1.245071;0.005296;0.000000;-1.31
288;280;1.245071;0.005296;0.000000;-1.31
288;288;1.245071;0.005296;0.000000;-1.31
288;296;1.245071;0.002562;0.002734;-3.07
288;304;1.245071;0.003939;0.001357;-2.26
288;312;1.245071;0.004666;0.000630;-1.76
288;320;1.245071;0.004998;0.000298;-1.52
288;328;1.245071;0.005137;0.000159;-1.40
288;336;1.245071;0.005203;0.000093;-1.35
288;376;1.245071;0.005296;0.000000;-1.31
288;384;1.245071;0.005296;0.000000;-1.31
288;392;1.245071;0.005296;0.000000;-1.31
288;400;1.245071;0.005296;0.000000;-1.31
296;  0;1.247633;0.002734;0.000000;-0.70
296;  8;1.247633;0.002734;0.000000;-0.70
296; 16;1.247633;0.002734;0.000000;-0.70
296; 24;1.247633;0.002734;0.000000;-0.70
296; 32;1.247633;0.002734;0.000000;-0.70
296; 40;1.247633;0.002734;0.000000;-0.70
296; 48;1.247633;0.002734;0.000000;-0.70
296; 56;1.247633;0.002734;0.000000;-0.70
296; 64;1.247633;0.002734;0.000000;-0.70
296; 72;1.247633;0.002734;0.000000;-0.70
296; 80;1.247633;0.002734;0.000000;-0.70
296; 88;1.247633;0.002734;0.000000;-0.70
296; 96;1.247633;0.002734;0.000000;-0.70
296;104;1.247633;0.002734;0.000000;-0.70
296;112;1.247633;0.002734;0.000000;-0.70
296;120;1.247633;0.002734;0.000000;-0.70
296;128;1.247633;0.002734;0.000000;-0.70
296;136;1.247633;0.002734;0.000000;-0.70
296;144;1.247633;0.002734;0.000000;-0.70
296;152;1.247633;0.002734;0.000000;-0.70
296;160;1.247633;0.002734;0.000000;-0.70
296;168;1.247633;0.002734;0.000000;-0.70
296;176;1.247633;0.002734;0.000000;-0.70
296;184;1.247633;0.002734;0.000000;-0.70
296;192;1.247633;0.002734;0.000000;-0.70
296;200;1.247633;0.002734;0.000000;-0.70
296;208;1.247633;0.002734;0.000000;-0.70
296;216;1.247633;0.002734;0.000000;-0.70
296;224;1.247633;0.002734;0.000000;-0.70
296;232;1.247633;0.002734;0.000000;-0.70
296;240;1.247633;0.002734;0.000000;-0.70
296;248;1.247633;0.002734;0.000000;-0.70
296;256;1.247633;0.002734;0.000000;-0.70
296;264;1.247633;0.002734;0.000000;-0.70
296;272;1.247633;0.002734;0.000000;-0.70
296;280;1.247633;0.002734;0.000000;-0.70
296;288;1.247633;0.002734;0.000000;-0.70
296;296;1.247633;0.002734;0.000000;-0.70
296;304;1.247633;0.001377;0.001357;-1.66
296;312;1.247633;0.002104;0.000630;-1.15
296;320;1.247633;0.002436;0.000298;-0.92
296;328;1.247633;0.002575;0.000159;-0.79
296;336;1.247633;0.002641;0.000093;-0.74
296;376;1.247633;0.002734;0.000000;-0.70
296;384;1.247633;0.002734;0.000000;-0.70
296;392;1.247633;0.002734;0.000000;-0.70
296;400;1.247633;0.002734;0.000000;-0.70
304;  0;1.249010;0.001357;0.000000;-0.39
304;  8;1.249010;0.001357;0.000000;-0.39
304; 16;1.249010;0.001357;0.000000;-0.39
304; 24;1.249010;0.001357;0.000000;-0.39
304; 32;1.249010;0.001357;0.000000;-0.39
304; 40;1.249010;0.001357;0.000000;-0.39
304; 48;1.249010;0.001357;0.000000;-0.39
304; 56;1.249010;0.001357;0.000000;-0.39
304; 64;1.249010;0.001357;0.000000;-0.39
304; 72;1.249010;0.001357;0.000000;-0.39
304; 80;1.249010;0.001357;0.000000;-0.39
304; 88;1.249010;0.001357;0.000000;-0.39
304; 96;1.249010;0.001357;0.000000;-0.39
304;104;1.249010;0.001357;0.000000;-0.39
304;112;1.249010;0.001357;0.000000;-0.39
304;120;1.249010;0.001357;0.000000;-0.39
304;128;1.249010;0.001357;0.000000;-0.39
304;136;1.249010;0.001357;0.000000;-0.39
304;144;1.249010;0.001357;0.000000;-0.39
304;152;1.249010;0.001357;0.000000;-0.39
304;160;1.249010;0.001357;0.000000;-0.39
304;168;1.249010;0.001357;0.000000;-0.39
304;176;1.249010;0.001357;0.000000;-0.39
304;184;1.249010;0.001357;0.000000;-0.39
304;192;1.249010;0.001357;0.000000;-0.39
304;200;1.249010;0.001357;0.000000;-0.39
304;208;1.249010;0.001357;0.000000;-0.39
304;216;1.249010;0.001357;0.000000;-0.39
304;224;1.249010;0.001357;0.000000;-0.39
304;232;1.249010;0.001357;0.000000;-0.39
304;240;1.249010;0.001357;0.000000;-0.39
304;248;1.249010;0.001357;0.000000;-0.39
304;256;1.249010;0.001357;0.000000;-0.39
304;264;1.249010;0.001357;0.000000;-0.39
304;272;1.249010;0.001357;0.000000;-0.39
304;280;1.249010;0.001357;0.000000;-0.39
304;288;1.249010;0.001357;0.000000;-0.39
304;296;1.249010;0.001357;0.000000;-0.39
304;304;1.249010;0.001357;0.000000;-0.39
304;312;1.249010;0.000727;0.000630;-0.84
304;320;1.249010;0.001059;0.000298;-0.60
304;328;1.249010;0.001198;0.000159;-0.48
304;336;1.249010;0.001264;0.000093;-0.43
304;376;1.249010;0.001357;0.000000;-0.39
304;384;1.249010;0.001357;0.000000;-0.39
304;392;1.249010;0.001357;0.000000;-0.39
304;400;1.249010;0.001357;0.000000;-0.39
312;  0;1.249737;0.000630;0.000000;-0.18
312;  8;1.249737;0.000630;0.000000;-0.18
312; 16;1.249737;0.000630;0.000000;-0.18
312; 24;1.249737;0.000630;0.000000;-0.18
312; 32;1.249737;0.000630;0.000000;-0.18
312; 40;1.249737;0.000630;0.000000;-0.18
312; 48;1.249737;0.000630;0.000000;-0.18
312; 56;1.249737;0.000630;0.000000;-0.18
312; 64;1.249737;0.000630;0.000000;-0.18
312; 72;1.249737;0.000630;0.000000;-0.18
312; 80;1.249737;0.000630;0.000000;-0.18
312; 88;1.249737;0.000630;0.000000;-0.18
312; 96;1.249737;0.000630;0.000000;-0.18
312;104;1.249737;0.000630;0.000000;-0.18
312;112;1.249737;0.000630;0.000000;-0.18
312;120;1.249737;0.000630;0.000000;-0.18
312;128;1.249737;0.000630;0.000000;-0.18
312;136;1.249737;0.000630;0.000000;-0.18
312;144;1.249737;0.000630;0.000000;-0.18
312;152;1.249737;0.000630;0.000000;-0.18
312;160;1.249737;0.000630;0.000000;-0.18
312;168;1.249737;0.000630;0.000000;-0.18
312;176;1.249737;0.000630;0.000000;-0.18
312;184;1.249737;0.000630;0.000000;-0.18
312;192;1.249737;0.000630;0.000000;-0.18
312;200;1.249737;0.000630;0.000000;-0.18
312;208;1.249737;0.000630;0.000000;-0.18
312;216;1.249737;0.000630;0.000000;-0.18
312;224;1.249737;0.000630;0.000000;-0.18
312;232;1.249737;0.000630;0.000000;-0.18
312;240;1.249737;0.000630;0.000000;-0.18
312;248;1.249737;0.000630;0.000000;-0.18
312;256;1.249737;0.000630;0.000000;-0.18
312;264;1.249737;0.000630;0.000000;-0.18
312;272;1.249737;0.000630;0.000000;-0.18
312;280;1.249737;0.000630;0.000000;-0.18
312;288;1.249737;0.000630;0.000000;-0.18
312;296;1.249737;0.000630;0.000000;-0.18
312;304;1.249737;0.000630;0.000000;-0.18
312;312;1.249737;0.000630;0.000000;-0.18
312;320;1.249737;0.000332;0.000298;-0.40
312;328;1.249737;0.000471;0.000159;-0.27
312;336;1.249737;0.000537;0.000093;-0.22
312;376;1.249737;0.000630;0.000000;-0.18
312;384;1.249737;0.000630;0.000000;-0.18
312;392;1.249737;0.000630;0.000000;-0.18
312;400;1.249737;0.000630;0.000000;-0.18
320;  0;1.250069;0.000298;0.000000;-0.09
320;  8;1.250069;0.000298;0.000000;-0.09
320; 16;1.250069;0.000298;0.000000;-0.09
320; 24;1.250069;0.000298;0.000000;-0.09
320; 32;1.250069;0.000298;0.000000;-0.09
320; 40;1.250069;0.000298;0.000000;-0.09
320; 48;1.250069;0.000298;0.000000;-0.09
320; 56;1.250069;0.000298;0.000000;-0.09
320; 64;1.250069;0.000298;0.000000;-0.09
320; 72;1.250069;0.000298;0.000000;-0.09
320; 80;1.250069;0.000298;0.000000;-0.09
320; 88;1.250069;0.000298;0.000000;-0.09
320; 96;1.250069;0.000298;0.000000;-0.09
320;104;1.250069;0.000298;0.000000;-0.09
320;112;1.250069;0.000298;0.000000;-0.09
320;120;1.250069;0.000298;0.000000;-0.09
320;128;1.250069;0.000298;0.000000;-0.09
320;136;1.250069;0.000298;0.000000;-0.09
320;144;1.250069;0.000298;0.000000;-0.09
320;152;1.250069;0.000298;0.000000;-0.09
320;160;1.250069;0.000298;0.000000;-0.09
320;168;1.250069;0.000298;0.000000;-0.09
320;176;1.250069;0.000298;0.000000;-0.09
320;184;1.250069;0.000298;0.000000;-0.09
320;192;1.250069;0.000298;0.000000;-0.09
320;200;1.250069;0.000298;0.000000;-0.09
320;208;1.250069;0.000298;0.000000;-0.09
320;216;1.250069;0.000298;0.000000;-0.09
320;224;1.250069;0.000298;0.000000;-0.09
320;232;1.250069;0.000298;0.000000;-0.09
320;240;1.250069;0.000298;0.000000;-0.09
320;248;1.250069;0.000298;0.000000;-0.09
320;256;1.250069;0.000298;0.000000;-0.09
320;264;1.250069;0.000298;0.000000;-0.09
320;272;1.250069;0.000298;0.000000;-0.09
320;280;1.250069;0.000298;0.000000;-0.09
320;288;1.250069;0.000298;0.000000;-0.09
320;296;1.250069;0.000298;0.000000;-0.09
320;304;1.250069;0.000298;0.000000;-0.09
320;312;1.250069;0.000298;0.000000;-0.09
320;320;1.250069;0.000298;0.000000;-0.09
320;328;1.250069;0.000139;0.000159;-0.17
320;336;1.250069;0.000205;0.000093;-0.13
320;376;1.250069;0.000298;0.000000;-0.09
320;384;1.250069;0.000298;0.000000;-0.09
320;392;1.250069;0.000298;0.000000;-0.09
320;400;1.250069;0.000298;0.000000;-0.09
328;  0;1.250208;0.000159;0.000000;-0.03
328;  8;1.250208;0.000159;0.000000;-0.03
328; 16;1.250208;0.000159;0.000000;-0.03
328; 24;1.250208;0.000159;0.000000;-0.03
328; 32;1.250208;0.000159;0.000000;-0.03
328; 40;1.250208;0.000159;0.000000;-0.03
328; 48;1.250208;0.000159;0.000000;-0.03
328; 56;1.250208;0.000159;0.000000;-0.03
328; 64;1.250208;0.000159;0.000000;-0.03
328; 72;1.250208;0.000159;0.000000;-0.03
328; 80;1.250208;0.000159;0.000000;-0.03
328; 88;1.250208;0.000159;0.000000;-0.03
328; 96;1.250208;0.000159;0.000000;-0.03
328;104;1.250208;0.000159;0.000000;-0.03
328;112;1.250208;0.000159;0.000000;-0.03
328;120;1.250208;0.000159;0.000000;-0.03
328;128;1.250208;0.000159;0.000000;-0.03
328;136;1.250208;0.000159;0.000000;-0.03
328;144;1.250208;0.000159;0.000000;-0.03
328;152;1.250208;0.000159;0.000000;-0.03
328;160;1.250208;0.000159;0.000000;-0.03
328;168;1.250208;0.000159;0.000000;-0.03
328;176;1.250208;0.000159;0.000000;-0.03
328;184;1.250208;0.000159;0.000000;-0.03
328;192;1.250208;0.000159;0.000000;-0.03
328;200;1.250208;0.000159;0.000000;-0.03
328;208;1.250208;0.000159;0.000000;-0.03
328;216;1.250208;0.000159;0.000000;-0.03
328;224;1.250208;0.000159;0.000000;-0.03
328;232;1.250208;0.000159;0.000000;-0.03
328;240;1.250208;0.000159;0.000000;-0.03
328;248;1.250208;0.000159;0.000000;-0.03
328;256;1.250208;0.000159;0.000000;-0.03
328;264;1.250208;0.000159;0.000000;-0.03
328;272;1.250208;0.000159;0.000000;-0.03
328;280;1.250208;0.000159;0.000000;-0.03
328;288;1.250208;0.000159;0.000000;-0.03
328;296;1.250208;0.000159;0.000000;-0.03
328;304;1.250208;0.000159;0.000000;-0.03
328;312;1.250208;0.000159;0.000000;-0.03
328;320;1.250208;0.000159;0.000000;-0.03
328;328;1.250208;0.000159;0.000000;-0.03
328;336;1.250208;0.000066;0.000093;-0.07
328;376;1.250208;0.000159;0.000000;-0.03
328;384;1.250208;0.000159;0.000000;-0.03
328;392;1.250208;0.000159;0.000000;-0.03
328;400;1.250208;0.000159;0.000000;-0.03
336;  0;1.250274;0.000093;0.000000;-0.01
336;  8;1.250274;0.000093;0.000000;-0.01
336; 16;1.250274;0.000093;0.000000;-0.01
336; 24;1.250274;0.000093;0.000000;-0.01
336; 32;1.250274;0.000093;0.000000;-0.01
336; 40;1.250274;0.000093;0.000000;-0.01
336; 48;1.250274;0.000093;0.000000;-0.01
336; 56;1.250274;0.000093;0.000000;-0.01
336; 64;1.250274;0.000093;0.000000;-0.01
336; 72;1.250274;0.000093;0.000000;-0.01
336; 80;1.250274;0.000093;0.000000;-0.01
336; 88;1.250274;0.000093;0.000000;-0.01
336; 96;1.250274;0.000093;0.000000;-0.01
336;104;1.250274;0.000093;0.000000;-0.01
336;112;1.250274;0.000093;0.000000;-0.01
336;120;1.250274;0.000093;0.000000;-0.01
336;128;1.250274;0.000093;0.000000;-0.01
336;136;1.250274;0.000093;0.000000;-0.01
336;144;1.250274;0.000093;0.000000;-0.01
336;152;1.250274;0.000093;0.000000;-0.01
336;160;1.250274;0.000093;0.000000;-0.01
336;168;1.250274;0.000093;0.000000;-0.01
336;176;1.250274;0.000093;0.000000;-0.01
336;184;1.250274;0.000093;0.000000;-0.01
336;192;1.250274;0.000093;0.000000;-0.01
336;200;1.250274;0.000093;0.000000;-0.01
336;208;1.250274;0.000093;0.000000;-0.01
336;216;1.250274;0.000093;0.000000;-0.01
336;224;1.250274;0.000093;0.000000;-0.01
336;232;1.250274;0.000093;0.000000;-0.01
336;240;1.250274;0.000093;0.000000;-0.01
336;248;1.250274;0.000093;0.000000;-0.01
336;256;1.250274;0.000093;0.000000;-0.01
336;264;1.250274;0.000093;0.000000;-0.01
336;272;1.250274;0.000093;0.000000;-0.01
336;280;1.250274;0.000093;0.000000;-0.01
336;288;1.250274;0.000093;0.000000;-0.01
336;296;1.250274;0.000093;0.000000;-0.01
336;304;1.250274;0.000093;0.000000;-0.01
336;312;1.250274;0.000093;0.000000;-0.01
336;320;1.250274;0.000093;0.000000;-0.01
336;328;1.250274;0.000093;0.000000;-0.01
336;336;1.250274;0.000093;0.000000;-0.01
336;376;1.250274;0.000093;0.000000;-0.01
336;384;1.250274;0.000093;0.000000;-0.01
336;392;1.250274;0.000093;0.000000;-0.01
336;400;1.250274;0.000093;0.000000;-0.01
344;  0;1.250311;0.000056;0.000000;-0.01
344;  8;1.250311;0.000056;0.000000;-0.01
344; 16;1.250311;0.000056;0.000000;-0.01
344; 24;1.250311;0.000056;0.000000;-0.01
344; 32;1.250311;0.000056;0.000000;-0.01
344; 40;1.250311;0.000056;0.000000;-0.01
344; 48;1.250311;0.000056;0.000000;-0.01
344; 56;1.250311;0.000056;0.000000;-0.01
344; 64;1.250311;0.000056;0.000000;-0.01
344; 72;1.250311;0.000056;0.000000;-0.01
344; 80;1.250311;0.000056;0.000000;-0.01
344; 88;1.250311;0.000056;0.000000;-0.01
344; 96;1.250311;0.000056;0.000000;-0.01
344;104;1.250311;0.000056;0.000000;-0.01
344;112;1.250311;0.000056;0.000000;-0.01
344;120;1.250311;0.000056;0.000000;-0.01
344;128;1.250311;0.000056;0.000000;-0.01
344;136;1.250311;0.000056;0.000000;-0.01
344;144;1.250311;0.000056;0.000000;-0.01
344;152;1.250311;0.000056;0.000000;-0.01
344;160;1.250311;0.000056;0.000000;-0.01
344;168;1.250311;0.000056;0.000000;-0.01
344;176;1.250311;0.000056;0.000000;-0.01
344;184;1.250311;0.000056;0.000000;-0.01
344;192;1.250311;0.000056;0.000000;-0.01
344;200;1.250311;0.000056;0.000000;-0.01
344;208;1.250311;0.000056;0.000000;-0.01
344;216;1.250311;0.000056;0.000000;-0.01
344;224;1.250311;0.000056;0.000000;-0.01
344;232;1.250311;0.000056;0.000000;-0.01
344;240;1.250311;0.000056;0.000000;-0.01
344;248;1.250311;0.000056;0.000000;-0.01
344;256;1.250311;0.000056;0.000000;-0.01
344;264;1.250311;0.000056;0.000000;-0.01
344;272;1.250311;0.000056;0.000000;-0.01
344;280;1.250311;0.000056;0.000000;-0.01
344;288;1.250311;0.000056;0.000000;-0.01
344;296;1.250311;0.000056;0.000000;-0.01
344;304;1.250311;0.000056;0.000000;-0.01
344;312;1.250311;0.000056;0.000000;-0.01
344;320;1.250311;0.000056;0.000000;-0.01
344;328;1.250311;0.000056;0.000000;-0.01
344;336;1.250311;0.000056;0.000000;-0.01
344;344;1.250311;0.000056;0.000000;-0.01
344;352;1.250311;0.000025;0.000031;-0.03
344;360;1.250311;0.000041;0.000015;-0.03
344;368;1.250311;0.000053;0.000003;-0.02
344;376;1.250311;0.000056;0.000000;-0.01
344;384;1.250311;0.000056;0.000000;-0.01
344;392;1.250311;0.000056;0.000000;-0.01
344;400;1.250311;0.000056;0.000000;-0.01
352;  0;1.250336;0.000031;0.000000;-0.01
352;  8;1.250336;0.000031;0.000000;-0.01
352; 16;1.250336;0.000031;0.000000;-0.01
352; 24;1.250336;0.000031;0.000000;-0.01
352; 32;1.250336;0.000031;0.000000;-0.01
352; 40;1.250336;0.000031;0.000000;-0.01
352; 48;1.250336;0.000031;0.000000;-0.01
352; 56;1.250336;0.000031;0.000000;-0.01
352; 64;1.250336;0.000031;0.000000;-0.01
352; 72;1.250336;0.000031;0.000000;-0.01
352; 80;1.250336;0.000031;0.000000;-0.01
352; 88;1.250336;0.000031;0.000000;-0.01
352; 96;1.250336;0.000031;0.000000;-0.01
352;104;1.250336;0.000031;0.000000;-0.01
352;112;1.250336;0.000031;0.000000;-0.01
352;120;1.250336;0.000031;0.000000;-0.01
352;128;1.250336;0.000031;0.000000;-0.01
352;136;1.250336;0.000031;0.000000;-0.01
352;144;1.250336;0.000031;0.000000;-0.01
352;152;1.250336;0.000031;0.000000;-0.01
352;160;1.250336;0.000031;0.000000;-0.01
352;168;1.250336;0.000031;0.000000;-0.01
352;176;1.250336;0.000031;0.000000;-0.01
352;184;1.250336;0.000031;0.000000;-0.01
352;192;1.250336;0.000031;0.000000;-0.01
352;200;1.250336;0.000031;0.000000;-0.01
352;208;1.250336;0.000031;0.000000;-0.01
352;216;1.250336;0.000031;0.000000;-0.01
352;224;1.250336;0.000031;0.000000;-0.01
352;232;1.250336;0.000031;0.000000;-0.01
352;240;1.250336;0.000031;0.000000;-0.01
352;248;1.250336;0.000031;0.000000;-0.01
352;256;1.250336;0.000031;0.000000;-0.01
352;264;1.250336;0.000031;0.000000;-0.01
352;272;1.250336;0.000031;0.000000;-0.01
352;280;1.250336;0.000031;0.000000;-0.01
352;288;1.250336;0.000031;0.000000;-0.01
352;296;1.250336;0.000031;0.000000;-0.01
352;304;1.250336;0.000031;0.000000;-0.01
352;312;1.250336;0.000031;0.000000;-0.01
352;320;1.250336;0.000031;0.000000;-0.01
352;328;1.250336;0.000031;0.000000;-0.01
352;336;1.250336;0.000031;0.000000;-0.01
352;344;1.250336;0.000031;0.000000;-0.01
352;352;1.250336;0.000031;0.000000;-0.01
352;360;1.250336;0.000016;0.000015;-0.02
352;368;1.250336;0.000028;0.000003;-0.01
352;376;1.250336;0.000031;0.000000;-0.01
352;384;1.250336;0.000031;0.000000;-0.01
352;392;1.250336;0.000031;0.000000;-0.01
352;400;1.250336;0.000031;0.000000;-0.01
360;  0;1.250352;0.000015;0.000000;-0.01
360;  8;1.250352;0.000015;0.000000;-0.01
360; 16;1.250352;0.000015;0.000000;-0.01
360; 24;1.250352;0.000015;0.000000;-0.01
360; 32;1.250352;0.000015;0.000000;-0.01
360; 40;1.250352;0.000015;0.000000;-0.01
360; 48;1.250352;0.000015;0.000000;-0.01
360; 56;1.250352;0.000015;0.000000;-0.01
360; 64;1.250352;0.000015;0.000000;-0.01
360; 72;1.250352;0.000015;0.000000;-0.01
360; 80;1.250352;0.000015;0.000000;-0.01
360; 88;1.250352;0.000015;0.000000;-0.01
360; 96;1.250352;0.000015;0.000000;-0.01
360;104;1.250352;0.000015;0.000000;-0.01
360;112;1.250352;0.000015;0.000000;-0.01
360;120;1.250352;0.000015;0.000000;-0.01
360;128;1.250352;0.000015;0.000000;-0.01
360;136;1.250352;0.000015;0.000000;-0.01
360;144;1.250352;0.000015;0.000000;-0.01
360;152;1.250352;0.000015;0.000000;-0.01
360;160;1.250352;0.000015;0.000000;-0.01
360;168;1.250352;0.000015;0.000000;-0.01
360;176;1.250352;0.000015;0.000000;-0.01
360;184;1.250352;0.000015;0.000000;-0.01
360;192;1.250352;0.000015;0.000000;-0.01
360;200;1.250352;0.000015;0.000000;-0.01
360;208;1.250352;0.000015;0.000000;-0.01
360;216;1.250352;0.000015;0.000000;-0.01
360;224;1.250352;0.000015;0.000000;-0.01
360;232;1.250352;0.000015;0.000000;-0.01
360;240;1.250352;0.000015;0.000000;-0.01
360;248;1.250352;0.000015;0.000000;-0.01
360;256;1.250352;0.000015;0.000000;-0.01
360;264;1.250352;0.000015;0.000000;-0.01
360;272;1.250352;0.000015;0.000000;-0.01
360;280;1.250352;0.000015;0.000000;-0.01
360;288;1.250352;0.000015;0.000000;-0.01
360;296;1.250352;0.000015;0.000000;-0.01
360;304;1.250352;0.000015;0.000000;-0.01
360;312;1.250352;0.000015;0.000000;-0.01
360;320;1.250352;0.000015;0.000000;-0.01
360;328;1.250352;0.000015;0.000000;-0.01
360;336;1.250352;0.000015;0.000000;-0.01
360;344;1.250352;0.000015;0.000000;-0.01
360;352;1.250352;0.000015;0.000000;-0.01
360;360;1.250352;0.000015;0.000000;-0.01
360;368;1.250352;0.000012;0.000003;-0.01
360;376;1.250352;0.000015;0.000000;-0.01
360;384;1.250352;0.000015;0.000000;-0.01
360;392;1.250352;0.000015;0.000000;-0.01
360;400;1.250352;0.000015;0.000000;-0.01
368;  0;1.250364;0.000003;0.000000;-0.00
368;  8;1.250364;0.000003;0.000000;-0.00
368; 16;1.250364;0.000003;0.000000;-0.00
368; 24;1.250364;0.000003;0.000000;-0.00
368; 32;1.250364;0.000003;0.000000;-0.00
368; 40;1.250364;0.000003;0.000000;-0.00
368; 48;1.250364;0.000003;0.000000;-0.00
368; 56;1.250364;0.000003;0.000000;-0.00
368; 64;1.250364;0.000003;0.000000;-0.00
368; 72;1.250364;0.000003;0.000000;-0.00
368; 80;1.250364;0.000003;0.000000;-0.00
368; 88;1.250364;0.000003;0.000000;-0.00
368; 96;1.250364;0.000003;0.000000;-0.00
368;104;1.250364;0.000003;0.000000;-0.00
368;112;1.250364;0.000003;0.000000;-0.00
368;120;1.250364;0.000003;0.000000;-0.00
368;128;1.250364;0.000003;0.000000;-0.00
368;136;1.250364;0.000003;0.000000;-0.00
368;144;1.250364;0.000003;0.000000;-0.00
368;152;1.250364;0.000003;0.000000;-0.00
368;160;1.250364;0.000003;0.000000;-0.00
368;168;1.250364;0.000003;0.000000;-0.00
368;176;1.250364;0.000003;0.000000;-0.00
368;184;1.250364;0.000003;0.000000;-0.00
368;192;1.250364;0.000003;0.000000;-0.00
368;200;1.250364;0.000003;0.000000;-0.00
368;208;1.250364;0.000003;0.000000;-0.00
368;216;1.250364;0.000003;0.000000;-0.00
368;224;1.250364;0.000003;0.000000;-0.00
368;232;1.250364;0.000003;0.000000;-0.00
368;240;1.250364;0.000003;0.000000;-0.00
368;248;1.250364;0.000003;0.000000;-0.00
368;256;1.250364;0.000003;0.000000;-0.00
368;264;1.250364;0.000003;0.000000;-0.00
368;272;1.250364;0.000003;0.000000;-0.00
368;280;1.250364;0.000003;0.000000;-0.00
368;288;1.250364;0.000003;0.000000;-0.00
368;296;1.250364;0.000003;0.000000;-0.00
368;304;1.250364;0.000003;0.000000;-0.00
368;312;1.250364;0.000003;0.000000;-0.00
368;320;1.250364;0.000003;0.000000;-0.00
368;328;1.250364;0.000003;0.000000;-0.00
368;336;1.250364;0.000003;0.000000;-0.00
368;344;1.250364;0.000003;0.000000;-0.00
368;352;1.250364;0.000003;0.000000;-0.00
368;360;1.250364;0.000003;0.000000;-0.00
368;368;1.250364;0.000003;0.000000;-0.00
368;376;1.250364;0.000003;0.000000;-0.00
368;384;1.250364;0.000003;0.000000;-0.00
368;392;1.250364;0.000003;0.000000;-0.00
368;400;1.250364;0.000003;0.000000;-0.00
376;  0;1.250367;0.000000;0.000000;0.00
376;  8;1.250367;0.000000;0.000000;0.00
376; 16;1.250367;0.000000;0.000000;0.00
376; 24;1.250367;0.000000;0.000000;0.00
376; 32;1.250367;0.000000;0.000000;0.00
376; 40;1.250367;0.000000;0.000000;0.00
376; 48;1.250367;0.000000;0.000000;0.00
376; 56;1.250367;0.000000;0.000000;0.00
376; 64;1.250367;0.000000;0.000000;0.00
376; 72;1.250367;0.000000;0.000000;0.00
376; 80;1.250367;0.000000;0.000000;0.00
376; 88;1.250367;0.000000;0.000000;0.00
376; 96;1.250367;0.000000;0.000000;0.00
376;104;1.250367;0.000000;0.000000;0.00
376;112;1.250367;0.000000;0.000000;0.00
376;120;1.250367;0.000000;0.000000;0.00
376;128;1.250367;0.000000;0.000000;0.00
376;136;1.250367;0.000000;0.000000;0.00
376;144;1.250367;0.000000;0.000000;0.00
376;152;1.250367;0.000000;0.000000;0.00
376;160;1.250367;0.000000;0.000000;0.00
376;168;1.250367;0.000000;0.000000;0.00
376;176;1.250367;0.000000;0.000000;0.00
376;184;1.250367;0.000000;0.000000;0.00
376;192;1.250367;0.000000;0.000000;0.00
376;200;1.250367;0.000000;0.000000;0.00
376;208;1.250367;0.000000;0.000000;0.00
376;216;1.250367;0.000000;0.000000;0.00
376;224;1.250367;0.000000;0.000000;0.00
376;232;1.250367;0.000000;0.000000;0.00
376;240;1.250367;0.000000;0.000000;0.00
376;248;1.250367;0.000000;0.000000;0.00
376;256;1.250367;0.000000;0.000000;0.00
376;264;1.250367;0.000000;0.000000;0.00
376;272;1.250367;0.000000;0.000000;0.00
376;280;1.250367;0.000000;0.000000;0.00
376;288;1.250367;0.000000;0.000000;0.00
376;296;1.250367;0.000000;0.000000;0.00
376;304;1.250367;0.000000;0.000000;0.00
376;312;1.250367;0.000000;0.000000;0.00
376;320;1.250367;0.000000;0.000000;0.00
376;328;1.250367;0.000000;0.000000;0.00
376;336;1.250367;0.000000;0.000000;0.00
376;344;1.250367;0.000000;0.000000;0.00
376;352;1.250367;0.000000;0.000000;0.00
376;360;1.250367;0.000000;0.000000;0.00
376;368;1.250367;0.000000;0.000000;0.00
376;376;1.250367;0.000000;0.000000;0.00
376;384;1.250367;0.000000;0.000000;0.00
376;392;1.250367;0.000000;0.000000;0.00
376;400;1.250367;0.000000;0.000000;0.00
384;  0;1.250367;0.000000;0.000000;0.00
384;  8;1.250367;0.000000;0.000000;0.00
384; 16;1.250367;0.000000;0.000000;0.00
384; 24;1.250367;0.000000;0.000000;0.00
384; 32;1.250367;0.000000;0.000000;0.00
384; 40;1.250367;0.000000;0.000000;0.00
384; 48;1.250367;0.000000;0.000000;0.00
384; 56;1.250367;0.000000;0.000000;0.00
384; 64;1.250367;0.000000;0.000000;0.00
384; 72;1.250367;0.000000;0.000000;0.00
384; 80;1.250367;0.000000;0.000000;0.00
384; 88;1.250367;0.000000;0.000000;0.00
384; 96;1.250367;0.000000;0.000000;0.00
384;104;1.250367;0.000000;0.000000;0.00
384;112;1.250367;0.000000;0.000000;0.00
384;120;1.250367;0.000000;0.000000;0.00
384;128;1.250367;0.000000;0.000000;0.00
384;136;1.250367;0.000000;0.000000;0.00
384;144;1.250367;0.000000;0.000000;0.00
384;152;1.250367;0.000000;0.000000;0.00
384;160;1.250367;0.000000;0.000000;0.00
384;168;1.250367;0.000000;0.000000;0.00
384;176;1.250367;0.000000;0.000000;0.00
384;184;1.250367;0.000000;0.000000;0.00
384;192;1.250367;0.000000;0.000000;0.00
384;200;1.250367;0.000000;0.000000;0.00
384;208;1.250367;0.000000;0.000000;0.00
384;216;1.250367;0.000000;0.000000;0.00
384;224;1.250367;0.000000;0.000000;0.00
384;232;1.250367;0.000000;0.000000;0.00
384;240;1.250367;0.000000;0.000000;0.00
384;248;1.250367;0.000000;0.000000;0.00
384;256;1.250367;0.000000;0.000000;0.00
384;264;1.250367;0.000000;0.000000;0.00
384;272;1.250367;0.000000;0.000000;0.00
384;280;1.250367;0.000000;0.000000;0.00
384;288;1.250367;0.000000;0.000000;0.00
384;296;1.250367;0.000000;0.000000;0.00
384;304;1.250367;0.000000;0.000000;0.00
384;312;1.250367;0.000000;0.000000;0.00
384;320;1.250367;0.000000;0.000000;0.00
384;328;1.250367;0.000000;0.000000;0.00
384;336;1.250367;0.000000;0.000000;0.00
384;344;1.250367;0.000000;0.000000;0.00
384;352;1.250367;0.000000;0.000000;0.00
384;360;1.250367;0.000000;0.000000;0.00
384;368;1.250367;0.000000;0.000000;0.00
384;376;1.250367;0.000000;0.000000;0.00
384;384;1.250367;0.000000;0.000000;0.00
384;392;1.250367;0.000000;0.000000;0.00
384;400;1.250367;0.000000;0.000000;0.00
392;  0;1.250367;0.000000;0.000000;0.00
392;  8;1.250367;0.000000;0.000000;0.00
392; 16;1.250367;0.000000;0.000000;0.00
392; 24;1.250367;0.000000;0.000000;0.00
392; 32;1.250367;0.000000;0.000000;0.00
392; 40;1.250367;0.000000;0.000000;0.00
392; 48;1.250367;0.000000;0.000000;0.00
392; 56;1.250367;0.000000;0.000000;0.00
392; 64;1.250367;0.000000;0.000000;0.00
392; 72;1.250367;0.000000;0.000000;0.00
392; 80;1.250367;0.000000;0.000000;0.00
392; 88;1.250367;0.000000;0.000000;0.00
392; 96;1.250367;0.000000;0.000000;0.00
392;104;1.250367;0.000000;0.000000;0.00
392;112;1.250367;0.000000;0.000000;0.00
392;120;1.250367;0.000000;0.000000;0.00
392;128;1.250367;0.000000;0.000000;0.00
392;136;1.250367;0.000000;0.000000;0.00
392;144;1.250367;0.000000;0.000000;0.00
392;152;1.250367;0.000000;0.000000;0.00
392;160;1.250367;0.000000;0.000000;0.00
392;168;1.250367;0.000000;0.000000;0.00
392;176;1.250367;0.000000;0.000000;0.00
392;184;1.250367;0.000000;0.000000;0.00
392;192;1.250367;0.000000;0.000000;0.00
392;200;1.250367;0.000000;0.000000;0.00
392;208;1.250367;0.000000;0.000000;0.00
392;216;1.250367;0.000000;0.000000;0.00
392;224;1.250367;0.000000;0.000000;0.00
392;232;1.250367;0.000000;0.000000;0.00
392;240;1.250367;0.000000;0.000000;0.00
392;248;1.250367;0.000000;0.000000;0.00
392;256;1.250367;0.000000;0.000000;0.00
392;264;1.250367;0.000000;0.000000;0.00
392;272;1.250367;0.000000;0.000000;0.00
392;280;1.250367;0.000000;0.000000;0.00
392;288;1.250367;0.000000;0.000000;0.00
392;296;1.250367;0.000000;0.000000;0.00
392;304;1.250367;0.000000;0.000000;0.00
392;312;1.250367;0.000000;0.000000;0.00
392;320;1.250367;0.000000;0.000000;0.00
392;328;1.250367;0.000000;0.000000;0.00
392;336;1.250367;0.000000;0.000000;0.00
392;344;1.250367;0.000000;0.000000;0.00
392;352;1.250367;0.000000;0.000000;0.00
392;360;1.250367;0.000000;0.000000;0.00
392;368;1.250367;0.000000;0.000000;0.00
392;376;1.250367;0.000000;0.000000;0.00
392;384;1.250367;0.000000;0.000000;0.00
392;392;1.250367;0.000000;0.000000;0.00
392;400;1.250367;0.000000;0.000000;0.00
400;  0;1.250367;0.000000;0.000000;0.00
400;  8;1.250367;0.000000;0.000000;0.00
400; 16;1.250367;0.000000;0.000000;0.00
400; 24;1.250367;0.000000;0.000000;0.00
400; 32;1.250367;0.000000;0.000000;0.00
400; 40;1.250367;0.000000;0.000000;0.00
400; 48;1.250367;0.000000;0.000000;0.00
400; 56;1.250367;0.000000;0.000000;0.00
400; 64;1.250367;0.000000;0.000000;0.00
400; 72;1.250367;0.000000;0.000000;0.00
400; 80;1.250367;0.000000;0.000000;0.00
400; 88;1.250367;0.000000;0.000000;0.00
400; 96;1.250367;0.000000;0.000000;0.00
400;104;1.250367;0.000000;0.000000;0.00
400;112;1.250367;0.000000;0.000000;0.00
400;120;1.250367;0.000000;0.000000;0.00
400;128;1.250367;0.000000;0.000000;0.00
400;136;1.250367;0.000000;0.000000;0.00
400;144;1.250367;0.000000;0.000000;0.00
400;152;1.250367;0.000000;0.000000;0.00
400;160;1.250367;0.000000;0.000000;0.00
400;168;1.250367;0.000000;0.000000;0.00
400;176;1.250367;0.000000;0.000000;0.00
400;184;1.250367;0.000000;0.000000;0.00
400;192;1.250367;0.000000;0.000000;0.00
400;200;1.250367;0.000000;0.000000;0.00
400;208;1.250367;0.000000;0.000000;0.00
400;216;1.250367;0.000000;0.000000;0.00
400;224;1.250367;0.000000;0.000000;0.00
400;232;1.250367;0.000000;0.000000;0.00
400;240;1.250367;0.000000;0.000000;0.00
400;248;1.250367;0.000000;0.000000;0.00
400;256;1.250367;0.000000;0.000000;0.00
400;264;1.250367;0.000000;0.000000;0.00
400;272;1.250367;0.000000;0.000000;0.00
400;280;1.250367;0.000000;0.000000;0.00
400;288;1.250367;0.000000;0.000000;0.00
400;296;1.250367;0.000000;0.000000;0.00
400;304;1.250367;0.000000;0.000000;0.00
400;312;1.250367;0.000000;0.000000;0.00
400;320;1.250367;0.000000;0.000000;0.00
400;328;1.250367;0.000000;0.000000;0.00
400;336;1.250367;0.000000;0.000000;0.00
400;344;1.250367;0.000000;0.000000;0.00
400;352;1.250367;0.000000;0.000000;0.00
400;360;1.250367;0.000000;0.000000;0.00
400;368;1.250367;0.000000;0.000000;0.00
400;376;1.250367;0.000000;0.000000;0.00
400;384;1.250367;0.000000;0.000000;0.00
400;392;1.250367;0.000000;0.000000;0.00
400;400;1.250367;0.000000;0.000000;0.00
