  0   0 1.249870 0.241232 0.000000 0.608040 -1.94
  0  50 1.249870 0.152597 0.088635 0.672842 -12.81
  0 100 1.249870 0.208504 0.032728 0.631528 -5.88
  0 150 1.249870 0.228950 0.012282 0.617147 -3.47
  0 200 1.249870 0.236720 0.004512 0.611415 -2.51
  0 250 1.249870 0.239455 0.001777 0.609151 -2.13
  0 300 1.249870 0.240426 0.000806 0.608359 -2.00
  0 350 1.249870 0.240838 0.000394 0.608300 -1.99
  0 400 1.249870 0.241091 0.000141 0.608153 -1.96
  0 450 1.249870 0.241185 0.000047 0.608077 -1.95
  0 500 1.249870 0.241232 0.000000 0.608040 -1.94
100   0 1.458374 0.032728 0.000000 0.597546 -0.19
100  50 1.458374 0.032728 0.000000 0.597546 -0.19
100 100 1.458374 0.032728 0.000000 0.597546 -0.19
100 150 1.458374 0.020446 0.012282 0.606654 -1.71
100 200 1.458374 0.028216 0.004512 0.600921 -0.75
100 250 1.458374 0.030951 0.001777 0.598657 -0.37
100 300 1.458374 0.031922 0.000806 0.597866 -0.24
100 350 1.458374 0.032334 0.000394 0.597806 -0.23
100 400 1.458374 0.032587 0.000141 0.597659 -0.20
100 450 1.458374 0.032681 0.000047 0.597584 -0.19
100 500 1.458374 0.032728 0.000000 0.597546 -0.19
200   0 1.486590 0.004512 0.000000 0.596662 -0.04
200  50 1.486590 0.004512 0.000000 0.596662 -0.04
200 100 1.486590 0.004512 0.000000 0.596662 -0.04
200 150 1.486590 0.004512 0.000000 0.596662 -0.04
200 200 1.486590 0.004512 0.000000 0.596662 -0.04
200 250 1.486590 0.002735 0.001777 0.597773 -0.22
200 300 1.486590 0.003706 0.000806 0.596981 -0.09
200 350 1.486590 0.004118 0.000394 0.596922 -0.08
200 400 1.486590 0.004371 0.000141 0.596775 -0.06
200 450 1.486590 0.004465 0.000047 0.596699 -0.04
200 500 1.486590 0.004512 0.000000 0.596662 -0.04
300   0 1.490296 0.000806 0.000000 0.596339 0.02
300  50 1.490296 0.000806 0.000000 0.596339 0.02
300 100 1.490296 0.000806 0.000000 0.596339 0.02
300 150 1.490296 0.000806 0.000000 0.596339 0.02
300 200 1.490296 0.000806 0.000000 0.596339 0.02
300 250 1.490296 0.000806 0.000000 0.596339 0.02
300 300 1.490296 0.000806 0.000000 0.596339 0.02
300 350 1.490296 0.000412 0.000394 0.596599 -0.03
300 400 1.490296 0.000665 0.000141 0.596452 -0.00
300 450 1.490296 0.000759 0.000047 0.596376 0.01
300 500 1.490296 0.000806 0.000000 0.596339 0.02
400   0 1.490961 0.000141 0.000000 0.596451 -0.00
400  50 1.490961 0.000141 0.000000 0.596451 -0.00
400 100 1.490961 0.000141 0.000000 0.596451 -0.00
400 150 1.490961 0.000141 0.000000 0.596451 -0.00
400 200 1.490961 0.000141 0.000000 0.596451 -0.00
400 250 1.490961 0.000141 0.000000 0.596451 -0.00
400 300 1.490961 0.000141 0.000000 0.596451 -0.00
400 350 1.490961 0.000141 0.000000 0.596451 -0.00
400 400 1.490961 0.000141 0.000000 0.596451 -0.00
400 450 1.490961 0.000094 0.000047 0.596489 -0.01
400 500 1.490961 0.000141 0.000000 0.596451 -0.00
500   0 1.491102 0.000000 0.000000 0.596441 0.00
500  50 1.491102 0.000000 0.000000 0.596441 0.00
500 100 1.491102 0.000000 0.000000 0.596441 0.00
500 150 1.491102 0.000000 0.000000 0.596441 0.00
500 200 1.491102 0.000000 0.000000 0.596441 0.00
500 250 1.491102 0.000000 0.000000 0.596441 0.00
500 300 1.491102 0.000000 0.000000 0.596441 0.00
500 350 1.491102 0.000000 0.000000 0.596441 0.00
500 400 1.491102 0.000000 0.000000 0.596441 0.00
500 450 1.491102 0.000000 0.000000 0.596441 0.00
500 500 1.491102 0.000000 0.000000 0.596441 0.00
