  0   0 1.249968 0.246638 0.000000 0.611149 -2.09
  0  10 1.249968 0.047257 0.199381 0.780232 -30.33
  0  20 1.249968 0.089753 0.156885 0.762310 -27.34
  0  30 1.249968 0.127064 0.119574 0.743250 -24.16
  0  40 1.249968 0.159241 0.087397 0.724373 -21.00
  0  50 1.249968 0.186423 0.060215 0.705928 -17.92
  0  60 1.249968 0.208510 0.038128 0.686789 -14.72
  0  70 1.249968 0.225687 0.020951 0.667625 -11.52
  0  80 1.249968 0.237762 0.008876 0.646907 -8.06
  0  90 1.249968 0.244571 0.002067 0.628646 -5.01
  0 100 1.249968 0.246638 0.000000 0.611149 -2.09
 20   0 1.339721 0.156885 0.000000 0.623223 -4.11
 20  10 1.339721 0.156885 0.000000 0.623223 -4.11
 20  20 1.339721 0.156885 0.000000 0.623223 -4.11
 20  30 1.339721 0.037311 0.119574 0.755323 -26.17
 20  40 1.339721 0.069488 0.087397 0.736447 -23.02
 20  50 1.339721 0.096670 0.060215 0.718002 -19.94
 20  60 1.339721 0.118757 0.038128 0.698862 -16.74
 20  70 1.339721 0.135934 0.020951 0.679698 -13.54
 20  80 1.339721 0.148009 0.008876 0.658980 -10.08
 20  90 1.339721 0.154818 0.002067 0.640720 -7.03
 20 100 1.339721 0.156885 0.000000 0.623223 -4.11
 40   0 1.409209 0.087397 0.000000 0.626843 -4.71
 40  10 1.409209 0.087397 0.000000 0.626843 -4.71
 40  20 1.409209 0.087397 0.000000 0.626843 -4.71
 40  30 1.409209 0.087397 0.000000 0.626843 -4.71
 40  40 1.409209 0.087397 0.000000 0.626843 -4.71
 40  50 1.409209 0.027182 0.060215 0.721622 -20.54
 40  60 1.409209 0.049269 0.038128 0.702483 -17.35
 40  70 1.409209 0.066446 0.020951 0.683319 -14.14
 40  80 1.409209 0.078521 0.008876 0.662601 -10.68
 40  90 1.409209 0.085330 0.002067 0.644340 -7.63
 40 100 1.409209 0.087397 0.000000 0.626843 -4.71
 60   0 1.458478 0.038128 0.000000 0.624068 -4.25
 60  10 1.458478 0.038128 0.000000 0.624068 -4.25
 60  20 1.458478 0.038128 0.000000 0.624068 -4.25
 60  30 1.458478 0.038128 0.000000 0.624068 -4.25
 60  40 1.458478 0.038128 0.000000 0.624068 -4.25
 60  50 1.458478 0.038128 0.000000 0.624068 -4.25
 60  60 1.458478 0.038128 0.000000 0.624068 -4.25
 60  70 1.458478 0.017177 0.020951 0.680543 -13.68
 60  80 1.458478 0.029252 0.008876 0.659825 -10.22
 60  90 1.458478 0.036061 0.002067 0.641565 -7.17
 60 100 1.458478 0.038128 0.000000 0.624068 -4.25
 80   0 1.487730 0.008876 0.000000 0.613636 -2.50
 80  10 1.487730 0.008876 0.000000 0.613636 -2.50
 80  20 1.487730 0.008876 0.000000 0.613636 -2.50
 80  30 1.487730 0.008876 0.000000 0.613636 -2.50
 80  40 1.487730 0.008876 0.000000 0.613636 -2.50
 80  50 1.487730 0.008876 0.000000 0.613636 -2.50
 80  60 1.487730 0.008876 0.000000 0.613636 -2.50
 80  70 1.487730 0.008876 0.000000 0.613636 -2.50
 80  80 1.487730 0.008876 0.000000 0.613636 -2.50
 80  90 1.487730 0.006809 0.002067 0.631133 -5.43
 80 100 1.487730 0.008876 0.000000 0.613636 -2.50
100   0 1.496606 0.000000 0.000000 0.598642 0.00
100  10 1.496606 0.000000 0.000000 0.598642 0.00
100  20 1.496606 0.000000 0.000000 0.598642 0.00
100  30 1.496606 0.000000 0.000000 0.598642 0.00
100  40 1.496606 0.000000 0.000000 0.598642 0.00
100  50 1.496606 0.000000 0.000000 0.598642 0.00
100  60 1.496606 0.000000 0.000000 0.598642 0.00
100  70 1.496606 0.000000 0.000000 0.598642 0.00
100  80 1.496606 0.000000 0.000000 0.598642 0.00
100  90 1.496606 0.000000 0.000000 0.598642 0.00
100 100 1.496606 0.000000 0.000000 0.598642 0.00
