  0   0 1.249968 0.492120 0.000000 0.624583 10.37
  0  20 1.249968 0.099988 0.392132 0.804779 -15.49
  0  40 1.249968 0.198073 0.294047 0.795828 -14.21
  0  60 1.249968 0.279619 0.212501 0.755092 -8.36
  0  80 1.249968 0.347122 0.144998 0.748536 -7.42
  0 100 1.249968 0.406291 0.085829 0.715725 -2.71
  0 120 1.249968 0.444997 0.047123 0.689135 1.11
  0 140 1.249968 0.476356 0.015764 0.676378 2.94
  0 160 1.249968 0.491074 0.001046 0.631971 9.31
  0 180 1.249968 0.492119 0.000001 0.624623 10.36
  0 200 1.249968 0.492120 0.000000 0.624583 10.37
 40   0 1.448041 0.294047 0.000000 0.686869 1.43
 40  20 1.448041 0.294047 0.000000 0.686869 1.43
 40  40 1.448041 0.294047 0.000000 0.686869 1.43
 40  60 1.448041 0.081546 0.212501 0.817378 -17.30
 40  80 1.448041 0.149049 0.144998 0.810822 -16.36
 40 100 1.448041 0.208218 0.085829 0.778011 -11.65
 40 120 1.448041 0.246924 0.047123 0.751420 -7.83
 40 140 1.448041 0.278283 0.015764 0.738663 -6.00
 40 160 1.448041 0.293001 0.001046 0.694257 0.37
 40 180 1.448041 0.294046 0.000001 0.686909 1.42
 40 200 1.448041 0.294047 0.000000 0.686869 1.43
 80   0 1.597090 0.144998 0.000000 0.711676 -2.13
 80  20 1.597090 0.144998 0.000000 0.711676 -2.13
 80  40 1.597090 0.144998 0.000000 0.711676 -2.13
 80  60 1.597090 0.144998 0.000000 0.711676 -2.13
 80  80 1.597090 0.144998 0.000000 0.711676 -2.13
 80 100 1.597090 0.059169 0.085829 0.802818 -15.21
 80 120 1.597090 0.097875 0.047123 0.776227 -11.39
 80 140 1.597090 0.129234 0.015764 0.763470 -9.56
 80 160 1.597090 0.143952 0.001046 0.719064 -3.19
 80 180 1.597090 0.144997 0.000001 0.711716 -2.14
 80 200 1.597090 0.144998 0.000000 0.711676 -2.13
120   0 1.694965 0.047123 0.000000 0.713792 -2.43
120  20 1.694965 0.047123 0.000000 0.713792 -2.43
120  40 1.694965 0.047123 0.000000 0.713792 -2.43
120  60 1.694965 0.047123 0.000000 0.713792 -2.43
120  80 1.694965 0.047123 0.000000 0.713792 -2.43
120 100 1.694965 0.047123 0.000000 0.713792 -2.43
120 120 1.694965 0.047123 0.000000 0.713792 -2.43
120 140 1.694965 0.031359 0.015764 0.765586 -9.87
120 160 1.694965 0.046077 0.001046 0.721180 -3.49
120 180 1.694965 0.047122 0.000001 0.713832 -2.44
120 200 1.694965 0.047123 0.000000 0.713792 -2.43
160   0 1.741042 0.001046 0.000000 0.700189 -0.48
160  20 1.741042 0.001046 0.000000 0.700189 -0.48
160  40 1.741042 0.001046 0.000000 0.700189 -0.48
160  60 1.741042 0.001046 0.000000 0.700189 -0.48
160  80 1.741042 0.001046 0.000000 0.700189 -0.48
160 100 1.741042 0.001046 0.000000 0.700189 -0.48
160 120 1.741042 0.001046 0.000000 0.700189 -0.48
160 140 1.741042 0.001046 0.000000 0.700189 -0.48
160 160 1.741042 0.001046 0.000000 0.700189 -0.48
160 180 1.741042 0.001045 0.000001 0.700229 -0.49
160 200 1.741042 0.001046 0.000000 0.700189 -0.48
200   0 1.742088 0.000000 0.000000 0.696835 0.00
200  20 1.742088 0.000000 0.000000 0.696835 0.00
200  40 1.742088 0.000000 0.000000 0.696835 0.00
200  60 1.742088 0.000000 0.000000 0.696835 0.00
200  80 1.742088 0.000000 0.000000 0.696835 0.00
200 100 1.742088 0.000000 0.000000 0.696835 0.00
200 120 1.742088 0.000000 0.000000 0.696835 0.00
200 140 1.742088 0.000000 0.000000 0.696835 0.00
200 160 1.742088 0.000000 0.000000 0.696835 0.00
200 180 1.742088 0.000000 0.000000 0.696835 0.00
200 200 1.742088 0.000000 0.000000 0.696835 0.00
