  0   0 1.249968 0.997628 0.000000 0.649659 27.74
  0  40 1.249968 0.189708 0.807920 0.788892 12.25
  0  80 1.249968 0.359330 0.638298 0.777026 13.57
  0 120 1.249968 0.509210 0.488418 0.764976 14.91
  0 160 1.249968 0.639789 0.357839 0.752204 16.33
  0 200 1.249968 0.749820 0.247808 0.737688 17.95
  0 240 1.249968 0.840115 0.157513 0.721308 19.77
  0 280 1.249968 0.909669 0.087959 0.704375 21.65
  0 320 1.249968 0.958783 0.038845 0.687023 23.58
  0 360 1.249968 0.988472 0.009156 0.668022 25.70
  0 400 1.249968 0.997628 0.000000 0.649659 27.74
 80   0 1.609298 0.638298 0.000000 0.755224 16.00
 80  40 1.609298 0.638298 0.000000 0.755224 16.00
 80  80 1.609298 0.638298 0.000000 0.755224 16.00
 80 120 1.609298 0.149880 0.488418 0.870541 3.17
 80 160 1.609298 0.280459 0.357839 0.857769 4.59
 80 200 1.609298 0.390490 0.247808 0.843253 6.20
 80 240 1.609298 0.480785 0.157513 0.826874 8.03
 80 280 1.609298 0.550339 0.087959 0.809940 9.91
 80 320 1.609298 0.599453 0.038845 0.792588 11.84
 80 360 1.609298 0.629142 0.009156 0.773588 13.95
 80 400 1.609298 0.638298 0.000000 0.755224 16.00
160   0 1.889757 0.357839 0.000000 0.833985 7.24
160  40 1.889757 0.357839 0.000000 0.833985 7.24
160  80 1.889757 0.357839 0.000000 0.833985 7.24
160 120 1.889757 0.357839 0.000000 0.833985 7.24
160 160 1.889757 0.357839 0.000000 0.833985 7.24
160 200 1.889757 0.110031 0.247808 0.922014 -2.56
160 240 1.889757 0.200326 0.157513 0.905634 -0.73
160 280 1.889757 0.269880 0.087959 0.888701 1.15
160 320 1.889757 0.318994 0.038845 0.871349 3.08
160 360 1.889757 0.348683 0.009156 0.852348 5.19
160 400 1.889757 0.357839 0.000000 0.833985 7.24
240   0 2.090083 0.157513 0.000000 0.883659 1.71
240  40 2.090083 0.157513 0.000000 0.883659 1.71
240  80 2.090083 0.157513 0.000000 0.883659 1.71
240 120 2.090083 0.157513 0.000000 0.883659 1.71
240 160 2.090083 0.157513 0.000000 0.883659 1.71
240 200 2.090083 0.157513 0.000000 0.883659 1.71
240 240 2.090083 0.157513 0.000000 0.883659 1.71
240 280 2.090083 0.069554 0.087959 0.938375 -4.38
240 320 2.090083 0.118668 0.038845 0.921023 -2.45
240 360 2.090083 0.148357 0.009156 0.902023 -0.33
240 400 2.090083 0.157513 0.000000 0.883659 1.71
320   0 2.208751 0.038845 0.000000 0.905093 -0.67
320  40 2.208751 0.038845 0.000000 0.905093 -0.67
320  80 2.208751 0.038845 0.000000 0.905093 -0.67
320 120 2.208751 0.038845 0.000000 0.905093 -0.67
320 160 2.208751 0.038845 0.000000 0.905093 -0.67
320 200 2.208751 0.038845 0.000000 0.905093 -0.67
320 240 2.208751 0.038845 0.000000 0.905093 -0.67
320 280 2.208751 0.038845 0.000000 0.905093 -0.67
320 320 2.208751 0.038845 0.000000 0.905093 -0.67
320 360 2.208751 0.029689 0.009156 0.923456 -2.72
320 400 2.208751 0.038845 0.000000 0.905093 -0.67
400   0 2.247596 0.000000 0.000000 0.899038 0.00
400  40 2.247596 0.000000 0.000000 0.899038 0.00
400  80 2.247596 0.000000 0.000000 0.899038 0.00
400 120 2.247596 0.000000 0.000000 0.899038 0.00
400 160 2.247596 0.000000 0.000000 0.899038 0.00
400 200 2.247596 0.000000 0.000000 0.899038 0.00
400 240 2.247596 0.000000 0.000000 0.899038 0.00
400 280 2.247596 0.000000 0.000000 0.899038 0.00
400 320 2.247596 0.000000 0.000000 0.899038 0.00
400 360 2.247596 0.000000 0.000000 0.899038 0.00
400 400 2.247596 0.000000 0.000000 0.899038 0.00
