  0   0 1.249968 0.491830 0.000000 0.624569 10.36
  0  20 1.249968 0.100000 0.391830 0.804980 -15.54
  0  40 1.249968 0.199924 0.291906 0.809600 -16.20
  0  60 1.249968 0.298959 0.192871 0.809056 -16.12
  0  80 1.249968 0.390164 0.101666 0.781802 -12.21
  0 100 1.249968 0.455469 0.036361 0.714096 -2.49
  0 120 1.249968 0.484486 0.007344 0.651423 6.50
  0 140 1.249968 0.491119 0.000711 0.628493 9.79
  0 160 1.249968 0.491815 0.000015 0.624728 10.33
  0 180 1.249968 0.491830 0.000000 0.624569 10.36
  0 200 1.249968 0.491830 0.000000 0.624569 10.36
 40   0 1.449892 0.291906 0.000000 0.694342 0.34
 40  20 1.449892 0.291906 0.000000 0.694342 0.34
 40  40 1.449892 0.291906 0.000000 0.694342 0.34
 40  60 1.449892 0.099035 0.192871 0.878829 -26.14
 40  80 1.449892 0.190240 0.101666 0.851575 -22.23
 40 100 1.449892 0.255545 0.036361 0.783870 -12.51
 40 120 1.449892 0.284562 0.007344 0.721196 -3.51
 40 140 1.449892 0.291195 0.000711 0.698267 -0.22
 40 160 1.449892 0.291891 0.000015 0.694501 0.32
 40 180 1.449892 0.291906 0.000000 0.694342 0.34
 40 200 1.449892 0.291906 0.000000 0.694342 0.34
 80   0 1.640132 0.101666 0.000000 0.742286 -6.54
 80  20 1.640132 0.101666 0.000000 0.742286 -6.54
 80  40 1.640132 0.101666 0.000000 0.742286 -6.54
 80  60 1.640132 0.101666 0.000000 0.742286 -6.54
 80  80 1.640132 0.101666 0.000000 0.742286 -6.54
 80 100 1.640132 0.065305 0.036361 0.831814 -19.39
 80 120 1.640132 0.094322 0.007344 0.769140 -10.39
 80 140 1.640132 0.100955 0.000711 0.746211 -7.10
 80 160 1.640132 0.101651 0.000015 0.742445 -6.56
 80 180 1.640132 0.101666 0.000000 0.742286 -6.54
 80 200 1.640132 0.101666 0.000000 0.742286 -6.54
120   0 1.734454 0.007344 0.000000 0.707759 -1.58
120  20 1.734454 0.007344 0.000000 0.707759 -1.58
120  40 1.734454 0.007344 0.000000 0.707759 -1.58
120  60 1.734454 0.007344 0.000000 0.707759 -1.58
120  80 1.734454 0.007344 0.000000 0.707759 -1.58
120 100 1.734454 0.007344 0.000000 0.707759 -1.58
120 120 1.734454 0.007344 0.000000 0.707759 -1.58
120 140 1.734454 0.006633 0.000711 0.711683 -2.15
120 160 1.734454 0.007329 0.000015 0.707918 -1.61
120 180 1.734454 0.007344 0.000000 0.707759 -1.58
120 200 1.734454 0.007344 0.000000 0.707759 -1.58
160   0 1.741783 0.000015 0.000000 0.696794 -0.01
160  20 1.741783 0.000015 0.000000 0.696794 -0.01
160  40 1.741783 0.000015 0.000000 0.696794 -0.01
160  60 1.741783 0.000015 0.000000 0.696794 -0.01
160  80 1.741783 0.000015 0.000000 0.696794 -0.01
160 100 1.741783 0.000015 0.000000 0.696794 -0.01
160 120 1.741783 0.000015 0.000000 0.696794 -0.01
160 140 1.741783 0.000015 0.000000 0.696794 -0.01
160 160 1.741783 0.000015 0.000000 0.696794 -0.01
160 180 1.741783 0.000015 0.000000 0.696794 -0.01
160 200 1.741783 0.000015 0.000000 0.696794 -0.01
200   0 1.741798 0.000000 0.000000 0.696719 0.00
200  20 1.741798 0.000000 0.000000 0.696719 0.00
200  40 1.741798 0.000000 0.000000 0.696719 0.00
200  60 1.741798 0.000000 0.000000 0.696719 0.00
200  80 1.741798 0.000000 0.000000 0.696719 0.00
200 100 1.741798 0.000000 0.000000 0.696719 0.00
200 120 1.741798 0.000000 0.000000 0.696719 0.00
200 140 1.741798 0.000000 0.000000 0.696719 0.00
200 160 1.741798 0.000000 0.000000 0.696719 0.00
200 180 1.741798 0.000000 0.000000 0.696719 0.00
200 200 1.741798 0.000000 0.000000 0.696719 0.00
