  0   0 0.460305 0.795539 0.000000 0.282269 43.81
  0 400 0.460305 0.795539 0.000000 0.282269 43.81
 80   0 0.724238 0.531606 0.000000 0.387545 22.85
 80  40 0.724238 0.531606 0.000000 0.387545 22.85
 80  80 0.724238 0.531606 0.000000 0.387545 22.85
 80 400 0.724238 0.531606 0.000000 0.387545 22.85
160   0 0.998965 0.256879 0.000000 0.473340 5.77
160  40 0.998965 0.256879 0.000000 0.473340 5.77
160  80 0.998965 0.256879 0.000000 0.473340 5.77
160 120 0.998965 0.256879 0.000000 0.473340 5.77
160 160 0.998965 0.256879 0.000000 0.473340 5.77
160 400 0.998965 0.256879 0.000000 0.473340 5.77
240   0 1.184395 0.071449 0.000000 0.508220 -1.17
240  40 1.184395 0.071449 0.000000 0.508220 -1.17
240  80 1.184395 0.071449 0.000000 0.508220 -1.17
240 120 1.184395 0.071449 0.000000 0.508220 -1.17
240 160 1.184395 0.071449 0.000000 0.508220 -1.17
240 200 1.184395 0.071449 0.000000 0.508220 -1.17
240 240 1.184395 0.071449 0.000000 0.508220 -1.17
240 280 1.184395 0.046603 0.024846 0.538382 -7.18
240 320 1.184395 0.066685 0.004764 0.517023 -2.92
240 360 1.184395 0.071059 0.000390 0.509361 -1.40
240 400 1.184395 0.071449 0.000000 0.508220 -1.17
320   0 1.251080 0.004764 0.000000 0.505190 -0.57
320  40 1.251080 0.004764 0.000000 0.505190 -0.57
320  80 1.251080 0.004764 0.000000 0.505190 -0.57
320 120 1.251080 0.004764 0.000000 0.505190 -0.57
320 160 1.251080 0.004764 0.000000 0.505190 -0.57
320 200 1.251080 0.004764 0.000000 0.505190 -0.57
320 240 1.251080 0.004764 0.000000 0.505190 -0.57
320 280 1.251080 0.004764 0.000000 0.505190 -0.57
320 320 1.251080 0.004764 0.000000 0.505190 -0.57
320 360 1.251080 0.004374 0.000390 0.506331 -0.79
320 400 1.251080 0.004764 0.000000 0.505190 -0.57
400   0 1.255844 0.000000 0.000000 0.502338 0.00
400  40 1.255844 0.000000 0.000000 0.502338 0.00
400  80 1.255844 0.000000 0.000000 0.502338 0.00
400 120 1.255844 0.000000 0.000000 0.502338 0.00
400 160 1.255844 0.000000 0.000000 0.502338 0.00
400 200 1.255844 0.000000 0.000000 0.502338 0.00
400 240 1.255844 0.000000 0.000000 0.502338 0.00
400 280 1.255844 0.000000 0.000000 0.502338 0.00
400 320 1.255844 0.000000 0.000000 0.502338 0.00
400 360 1.255844 0.000000 0.000000 0.502338 0.00
400 400 1.255844 0.000000 0.000000 0.502338 0.00
