  0   0 0.298985 0.951382 0.000000 0.215433 56.93
  0 400 0.298985 0.951382 0.000000 0.215433 56.93
 80   0 0.525840 0.724527 0.000000 0.311292 37.76
 80  40 0.525840 0.724527 0.000000 0.311292 37.76
 80  80 0.525840 0.724527 0.000000 0.311292 37.76
 80 400 0.525840 0.724527 0.000000 0.311292 37.76
160   0 0.818529 0.431838 0.000000 0.430074 14.01
160  40 0.818529 0.431838 0.000000 0.430074 14.01
160  80 0.818529 0.431838 0.000000 0.430074 14.01
160 120 0.818529 0.431838 0.000000 0.430074 14.01
160 160 0.818529 0.431838 0.000000 0.430074 14.01
160 400 0.818529 0.431838 0.000000 0.430074 14.01
240   0 1.155169 0.095198 0.000000 0.536458 -7.26
240  40 1.155169 0.095198 0.000000 0.536458 -7.26
240  80 1.155169 0.095198 0.000000 0.536458 -7.26
240 120 1.155169 0.095198 0.000000 0.536458 -7.26
240 160 1.155169 0.095198 0.000000 0.536458 -7.26
240 200 1.155169 0.095198 0.000000 0.536458 -7.26
240 240 1.155169 0.095198 0.000000 0.536458 -7.26
240 400 1.155169 0.095198 0.000000 0.536458 -7.26
320   0 1.250069 0.000298 0.000000 0.500583 -0.09
320  40 1.250069 0.000298 0.000000 0.500583 -0.09
320  80 1.250069 0.000298 0.000000 0.500583 -0.09
320 120 1.250069 0.000298 0.000000 0.500583 -0.09
320 160 1.250069 0.000298 0.000000 0.500583 -0.09
320 200 1.250069 0.000298 0.000000 0.500583 -0.09
320 240 1.250069 0.000298 0.000000 0.500583 -0.09
320 280 1.250069 0.000298 0.000000 0.500583 -0.09
320 320 1.250069 0.000298 0.000000 0.500583 -0.09
320 400 1.250069 0.000298 0.000000 0.500583 -0.09
400   0 1.250367 0.000000 0.000000 0.500147 0.00
400  40 1.250367 0.000000 0.000000 0.500147 0.00
400  80 1.250367 0.000000 0.000000 0.500147 0.00
400 120 1.250367 0.000000 0.000000 0.500147 0.00
400 160 1.250367 0.000000 0.000000 0.500147 0.00
400 200 1.250367 0.000000 0.000000 0.500147 0.00
400 240 1.250367 0.000000 0.000000 0.500147 0.00
400 280 1.250367 0.000000 0.000000 0.500147 0.00
400 320 1.250367 0.000000 0.000000 0.500147 0.00
400 360 1.250367 0.000000 0.000000 0.500147 0.00
400 400 1.250367 0.000000 0.000000 0.500147 0.00
