184,31
372,10
476,11
263,32
108,46
171,54
142,45
5,89
198,96
456,28
93,75
263,21
172,51
116,49
365,54
187,16
467,90
406,26
5,93
427,18
276,2
41,16
360,4
307,19
468,33
350,53
31,17
4,95
82,52
328,77
462,11
187,7
445,13
484,99
117,76
328,1
303,88
386,67
218,81
63,47
10,86
100,35
147,56
355,68
261,78
247,50
457,84
310,80
320,88
293,19
482,8
301,54
388,70
152,2
423,45
12,25
429,86
431,31
241,6
351,5
388,17
34,94
90,50
244,83
428,46
484,77
462,21
395,14
196,37
87,62
156,74
69,5
266,93
177,72
486,96
402,52
318,10
6,40
203,2
374,34
242,66
374,95
386,17
341,33
71,3
365,82
276,32
259,52
389,48
122,78
301,45
77,63
283,82
277,43
74,75
303,56
362,63
474,41
408,97
215,47
198,23
170,12
285,69
62,42
412,1
489,57
357,14
356,66
118,17
352,73
28,58
323,2
86,38
183,79
325,40
368,45
19,35
471,92
82,71
12,60
305,86
250,74
164,50
440,38
485,87
41,75
10,31
461,66
134,58
167,87
314,76
379,30
305,45
404,26
494,99
63,11
109,40
310,70
137,24
206,66
296,4
92,91
437,80
491,90
483,3
4,89
443,86
399,37
371,47
279,72
262,15
176,41
185,74
200,47
415,67
404,52
314,12
495,88
92,94
287,9
363,3
33,67
449,98
162,85
280,25
461,34
189,53
482,46
119,62
218,68
150,21
480,52
168,96
240,84
229,23
361,11
422,67
244,72
116,66
237,95
262,2
57,39
109,94
336,82
430,80
37,82
240,8
382,84
227,20
247,13
361,28
332,30
124,88
443,61
419,90
482,65
89,30
33,43
287,58
218,90
33,14
328,78
353,5
305,35
300,74
358,86
161,99
161,26
113,74
459,21
422,55
245,12
130,99
363,80
410,49
494,58
300,96
380,75
77,32
344,11
417,20
383,51
16,3
115,74
195,2
399,65
98,24
258,97
186,88
200,62
157,8
300,78
472,94
208,8
166,12
377,70
276,16
141,96
293,66
442,43
169,70
139,94
35,23
340,5
54,4
420,40
286,54
341,29
252,87
31,41
424,83
264,98
143,12
356,92
43,84
126,9
79,1
454,28
1,37
352,48
191,73
216,57
21,64
343,36
402,74
253,17
92,90
425,23
436,81
334,61
46,39
161,41
361,97
321,30
177,1
250,36
367,77
260,45
404,60
300,2
10,72
125,27
44,27
127,63
380,57
220,14
274,89
402,58
269,25
489,84
103,11
462,52
52,44
67,62
311,86
243,79
482,30
368,25
116,2
325,29
81,39
15,88
433,81
81,98
394,91
43,36
120,77
90,90
431,30
194,79
288,49
341,9
168,44
460,57
368,57
182,97
84,18
262,18
105,16
224,31
332,32
483,84
7,27
418,93
338,98
398,42
238,8
395,77
326,39
273,6
258,54
59,52
252,21
151,6
223,27
460,92
473,84
297,52
170,75
400,99
254,62
119,48
377,26
472,12
397,31
369,12
438,47
296,70
266,93
89,93
244,50
174,28
335,30
288,72
307,6
126,20
312,54
252,50
292,56
385,8
320,4
336,59
9,70
448,53
437,93
155,97
218,89
458,53
296,48
151,22
469,34
453,65
273,23
226,59
474,45
64,71
282,71
90,7
47,46
57,35
462,47
44,96
314,74
218,8
23,52
486,28
323,42
301,90
358,66
479,10
432,5
179,84
176,49
284,95
425,11
85,59
318,26
197,39
211,95
413,73
462,81
356,43
311,50
297,82
319,85
93,82
489,88
228,9
215,64
350,70
16,90
175,79
151,41
107,18
460,59
269,49
444,56
89,28
203,86
389,60
24,63
487,16
452,28
321,93
290,55
383,97
80,33
136,3
34,17
43,42
371,31
56,32
257,8
105,97
173,51
165,20
81,24
98,67
188,64
49,99
294,62
102,41
468,91
423,95
88,65
335,72
473,78
42,27
293,52
77,75
499,84
491,4
429,80
224,3
238,53
218,32
457,29
22,58
56,25
101,81
448,86
50,96
85,72
171,71
230,42
347,83
194,1
434,53
176,85
366,60
5,63
232,35
466,25
375,86
393,22
291,70
496,46
430,23
18,84
145,28
23,55
315,65
329,5
271,93
12,17
130,36
107,28
154,67
251,2
352,8
406,10
389,88
88,9
336,3
450,61
244,65
499,5
319,19
402,73
64,36
469,27
192,74
326,67
105,29
61,27
125,70
68,19
76,51
242,69
233,89
368,1
294,38
166,31
214,79
21,13
143,15
151,89
35,68
237,36
149,79
236,24
86,38
390,80
498,1
313,28
60,90
164,89
416,10
481,9
71,11
158,97
58,50
260,92
198,36
328,3
327,83
305,84
157,65
198,59
137,76
52,78
37,97
336,38
341,13
452,12
112,98
178,10
85,60
439,82
158,6
217,20
298,60
71,68
429,72
347,38
200,88
406,15
405,73
268,55
40,36
461,27
360,87
87,71
8,25
57,45
351,4
456,20
87,55
220,4
147,87
62,53
72,98
246,50
4,6
239,77
221,26
416,24
275,11
317,43
419,37
123,55
138,14
408,22
85,91
484,77
132,44
53,77
229,86
142,38
208,19
8,61
248,81
457,43
2,51
424,72
381,15
308,50
4,23
16,20
126,43
429,40
216,74
385,58
183,93
354,31
117,68
141,48
379,68
51,27
198,55
138,59
334,95
247,86
76,44
113,77
210,55
393,22
245,60
438,12
125,61
110,4
265,72
36,34
208,77
407,94
466,76
476,48
265,67
3,74
174,35
87,89
251,3
329,67
4,14
315,53
143,63
23,5
127,16
258,53
233,69
407,98
200,6
147,96
338,76
36,60
423,61
163,20
8,40
190,13
358,26
299,22
78,40
426,52
386,90
283,33
425,42
409,71
389,85
113,20
323,84
31,46
450,9
146,96
261,20
298,32
85,74
412,3
188,68
182,85
241,20
22,4
224,19
126,51
134,71
220,58
363,35
204,17
111,68
184,87
488,26
422,64
159,56
452,8
489,58
279,56
11,91
317,13
412,43
477,53
11,69
323,61
231,68
308,82
43,51
114,15
161,90
384,95
170,51
239,68
437,87
317,26
33,75
291,96
227,69
495,78
69,70
343,91
414,25
189,41
306,42
6,18
148,12
378,84
336,71
495,10
248,49
495,99
93,20
406,58
110,41
371,24
4,41
125,97
214,81
406,65
419,22
69,39
154,55
487,60
345,44
396,83
289,54
396,29
315,23
459,50
336,97
436,46
461,19
95,30
449,97
337,76
343,43
327,16
283,34
436,37
337,13
305,21
420,52
470,72
80,47
20,94
249,10
313,87
497,20
159,30
237,77
416,6
205,8
240,32
205,26
443,4
448,80
107,12
261,82
351,69
412,40
77,62
253,73
262,71
219,19
304,10
268,80
25,53
288,14
36,26
276,83
274,15
441,20
23,57
262,78
53,60
479,16
424,28
337,26
169,89
34,1
244,37
113,12
470,4
331,25
193,22
113,27
205,97
450,41
239,61
113,38
128,8
333,58
421,64
393,95
269,77
452,71
144,90
306,57
201,42
273,55
235,21
26,76
234,37
130,55
484,12
374,48
34,16
215,89
355,51
285,81
82,94
387,56
29,80
3,89
445,41
40,11
176,35
391,74
39,43
241,79
184,1
382,3
419,58
268,37
24,83
127,50
67,97
318,40
282,54
196,71
138,59
244,51
289,94
201,64
191,22
49,82
273,36
158,78
61,21
485,4
414,35
403,96
23,23
237,18
329,67
331,2
413,75
300,19
276,75
189,69
38,24
31,58
373,26
388,46
105,62
20,60
318,31
291,62
474,50
411,55
316,51
491,61
225,6
474,30
239,82
231,39
26,31
40,47
379,42
324,36
293,26
478,23
96,9
6,20
367,3
323,6
85,82
38,86
232,46
7,22
396,8
320,43
117,73
170,2
135,54
129,3
231,18
102,2
498,44
172,7
437,71
475,60
65,80
212,32
109,92
159,22
4,17
296,39
253,46
302,51
439,94
319,95
458,47
147,51
334,83
308,19
197,26
82,59
268,47
462,83
381,6
392,39
386,11
166,94
35,76
456,53
25,75
128,46
152,1
28,57
415,41
219,10
10,55
125,36
271,30
457,38
12,56
424,75
459,63
327,80
482,43
474,38
377,53
31,87
317,5
222,35
274,40
142,36
227,41
257,61
110,77
398,39
88,51
343,4
420,58
451,23
42,31
320,99
233,93
141,27
36,15
179,15
484,14
224,9
325,72
175,86
264,56
225,43
340,80
495,68
482,22
155,37
98,83
425,90
274,67
439,98
492,47
18,65
190,81
248,59
411,6
285,6
340,97
448,80
187,62
353,27
379,1
121,11
257,11
128,61
12,18
435,54
331,57
443,24
469,26
217,17
265,21
158,51
347,46
478,2
340,64
407,15
446,6
437,1
35,2
384,27
232,72
476,77
236,2
25,46
57,78
107,34
396,77
118,42
461,87
198,80
262,62
194,62
359,48
462,40
334,50
242,98
395,7
4,13
453,76
73,81
379,21
3,98
82,72
15,1
163,4
423,88
390,98
241,28
195,69
207,35
431,51
220,69
485,34
353,43
439,67
77,57
155,11
418,78
146,44
414,18
444,56
70,92
351,95
78,29
52,23
478,54
6,29
102,81
84,74
444,97
153,56
456,98
496,43
20,6
135,15
11,41
113,13
423,45
286,43
78,29
101,31
333,31
154,22
167,26
164,53
152,40
121,82
114,98
114,33
248,28
342,62
437,10
100,70
195,5
274,59
123,72
306,89
137,21
192,64
207,5
109,99
245,5
251,60
128,30
219,2
68,79
336,39
269,4
288,12
122,7
239,85
79,34
60,72
395,35
199,12
249,49
160,72
189,19
199,29
364,86
238,82
326,89
304,16
360,66
423,48
63,62
486,51
105,2
25,94
441,40
43,39
55,60
112,59
421,3
133,57
2,9
396,32
26,11
305,91
52,60
124,84
199,50
405,62
356,46
379,82
478,69
377,58
478,26
138,84
337,35
436,32
35,25
255,35
116,18
398,78
171,8
16,38
440,83
373,88
198,48
489,50
394,61
141,37
14,74
457,94
314,88
219,34
16,41
52,19
417,43
231,33
347,58
407,72
150,90
154,24
291,50
360,44
22,98
117,65
254,47
120,86
212,48
497,99
474,71
358,33
236,66
398,18
17,50
278,11
432,53
203,12
364,27
7,89
133,75
366,17
125,17
117,36
117,90
21,10
264,98
178,85
322,24
162,95
424,80
200,40
107,19
309,72
199,3
117,1
108,35
10,91
148,53
375,92
192,20
186,20
7,17
166,37
41,16
227,93
159,53
461,52
276,38
153,55
25,46
19,6
374,32
178,35
134,49
440,59
369,88
472,33
208,61
49,78
202,88
54,32
235,8
353,26
496,13
382,98
193,66
96,74
208,22
318,53
40,28
20,82
13,9
425,27
91,16
174,98
469,62
130,45
402,12
333,46
345,66
486,92
306,8
99,73
457,72
309,57
80,6
178,75
308,52
50,6
428,68
62,5
260,62
99,6
58,55
193,57
479,5
270,61
343,59
463,12
123,71
50,24
213,74
283,42
220,63
211,37
390,66
467,52
183,66
186,82
379,74
41,73
407,67
395,3
111,88
262,52
159,31
271,16
347,13
24,40
479,7
483,36
63,42
183,20
181,30
376,67
422,66
137,73
451,58
18,58
233,62
297,27
327,63
319,65
244,85
283,1
396,66
418,96
361,46
112,25
40,14
325,56
350,32
260,86
425,71
464,2
40,63
188,40
88,27
59,23
301,48
364,35
270,29
368,41
490,92
139,16
351,14
290,26
490,91
162,58
477,5
23,25
31,73
59,50
165,73
345,5
251,40
458,35
111,31
60,75
259,87
285,41
275,35
320,30
130,71
252,25
39,44
113,65
343,46
198,19
294,62
205,47
100,35
140,70
378,11
232,19
317,17
125,88
326,12
235,52
231,50
205,83
378,53
50,23
442,3
388,53
189,64
185,48
217,62
383,65
389,55
232,61
344,58
464,83
208,52
376,66
12,72
425,10
60,3
68,50
163,40
441,49
256,47
295,42
486,87
269,74
234,88
217,56
109,57
341,36
462,83
136,73
12,18
308,14
16,65
444,73
147,53
25,45
109,61
56,67
301,44
94,47
416,95
216,61
366,69
95,74
100,44
124,45
7,23
222,69
276,83
211,57
333,89
141,34
445,47
408,20
370,67
380,27
220,26
295,43
33,33
150,23
172,99
72,82
355,38
56,46
454,2
437,32
486,5
270,81
319,32
496,56
271,52
231,96
11,47
29,9
360,29
257,17
275,59
4,14
304,36
463,52
326,96
342,23
246,69
13,40
35,45
380,48
21,68
316,31
455,37
359,47
405,48
484,97
214,77
397,16
402,98
4,19
241,59
9,54
368,4
146,3
22,77
308,22
300,27
478,26
172,17
332,1
11,76
151,98
161,51
409,57
273,9
199,31
130,68
296,53
4,16
430,46
282,22
238,42
157,30
25,13
387,64
18,70
244,19
239,64
254,44
260,11
151,73
230,17
223,20
337,74
156,71
95,18
86,20
3,84
482,89
62,26
157,88
118,26
174,44
114,90
409,53
192,76
391,13
186,93
209,50
354,74
494,22
341,18
429,71
239,92
24,6
283,74
117,81
390,23
72,68
277,14
201,21
251,14
438,74
430,3
261,67
369,40
311,43
299,78
317,91
183,97
301,54
190,92
90,40
161,14
119,4
499,32
376,48
363,27
92,54
437,45
362,79
200,71
163,20
177,70
86,17
374,99
386,31
239,47
415,43
283,33
464,28
196,64
182,48
53,45
60,24
129,37
159,17
219,95
120,80
428,46
151,15
106,32
441,19
220,44
291,51
467,24
84,76
461,94
86,40
468,66
120,32
248,7
425,2
158,81
28,23
308,69
287,15
91,81
87,29
438,6
325,77
260,69
344,49
328,89
359,30
391,61
332,93
45,86
189,3
337,27
116,72
71,11
426,31
364,75
165,95
41,25
372,27
356,78
220,79
105,9
442,58
470,38
124,79
301,85
318,68
26,78
293,39
295,74
192,53
450,81
341,14
421,86
435,57
256,9
46,49
381,97
284,4
259,84
477,79
368,33
207,76
460,86
310,59
277,62
35,17
413,57
34,14
215,86
419,28
171,18
96,42
426,55
33,86
178,44
271,14
105,50
497,77
143,44
437,92
185,39
195,3
111,63
132,62
429,93
10,8
359,42
88,82
184,15
419,44
419,24
496,79
328,85
149,9
20,46
281,27
340,91
422,85
482,16
468,91
306,6
458,66
372,55
224,47
51,16
191,46
82,27
176,89
328,66
203,17
389,52
54,52
475,81
104,30
487,2
252,96
254,42
426,1
22,96
136,89
333,94
478,30
488,51
310,89
383,35
153,17
201,45
267,27
466,97
102,33
309,95
357,66
24,91
295,13
304,32
91,73
243,89
127,60
37,17
296,40
414,86
148,85
117,65
27,46
52,7
376,65
362,56
215,15
61,94
200,72
247,34
247,12
162,34
85,20
475,44
266,16
369,29
255,42
436,90
296,88
292,79
494,19
101,68
242,19
25,90
195,13
163,52
324,64
191,78
343,76
159,3
55,15
440,5
468,99
418,17
466,4
491,55
153,32
424,87
307,20
249,29
440,61
402,16
403,56
39,34
316,15
47,68
87,23
144,71
282,39
123,30
408,23
35,37
452,46
366,78
100,3
334,83
268,76
74,17
214,41
466,91
95,67
104,4
292,7
139,54
389,62
117,40
68,47
385,46
1,91
445,17
46,74
5,57
396,31
233,7
250,88
15,77
393,84
224,30
359,20
47,9
481,58
122,34
275,66
65,12
4,22
471,60
260,36
87,44
231,99
189,16
286,98
53,54
169,2
98,82
119,6
134,77
237,32
489,68
3,9
375,51
453,61
37,48
330,74
206,70
4,19
303,49
109,7
93,27
16,99
304,96
347,2
149,55
202,93
6,65
257,76
322,9
414,80
210,38
274,6
137,79
327,15
39,70
345,94
164,59
241,54
330,83
254,88
133,36
265,9
316,5
359,46
94,4
45,89
402,48
144,43
293,75
35,52
270,87
449,2
206,83
199,1
381,23
405,6
267,28
393,81
499,77
488,44
242,40
61,25
208,17
318,52
271,17
246,14
226,45
304,42
193,30
10,51
229,1
91,29
355,4
150,62
11,8
63,16
252,13
473,41
379,56
302,76
348,4
478,69
471,73
142,30
108,92
230,59
110,12
359,39
187,48
187,95
78,17
81,47
194,24
113,18
418,60
422,62
413,71
381,95
402,61
439,23
65,27
448,44
197,5
113,16
246,7
259,92
125,15
334,36
28,89
218,66
418,62
182,95
371,57
23,29
26,15
213,97
416,65
218,54
462,58
73,90
242,20
32,19
301,34
492,44
42,87
393,4
499,99
314,41
215,81
464,94
181,4
434,40
127,11
144,79
208,3
398,67
258,48
200,59
278,22
17,83
225,48
360,55
447,36
242,31
181,23
366,59
309,69
463,72
181,33
421,75
259,6
436,52
240,10
178,18
30,67
61,85
408,72
304,10
461,94
335,48
11,90
284,32
414,77
98,84
113,89
271,21
57,61
339,74
62,75
96,51
208,80
397,91
454,21
195,88
18,97
444,51
409,75
352,60
493,74
389,6
474,69
6,86
52,84
111,81
102,7
356,71
385,33
61,47
268,21
390,15
184,42
140,76
23,92
316,29
366,32
24,71
47,58
310,10
234,50
219,71
437,46
164,72
288,91
204,60
278,7
325,45
295,41
429,56
17,77
412,51
481,50
287,89
65,26
389,85
488,58
292,60
401,54
124,86
5,34
466,6
193,28
295,40
244,96
113,13
347,73
381,97
167,61
321,21
317,44
44,6
137,62
61,70
400,97
336,75
94,75
28,73
442,74
41,12
143,13
429,34
25,58
405,62
147,15
237,47
51,36
353,95
109,12
56,50
9,17
117,46
248,97
352,97
129,38
107,70
307,29
169,20
497,26
244,66
421,77
397,84
136,8
419,18
223,2
202,11
201,88
439,14
232,64
407,64
271,15
388,81
75,70
286,73
496,69
328,26
355,96
285,26
470,47
91,90
268,57
407,67
398,58
383,68
49,5
420,15
283,4
122,83
476,66
306,54
360,7
424,41
11,67
40,93
408,36
329,44
312,74
141,65
449,32
280,29
490,92
231,68
395,7
170,59
107,20
287,7
18,55
176,35
348,54
17,15
367,10
159,77
143,52
42,78
101,81
193,30
205,2
7,96
458,45
476,17
168,17
250,76
30,62
36,21
47,78
436,60
362,19
227,55
287,47
31,79
40,13
209,9
348,18
183,30
216,71
156,56
53,25
323,42
398,77
302,79
7,52
209,53
483,31
168,74
226,26
59,86
22,82
498,56
288,70
209,96
400,16
180,67
286,66
473,26
287,53
35,74
78,86
382,83
23,55
373,94
24,99
95,71
458,53
10,78
374,2
488,9
41,69
420,80
481,60
112,55
30,74
254,89
482,11
168,9
164,73
147,47
455,18
47,10
150,72
193,72
228,11
54,18
318,25
154,75
438,14
401,11
401,52
287,80
269,59
393,24
254,52
488,53
324,26
318,78
431,70
36,45
109,57
470,17
340,42
166,46
213,99
288,77
229,30
16,18
67,18
253,60
249,83
195,79
485,86
69,86
243,82
284,63
296,79
197,69
426,93
3,2
317,15
348,53
448,94
319,26
347,62
423,47
274,77
285,78
303,52
336,13
169,29
107,43
173,1
41,33
63,41
432,27
412,7
34,7
285,21
205,93
305,11
395,46
99,26
152,58
118,24
427,15
457,56
148,5
219,13
249,48
275,94
373,56
203,49
118,38
338,87
368,68
38,33
407,21
267,78
99,90
81,96
178,85
463,22
239,66
492,17
218,51
7,29
167,71
136,90
214,53
347,8
355,46
23,63
71,39
365,72
44,60
405,75
344,7
18,48
209,79
395,40
159,48
41,99
110,26
73,86
369,66
347,92
386,38
430,56
142,90
291,16
142,29
244,54
23,51
311,65
454,54
364,85
375,6
456,99
158,63
393,42
186,61
268,99
249,63
190,49
424,7
130,83
77,39
253,73
401,16
14,46
216,66
118,78
400,20
377,46
472,94
377,86
402,94
59,57
359,89
27,73
470,73
97,39
183,83
257,41
435,13
17,92
251,49
124,41
386,11
324,26
64,32
139,97
452,96
464,2
262,2
14,51
106,29
232,28
410,7
166,8
402,86
106,79
384,36
56,5
240,35
272,19
238,68
63,73
39,92
416,73
365,50
240,14
34,75
276,9
246,2
498,15
197,36
350,31
179,67
497,88
118,48
48,13
382,53
427,17
197,72
101,84
119,54
1,45
224,52
42,18
458,95
220,2
189,43
343,23
327,31
133,80
284,47
333,71
369,76
13,13
232,61
67,22
374,53
379,52
124,33
481,39
124,36
442,18
237,42
179,84
36,7
177,99
297,53
177,51
325,23
273,72
112,76
119,21
160,63
302,49
293,48
228,78
134,92
135,30
496,65
323,10
240,16
314,84
424,14
122,94
70,36
143,70
314,44
102,64
329,69
204,21
423,15
382,39
494,3
422,23
455,5
241,38
238,71
181,71
457,70
30,56
496,19
191,77
191,44
308,27
150,36
318,87
421,20
459,85
200,82
196,75
54,40
233,34
303,57
238,31
446,68
201,63
66,59
118,21
319,48
1,24
4,45
499,90
370,57
425,8
151,38
80,94
274,97
215,39
75,10
160,65
391,39
377,69
224,36
288,15
470,54
135,46
211,5
274,39
58,87
492,19
195,65
252,73
401,75
482,96
285,81
56,37
365,70
415,80
461,74
225,29
419,42
323,75
175,73
427,56
343,27
449,69
55,21
348,84
103,49
391,8
275,45
95,9
55,12
277,88
289,98
136,69
404,76
314,55
343,78
464,8
105,21
211,24
218,97
93,43
368,28
130,53
453,16
212,32
100,69
190,27
272,9
396,41
347,9
271,20
232,3
266,18
132,86
214,84
290,15
386,63
153,44
68,68
434,73
446,84
460,81
183,42
171,14
460,14
498,56
479,5
51,73
187,50
307,34
379,18
314,64
456,58
17,99
426,69
5,74
22,90
100,29
414,69
184,78
232,43
26,60
164,67
47,88
218,36
463,29
373,37
236,50
117,61
215,71
303,2
213,47
128,3
255,26
426,64
440,53
338,14
332,83
477,81
229,45
410,84
252,10
484,43
244,83
358,3
40,1
216,35
363,21
172,83
355,25
240,71
10,17
95,26
221,5
453,93
469,11
282,92
306,80
445,73
253,35
108,85
351,56
403,84
335,84
265,37
456,69
152,89
153,86
260,72
190,90
209,90
353,66
235,87
469,93
379,51
246,18
30,69
481,77
246,11
250,3
290,41
160,61
158,70
113,96
74,70
267,40
364,95
279,28
55,73
444,90
96,82
400,51
283,29
122,36
167,84
349,24
412,59
138,75
233,62
34,97
167,22
384,98
192,38
323,95
148,52
213,77
302,25
462,48
493,91
385,43
275,93
193,32
36,1
398,92
7,34
241,99
31,23
25,30
194,83
266,96
407,48
491,88
382,19
227,86
119,25
419,46
330,81
93,70
245,44
314,6
23,34
283,13
64,5
19,70
218,77
297,61
433,39
260,37
499,8
29,62
324,27
375,21
488,45
48,33
148,97
409,65
462,51
370,78
285,12
20,80
401,17
226,21
466,65
403,19
473,80
394,50
431,92
487,14
210,18
9,93
102,45
453,34
104,22
306,43
429,8
110,78
27,63
284,47
385,21
381,5
158,43
164,88
341,35
128,53
405,25
331,46
307,87
278,52
205,87
255,14
51,70
469,25
402,18
26,27
22,95
207,95
263,96
316,33
138,5
302,79
412,11
405,12
314,89
200,34
223,44
138,2
441,78
129,66
163,2
62,44
10,14
85,18
105,48
415,89
263,68
84,10
345,60
106,33
307,71
293,52
24,57
214,54
426,32
211,99
118,12
326,11
36,77
74,31
7,95
217,24
426,57
293,1
298,83
336,19
438,20
33,15
105,6
229,28
99,99
330,31
195,49
281,21
269,58
309,78
89,62
164,91
13,98
472,83
338,12
153,48
149,86
36,51
376,71
266,95
154,39
204,18
227,48
451,57
135,29
160,96
324,62
394,70
442,52
19,63
351,24
358,77
54,13
118,64
278,99
180,65
253,42
53,72
173,93
302,93
336,21
225,43
277,51
242,54
10,56
131,10
156,74
460,69
138,80
376,78
331,55
239,48
169,38
17,74
294,3
28,26
116,77
245,27
402,5
61,37
315,54
277,83
441,90
495,60
18,8
210,2
189,42
190,86
290,65
290,79
493,65
380,69
143,9
124,73
486,40
14,58
224,6
343,82
223,98
346,13
75,55
156,95
63,17
329,27
427,25
284,33
407,30
161,96
272,38
476,73
475,7
24,84
364,79
130,34
470,60
312,97
205,90
156,25
230,23
366,76
421,98
78,51
313,58
302,85
449,52
390,4
4,90
404,55
44,3
479,93
6,69
114,61
271,22
323,8
96,93
313,76
269,17
474,17
110,45
184,37
196,33
83,86
234,54
214,8
265,50
260,32
173,21
180,68
331,65
483,1
207,88
438,17
126,95
491,7
326,63
108,58
108,1
60,46
83,70
184,13
2,55
409,2
229,62
97,11
397,75
170,92
49,64
450,15
392,77
497,87
467,15
277,44
129,56
251,34
232,73
81,74
447,46
120,20
342,60
280,57
439,58
169,4
43,18
366,57
3,15
170,74
220,50
87,14
225,21
398,92
44,5
207,37
290,3
453,55
6,89
384,91
316,15
378,63
359,89
339,31
248,41
373,12
388,7
109,73
304,67
389,47
243,98
471,27
287,61
17,24
357,56
345,30
441,13
96,36
452,58
34,59
38,23
209,91
349,65
43,6
57,96
423,95
192,84
136,11
242,58
379,76
185,74
278,34
53,43
490,29
376,50
33,69
493,14
212,63
15,67
49,37
165,62
335,50
447,68
441,43
436,53
306,38
238,6
19,99
70,62
422,35
11,79
105,50
327,32
81,84
406,76
392,68
190,39
39,58
359,87
220,31
470,60
273,88
343,95
97,89
342,29
493,53
39,27
257,84
33,60
339,85
175,39
318,64
183,44
51,14
109,56
486,72
318,23
138,5
131,25
253,5
284,67
362,86
125,4
480,79
90,96
342,85
375,96
85,27
455,28
123,58
279,69
49,52
67,34
331,29
492,78
48,97
369,36
219,14
442,72
177,23
248,5
146,80
484,82
391,46
244,55
120,29
296,54
492,87
298,46
198,86
324,6
478,69
60,59
451,83
283,79
123,23
204,66
21,69
26,10
369,21
338,40
349,88
307,77
215,70
165,41
402,8
436,19
394,60
462,56
418,27
222,24
192,69
99,62
255,9
27,72
361,61
133,57
311,77
243,34
177,1
274,89
402,91
359,42
209,80
343,48
229,6
297,36
139,23
437,6
428,68
300,67
161,1
85,34
385,94
14,24
102,11
120,49
219,4
70,17
209,77
101,90
393,94
222,65
387,65
355,79
444,69
462,70
195,47
299,67
152,4
459,82
121,48
433,53
70,55
374,32
425,60
356,54
59,63
170,26
329,99
65,13
162,12
328,48
229,93
277,14
116,8
166,96
440,95
390,18
208,1
176,31
452,17
371,45
433,5
391,97
310,52
23,50
498,88
48,79
371,27
171,94
31,67
120,80
297,87
98,12
392,88
423,78
139,65
252,16
39,93
276,25
431,63
38,27
371,50
447,81
437,91
275,17
374,49
41,99
137,62
366,44
303,34
111,28
499,6
486,79
381,50
125,90
288,72
302,69
171,14
97,30
461,63
150,90
470,42
119,41
129,83
125,12
84,36
31,40
424,53
160,99
69,58
42,99
490,58
36,93
491,24
59,63
130,13
305,25
142,26
148,16
414,70
320,91
96,34
290,9
419,59
76,11
390,51
337,7
205,82
238,98
298,37
444,53
267,53
58,23
7,91
224,22
439,38
439,76
26,63
386,80
418,51
377,7
209,41
101,31
182,89
169,40
477,70
32,6
416,8
227,12
76,98
355,43
384,69
484,54
487,24
4,12
375,79
96,79
161,12
294,29
117,55
248,23
119,74
359,6
223,61
235,42
149,68
207,87
6,99
412,13
153,63
141,95
279,81
373,88
476,41
398,37
59,54
263,59
471,91
317,32
419,31
199,61
176,76
103,22
474,45
429,85
221,61
92,48
291,29
239,19
195,16
256,59
305,3
329,49
160,6
250,20
464,58
73,32
387,2
299,22
180,58
230,55
305,77
219,89
12,48
273,95
401,74
278,66
199,81
354,35
336,40
325,35
39,55
81,11
276,82
401,17
32,9
165,56
367,48
361,9
116,89
281,13
406,48
58,19
446,69
433,74
300,68
392,44
343,41
390,89
306,55
84,59
362,49
98,34
302,73
431,85
103,10
237,62
432,76
118,49
469,45
171,25
40,86
426,13
396,99
289,52
80,68
366,57
317,31
394,43
321,3
413,78
20,28
388,38
415,28
179,84
77,6
15,57
49,44
153,47
485,14
430,24
26,16
188,40
92,84
383,7
7,46
401,4
464,10
416,12
46,33
376,24
237,83
143,80
214,98
212,61
236,80
295,73
284,77
172,53
208,41
483,66
396,23
497,84
12,19
26,79
244,54
393,94
109,62
149,80
489,97
148,13
18,93
162,14
183,1
293,21
86,89
31,70
63,75
345,22
212,82
362,89
321,1
311,12
69,36
176,89
453,69
37,20
141,28
483,86
265,32
309,75
193,20
61,90
305,34
214,62
378,95
15,42
496,9
149,26
73,75
482,80
251,49
488,33
423,50
498,41
328,55
225,21
115,60
113,4
468,56
291,94
337,44
352,76
330,43
491,58
137,9
48,17
303,55
118,12
443,75
70,89
451,18
13,45
257,55
247,15
435,90
166,85
441,29
84,26
103,33
69,74
239,15
445,71
69,8
493,85
379,59
479,71
17,12
246,65
111,81
136,7
411,58
48,25
21,38
97,90
336,53
307,93
253,76
367,67
324,92
375,32
360,87
34,27
469,45
113,55
360,8
435,30
102,14
159,15
149,99
20,61
423,6
38,95
144,53
21,92
448,87
100,46
463,40
450,49
498,3
427,1
355,43
207,65
7,13
279,89
419,66
48,44
43,56
381,51
304,5
11,97
185,71
21,37
95,49
4,91
421,52
486,63
199,38
336,69
358,17
450,23
158,10
367,37
110,59
195,71
88,69
423,95
221,6
405,46
181,6
491,21
176,68
33,6
257,28
416,40
356,82
110,55
483,30
412,62
138,1
272,2
303,38
112,83
301,55
420,2
229,77
276,87
341,75
152,27
467,94
434,4
304,18
36,30
312,23
61,18
223,42
354,12
83,75
416,34
400,78
313,14
460,51
448,36
434,79
27,67
480,74
246,80
143,89
218,38
378,82
58,77
275,58
470,48
286,69
236,95
179,91
228,80
382,71
453,30
264,79
153,23
256,90
458,34
387,15
379,73
403,8
400,57
270,60
168,16
21,58
48,98
79,12
445,5
248,2
154,31
337,61
345,95
12,24
496,57
100,49
105,49
75,16
456,21
93,47
283,40
258,43
449,76
451,41
461,58
41,77
401,34
10,51
451,93
427,10
90,54
203,87
30,54
48,49
268,94
357,70
105,23
268,7
344,62
463,24
441,48
322,5
421,87
228,73
152,85
113,1
350,72
343,72
13,93
328,38
438,61
463,97
382,41
121,96
499,28
159,18
270,17
492,28
116,11
166,24
32,4
401,91
269,78
110,52
483,94
91,6
378,76
444,22
208,19
420,65
258,88
143,75
431,91
108,4
452,67
47,93
453,94
294,12
155,9
253,7
470,36
462,11
323,26
44,90
471,14
153,81
172,64
207,31
201,87
440,30
165,26
264,60
71,62
463,81
366,8
431,11
490,93
70,64
439,52
454,73
145,76
281,49
232,2
469,81
13,96
422,20
11,67
252,20
80,92
162,91
209,30
415,52
414,14
97,11
14,57
21,63
160,16
188,5
401,90
478,24
390,47
301,45
397,98
246,23
257,14
142,35
226,55
438,88
118,13
251,35
290,17
152,97
67,93
189,31
104,3
293,76
132,6
88,81
240,19
106,38
270,45
50,53
226,74
483,48
361,10
252,27
75,86
187,49
31,79
325,29
251,92
83,76
202,53
371,68
204,14
413,84
465,36
267,74
214,23
100,15
295,7
225,74
41,93
181,41
130,97
194,34
252,36
395,7
198,87
487,60
175,57
175,28
396,76
39,61
120,52
148,10
494,27
228,8
322,4
478,23
330,96
343,29
231,46
318,68
30,20
441,57
198,6
485,66
323,6
174,91
149,19
445,79
291,28
77,87
7,13
482,29
257,71
439,76
488,71
70,69
89,90
72,70
126,78
89,33
103,19
128,48
235,80
352,32
127,32
156,15
175,66
313,63
31,36
377,41
265,36
367,10
233,31
499,8
467,3
255,25
254,36
390,88
126,66
457,69
45,35
279,76
139,19
327,9
191,5
220,2
24,2
266,37
364,77
273,34
61,72
474,25
376,58
150,92
135,55
82,84
433,89
41,89
456,53
283,81
410,85
401,52
392,69
489,44
398,95
257,35
95,98
107,57
113,36
497,28
449,32
424,90
259,82
10,84
29,43
2,27
236,77
84,63
385,21
1,46
166,74
422,75
110,55
104,82
480,19
376,47
233,97
154,53
414,33
239,26
455,96
458,70
477,66
443,43
77,88
189,62
488,54
495,72
116,82
109,26
313,18
78,81
184,89
284,16
97,87
402,28
128,61
457,51
445,58
424,87
153,45
133,36
12,28
267,19
71,90
463,66
164,44
32,5
469,17
310,62
62,72
130,2
289,69
493,89
444,71
379,35
40,17
111,87
148,16
282,82
441,65
139,65
51,34
133,18
191,38
80,98
103,45
60,72
3,78
31,19
129,40
131,5
7,50
309,74
183,52
201,70
152,73
92,96
465,76
7,56
82,65
60,31
90,46
394,21
31,25
163,96
121,91
401,9
29,9
455,64
274,80
13,90
420,44
225,77
261,55
365,72
45,37
20,96
173,48
498,16
458,24
33,23
101,71
91,68
473,13
75,32
45,47
47,20
214,72
106,3
275,24
235,6
43,66
496,71
455,8
19,9
87,31
326,84
28,55
322,57
181,36
201,60
237,66
259,9
482,79
67,17
394,51
169,48
235,90
264,70
433,12
379,31
379,68
430,50
409,65
195,90
110,25
311,62
450,29
205,23
306,33
494,53
342,69
58,38
225,75
405,95
27,83
311,81
456,87
22,67
106,10
420,3
321,80
5,49
13,96
80,34
1,89
83,4
497,67
240,46
224,61
318,64
240,66
65,11
264,94
209,99
480,65
97,43
436,4
368,99
287,18
391,20
415,97
319,62
261,11
298,54
157,39
429,71
124,33
296,15
147,85
143,59
48,80
113,37
477,64
41,50
31,99
473,72
353,65
115,83
42,38
416,6
123,3
49,67
95,32
369,70
296,1
372,95
318,7
453,72
10,45
374,24
41,13
90,35
385,69
478,15
226,79
319,75
425,51
98,90
314,35
465,76
97,61
74,68
79,56
276,26
463,95
78,95
88,23
440,51
56,49
264,52
212,85
79,68
195,42
133,43
130,92
93,5
205,87
381,33
347,11
107,76
46,21
209,75
433,10
35,7
48,47
213,91
87,51
309,95
87,34
368,44
491,25
7,98
350,57
33,97
216,42
432,19
466,27
403,94
383,7
166,98
468,96
93,2
25,95
468,53
269,79
476,95
194,20
400,38
31,84
152,63
347,33
485,72
112,16
468,89
46,83
166,53
10,28
449,51
120,66
94,26
212,58
459,33
419,39
375,50
192,2
220,44
364,2
131,11
258,61
22,18
170,71
92,94
398,72
435,22
458,12
130,28
487,52
70,94
70,17
233,97
314,22
180,60
467,15
348,84
350,32
424,60
133,43
99,45
61,88
253,2
4,43
115,93
14,39
123,70
311,36
427,98
276,12
222,31
128,77
494,91
245,1
370,47
258,80
35,72
127,76
304,40
9,79
448,42
280,12
457,66
11,56
380,43
382,47
144,86
254,95
264,9
497,53
374,8
435,81
396,2
366,27
157,71
330,88
9,74
179,49
282,20
347,32
238,34
382,18
363,99
180,64
155,69
348,11
205,54
474,64
38,26
96,82
310,52
106,2
283,18
482,34
201,13
392,66
216,26
369,48
59,98
249,85
161,62
42,34
228,46
124,33
18,28
94,49
339,28
267,85
415,29
138,20
487,54
268,21
21,2
95,38
356,84
340,69
392,1
10,27
219,36
409,42
206,71
265,38
345,89
310,63
240,93
282,66
208,51
106,91
53,34
221,58
324,36
304,71
474,72
22,75
381,60
339,15
451,35
375,3
119,33
440,54
83,6
415,45
5,16
15,72
186,70
315,65
247,4
40,87
384,46
229,78
105,77
231,57
475,56
449,1
211,99
85,35
88,76
273,23
436,42
95,53
14,22
192,35
18,55
128,64
308,44
490,19
90,38
483,40
344,27
161,73
64,31
363,48
485,11
383,18
201,69
442,3
368,8
194,58
415,40
368,41
325,71
128,4
166,18
264,90
136,59
177,43
351,12
481,71
367,56
111,2
441,71
94,82
437,40
104,28
258,33
74,77
478,3
443,82
225,52
369,86
98,70
480,39
248,7
94,74
447,91
108,94
131,14
97,93
365,3
328,2
401,38
226,71
263,66
373,55
84,76
69,20
440,48
325,17
495,90
165,28
372,7
478,61
385,37
323,84
247,76
415,87
295,58
139,42
399,13
84,13
190,91
3,11
226,20
495,49
64,98
105,28
207,76
412,42
466,72
145,84
141,85
205,28
410,42
242,56
236,71
170,27
313,12
29,93
414,55
233,62
172,5
118,75
339,51
472,58
51,76
350,94
195,31
40,57
413,11
351,84
302,6
32,10
297,74
196,41
484,88
277,14
241,30
280,87
6,64
157,78
127,55
417,36
415,50
15,44
183,53
246,65
496,92
53,1
471,42
136,74
191,80
327,42
81,74
55,64
474,92
396,83
422,54
41,23
297,26
28,4
228,81
423,68
98,29
25,50
385,85
154,48
367,36
53,54
86,41
10,8
497,72
451,39
181,62
317,49
178,35
71,50
397,38
75,61
140,15
144,60
374,78
60,73
489,36
235,88
176,64
44,44
5,22
252,83
226,76
473,1
33,94
20,15
140,85
261,89
70,91
91,90
31,24
291,93
33,94
194,97
346,98
485,82
185,24
468,38
451,91
132,4
300,21
291,31
433,79
221,33
455,69
103,46
249,95
26,79
363,22
392,84
87,85
368,83
151,58
160,53
429,7
100,85
488,98
462,7
80,17
348,71
146,56
493,73
98,4
191,91
406,47
167,10
187,98
241,55
5,49
309,14
426,48
202,88
224,74
74,78
344,91
477,23
409,59
482,89
257,30
146,38
360,59
463,93
250,1
315,88
274,72
355,16
342,93
70,52
361,31
305,88
340,77
264,61
19,76
423,40
236,67
113,26
14,60
52,40
42,73
341,34
274,20
266,43
107,29
286,44
493,34
146,53
427,97
92,10
252,6
315,34
44,34
433,49
411,44
28,88
425,34
431,29
300,79
247,82
294,16
42,2
168,46
447,89
24,31
132,99
349,16
161,21
297,93
393,52
422,13
157,37
463,27
296,81
265,57
110,42
128,78
278,80
249,73
47,32
206,40
333,37
119,42
103,3
334,73
412,58
52,88
3,33
48,63
132,54
185,74
451,25
14,85
499,49
183,96
383,39
202,22
441,64
371,45
138,18
462,16
379,62
402,43
167,64
37,58
161,4
2,76
444,57
180,6
75,23
199,1
74,61
31,70
1,43
297,98
60,81
12,36
292,5
224,88
459,61
171,7
11,23
148,64
181,37
393,55
57,74
176,57
88,92
410,40
432,14
455,13
361,61
277,47
196,56
295,57
172,12
223,41
164,43
476,14
487,6
182,63
107,79
301,10
452,42
428,19
41,99
108,26
46,43
246,81
18,42
219,45
234,38
492,76
488,26
125,68
302,45
400,84
123,57
225,24
180,7
426,89
447,13
320,54
446,4
143,58
263,65
44,18
426,50
381,1
422,67
240,56
375,97
152,11
133,6
124,62
69,3
216,54
451,53
199,46
432,52
417,59
287,99
286,88
178,16
439,42
165,65
197,51
308,4
393,89
199,61
90,39
492,43
387,66
268,34
177,32
271,5
59,32
384,27
167,58
237,24
317,1
195,13
51,50
355,71
118,73
470,78
134,86
467,81
288,22
410,25
323,49
97,23
121,26
85,24
409,9
413,12
286,91
202,16
38,43
417,97
89,31
240,25
331,86
38,98
152,2
87,15
183,35
297,24
491,68
130,17
81,25
311,62
156,63
401,19
341,76
10,60
447,6
244,8
85,97
349,32
316,58
433,78
471,82
87,28
180,70
30,55
229,19
46,22
384,19
20,42
110,41
220,32
75,42
141,77
249,82
312,38
388,14
98,3
432,77
8,41
28,42
53,35
366,89
364,55
383,44
358,40
20,40
367,80
67,6
392,14
244,31
85,57
479,37
284,23
495,70
29,24
414,78
389,64
362,69
186,61
368,16
43,27
320,40
79,77
161,1
206,46
112,54
21,59
462,49
219,28
306,41
370,86
290,45
257,75
290,60
269,33
86,38
449,98
388,79
375,43
341,84
54,34
407,9
320,68
366,2
18,64
27,36
452,33
229,43
175,25
131,83
69,74
387,27
405,52
102,69
444,29
175,87
39,80
13,68
9,11
28,44
125,65
259,26
426,82
299,52
238,99
292,17
498,15
52,3
121,57
406,79
363,5
28,27
381,35
143,67
252,89
101,36
409,95
497,99
411,49
291,52
447,69
360,67
332,60
84,39
197,38
270,70
336,39
384,87
141,3
496,2
489,33
442,68
440,96
334,79
340,58
42,72
309,95
74,27
458,10
402,18
3,37
372,86
3,27
429,57
197,11
11,34
125,7
307,65
69,57
223,49
394,22
412,55
224,3
435,93
103,7
71,77
56,98
306,75
181,31
321,73
17,35
286,85
401,75
213,42
413,5
173,21
38,84
228,88
35,90
204,37
459,33
193,67
22,9
332,42
242,84
386,9
174,21
387,86
290,82
319,57
419,6
282,38
421,5
274,41
272,27
460,49
35,97
67,59
122,8
457,16
233,17
249,16
19,89
440,14
209,21
117,54
235,76
308,39
236,61
320,6
85,44
226,26
184,50
459,98
284,26
51,79
282,41
163,73
405,34
359,1
411,22
164,70
143,88
471,95
216,2
167,80
117,13
328,37
407,74
188,13
475,50
334,22
160,72
19,69
379,49
475,48
268,54
478,6
317,84
294,35
273,31
73,97
213,36
322,60
51,43
204,69
402,54
343,59
416,79
10,71
107,8
249,57
259,50
406,50
431,86
44,3
360,98
440,23
433,90
265,47
441,57
149,83
378,51
456,43
122,28
113,23
292,53
261,37
255,10
184,45
302,91
78,35
212,58
248,13
9,13
142,48
345,78
463,49
224,63
377,30
290,97
61,97
377,16
194,10
480,30
28,71
436,91
415,96
424,47
145,27
445,7
272,55
440,56
187,47
366,31
270,15
377,46
27,84
29,68
153,61
242,71
24,59
57,44
465,53
317,69
280,19
84,68
288,79
42,2
137,48
143,98
55,45
88,64
198,79
176,67
153,39
5,58
396,1
296,38
214,79
324,26
447,88
127,28
197,2
270,39
443,53
127,17
395,52
462,69
172,70
106,66
190,58
143,95
340,26
67,2
75,67
422,44
465,15
429,47
300,81
276,21
255,1
8,30
118,80
47,23
401,83
115,24
385,74
327,4
186,21
450,28
408,16
253,72
132,52
255,92
168,51
49,85
7,69
31,22
396,70
4,52
101,71
71,19
112,57
170,50
483,86
200,92
279,14
18,87
367,76
93,21
332,1
268,94
390,75
219,90
374,2
60,53
315,83
150,65
466,93
350,38
209,30
160,81
123,91
107,79
257,66
326,51
33,74
126,6
408,8
493,27
70,86
337,58
191,89
108,37
313,35
166,41
336,47
18,94
456,93
372,28
179,81
450,40
189,92
29,57
134,95
480,20
211,30
73,77
293,18
39,2
124,91
12,1
7,45
365,42
289,19
265,24
196,60
73,59
242,38
372,56
412,7
240,2
10,3
118,9
465,61
140,24
350,77
210,59
141,24
137,98
467,83
