37 95
320 340
632 847
852 858
900 930
1005 1054
1407 1434
1581 1637
1671 1782
1937 1961
2403 2679
3063 3068
3540 3567
3902 3923
4090 4133
4408 4529
4536 4694
4924 4929
5342 5419
5590 5622
5929 6129
6130 6334
6488 6508
6986 7058
7249 7268
7720 7722
8121 8121
8353 8396
8461 8468
8687 8714
9170 9214
9232 9418
9606 9653
9913 9929
10296 10383
10707 10708
10982 10991
11465 11503
11882 11931
12356 12359
12672 12677
12965 13070
13136 13169
13651 13698
14197 14199
14482 14532
14540 14615
14718 14732
15190 15217
15372 15384
15732 15751
15883 16007
16246 16257
16543 16575
16948 16952
17138 17180
17255 17308
17527 17552
17706 17720
17728 17774
17842 17904
18184 18203
18429 18449
18475 18525
18530 18699
18958 18990
19231 19247
19258 19309
19630 19647
19860 19888
19991 20060
20213 20256
20596 20636
20723 20738
20852 20899
20957 21018
21115 21152
21400 21430
21713 21732
21949 21961
22285 22338
22791 22829
22885 22887
23286 23297
23728 23757
23800 23934
24191 24215
24437 24450
24891 24897
25160 25206
25424 25512
25987 25993
26361 26468
26527 26549
26586 26604
26829 26853
26993 27079
27354 27464
27826 27878
28340 28342
28416 28423
28536 28609
28669 28721
28806 28852
28962 28978
29275 29363
29430 29434
29657 29687
30105 30164
30228 30325
30702 30750
31228 31295
31612 31633
32027 32041
32095 32210
32706 32741
32767 32805
32816 32822
33249 33271
33491 33501
33802 33996
34127 34199
34654 34665
35137 35145
35542 35543
35783 35792
36200 36220
36715 36787
37097 37138
37464 37513
37624 37624
37983 38000
38219 38234
38376 38385
38486 38533
38541 38634
38845 38854
39067 39115
39187 39293
39307 39400
39689 39716
40214 40296
40643 40770
41164 41203
41462 41467
41956 42068
42320 42377
42848 42853
43239 43287
43527 43540
43671 43675
44005 44023
44186 44210
44574 44579
44897 44916
45293 45311
45692 45796
46029 46259
46417 46497
46655 46696
47098 47240
47584 47696
48088 48112
48436 48436
48576 48606
48806 48865
49046 49213
49341 49341
49662 49714
50165 50180
50558 50676
51077 51098
51337 51339
51346 51361
51753 51789
51996 52110
52482 52564
52841 52903
52930 53082
53164 53177
53412 53428
53542 53598
53939 53957
54114 54155
54334 54376
54704 54819
55034 55075
55353 55417
55499 55535
55959 55973
56173 56174
56562 56618
56750 56808
57143 57245
57249 57372
57403 57410
57731 57817
57952 57971
58198 58210
58702 58713
58962 58968
59229 59234
59373 59461
59739 59880
59956 59987
60482 60516
60789 60794
61070 61079
61452 61455
61947 61961
62062 62279
62754 62766
62768 62783
63157 63257
63665 63722
64147 64150
64271 64286
64685 64813
64898 64965
65416 65443
65579 65610
65943 66144
66196 66281
66519 66526
66809 66926
67196 67201
67606 67630
68085 68085
68342 68411
68606 68648
68831 68942
69240 69255
69686 69836
70203 70247
70413 70418
70709 70722
71174 71200
71446 71472
71790 71986
72277 72285
72416 72459
72874 72877
73264 73269
73418 73464
73771 73787
73939 73983
74309 74430
74498 74501
74673 74746
74984 74999
75087 75118
75433 75450
75649 75710
75741 75811
75975 75975
76137 76335
76820 76881
77201 77217
77394 77414
77514 77567
78035 78040
78535 78546
78799 78809
79280 79282
79515 79525
79671 79695
79881 79933
80252 80268
80455 80490
80824 80906
81100 81128
81529 81569
81854 81867
82120 82150
82429 82450
82473 82500
82919 82956
83109 83117
83436 83456
83906 83910
84260 84331
84621 84668
84892 84907
85167 85217
85493 85646
85952 85956
86385 86456
86698 86720
87147 87162
87334 87338
87353 87406
87660 87667
88036 88081
88513 88526
88648 88726
89203 89259
89460 89465
89495 89568
89955 89974
90434 90503
90946 90961
90986 91077
91340 91397
91750 91787
91977 92027
92260 92271
92414 92472
92824 92829
92952 92957
93159 93217
93648 93665
93941 94000
94425 94450
94672 94683
94978 95043
95126 95178
95393 95495
95696 95740
96105 96208
96240 96283
96751 96753
96988 97008
97463 97562
97609 97658
97964 98087
98363 98379
98696 98784
99188 99296
99321 99467
99894 99938
99946 99954
100443 100472
100521 100561
100592 100657
100865 101002
101250 101252
101551 101571
102070 102115
102311 102355
102417 102492
102841 102870
103007 103089
103218 103239
103529 103752
103771 103845
104167 104225
104313 104463
104911 105184
105582 105708
105811 105890
105987 106010
106212 106225
106599 106684
107173 107173
107629 107670
107973 108025
108410 108413
108734 108769
109071 109099
109179 109234
109336 109338
109531 109535
109855 109885
110188 110251
110677 110724
110870 110892
110962 111176
111505 111527
111898 111913
112069 112122
112292 112338
112373 112501
112849 112856
112906 112910
112928 112946
113284 113295
113640 113643
113903 113929
114331 114349
114743 114752
115053 115111
115147 115216
115426 115465
115887 115938
115994 116005
116358 116504
116692 116700
116950 116966
117130 117141
117313 117325
117666 117703
117896 117938
118179 118182
118400 118421
118470 118538
118800 118804
118860 118963
119249 119329
119566 119575
119615 119621
119654 119665
119811 119863
120147 120301
120539 120595
120710 120764
120821 120887
121015 121016
121473 121516
121993 122011
122159 122160
122390 122500
122694 122722
123107 123155
123353 123356
123807 123868
124330 124368
124715 124750
125237 125237
125369 125375
125395 125445
125827 125834
126046 126056
126363 126414
126852 126852
127082 127134
127486 127495
127882 127914
128156 128171
128494 128588
128912 128942
129077 129080
129244 129249
129582 129585
129760 129775
130128 130171
130187 130202
130483 130566
130666 130727
131114 131143
131499 131617
131963 131990
132451 132500
132572 132749
132943 133021
133274 133285
133513 133591
133595 133683
133865 133868
134322 134339
134420 134443
134715 134729
134988 135064
135460 135474
135914 135964
136081 136118
136438 136513
136608 136620
136997 136999
137351 137426
137437 137479
137788 137811
138223 138363
138729 138741
139176 139195
139585 139750
140062 140090
140501 140550
140856 140902
141162 141169
141634 141647
142088 142140
142607 142621
142698 142718
143169 143186
143196 143198
143571 143577
143870 143947
144161 144207
144249 144265
144502 144528
144634 144672
144706 144733
144739 144954
145051 145138
145179 145221
145702 145737
145966 146112
146548 146558
146703 146761
146794 146917
147122 147144
147340 147482
147688 147721
148215 148230
148729 148843
149108 149142
149320 149342
149550 149550
149682 149776
150039 150117
150581 150639
150790 150897
150906 151004
151151 151165
151203 151283
151455 151466
151924 152010
152431 152433
152724 152733
153170 153206
153441 153526
153646 153653
154071 154113
154290 154427
154714 154735
154818 154896
154943 154943
155287 155348
155472 155495
155907 155985
156066 156122
156205 156223
156372 156481
156579 156605
156960 156977
157197 157231
157651 157665
158000 158020
158507 158523
158931 158935
159128 159132
159209 159245
159274 159327
159454 159530
159847 159858
159875 159908
160135 160161
160369 160612
160919 161034
161376 161392
161472 161557
161756 161831
161936 162022
162035 162151
162358 162371
162490 162523
162583 162584
162809 162885
163368 163368
163758 163802
164152 164200
164594 164599
164615 164652
165127 165215
165604 165629
165810 165846
166152 166236
166546 166573
166891 166897
167201 167253
167688 167709
167756 167822
168236 168240
168735 168751
169140 169174
169428 169454
169664 169667
169780 169790
170112 170303
170624 170650
170901 170904
170959 170989
171360 171384
171558 171583
171810 171985
172250 172383
172580 172652
172703 172704
172940 172987
173226 173264
173729 173741
174159 174304
174658 174683
174747 174858
174987 175099
175552 175665
175796 175832
176068 176079
176201 176220
176253 176254
176469 176489
176533 176626
176697 176732
177199 177214
177297 177359
177585 177631
177697 177714
177741 177810
177836 177857
178324 178412
178834 178876
179028 179102
179162 179165
179280 179290
179756 179783
180025 180032
180221 180228
180621 180653
180795 180813
181002 181027
181470 181517
181681 181712
182047 182101
182230 182456
182948 182955
183233 183234
183501 183518
183908 183925
184063 184066
184272 184285
184647 184662
184682 184741
185231 185280
185464 185541
186001 186027
186248 186268
186501 186509
186718 186743
187168 187231
187500 187528
187953 188097
188579 188601
188763 188773
189020 189067
189470 189471
189479 189512
189665 189695
189730 189731
190150 190304
190654 190660
190763 190806
191049 191230
191697 191729
191772 191832
192146 192147
192507 192555
192981 193053
193532 193689
193866 193873
194299 194302
194785 194789
194831 194853
195035 195051
195383 195427
195736 195742
195754 195767
196185 196212
196636 196655
196839 196954
197000 197011
197314 197320
197687 197734
197883 197916
198158 198263
198737 198744
198945 198952
198981 199028
199321 199408
199664 199715
200100 200111
200446 200475
200884 200977
201376 201412
201588 201657
202048 202088
202576 202662
203121 203123
203370 203644
204125 204152
204396 204462
204556 204574
204654 204692
204801 204807
204943 205033
205340 205355
205655 205873
206183 206302
206722 206889
206994 207002
207260 207388
207686 207697
207907 207919
208308 208335
208796 208867
209237 209395
209710 209741
210100 210252
210378 210408
210875 210901
211255 211315
211540 211589
212074 212109
212335 212374
212520 212537
212765 212826
213232 213281
213578 213590
213988 214086
214382 214471
214863 214898
215389 215478
215599 215650
216105 216106
216604 216635
216640 216651
216972 216993
217453 217456
217632 217728
217944 218092
218423 218500
218753 218804
218989 219023
219485 219488
219986 219995
220385 220464
220530 220543
220851 220882
221343 221398
221865 221912
222014 222053
222368 222452
222746 222776
222924 223040
223444 223519
223738 223856
224031 224048
224249 224312
224637 224655
224889 224938
225424 225548
225591 225609
225632 225748
226140 226162
226369 226380
226728 226765
226938 226988
227408 227419
227571 227586
227739 227749
228232 228248
228326 228468
228514 228539
228961 228967
229274 229276
229509 229522
229976 229989
230130 230130
230388 230405
230771 230945
231361 231369
231830 231835
232160 232198
232683 232828
233294 233339
233731 233743
233834 233873
234063 234063
234397 234420
234480 234486
234543 234625
234933 235017
235054 235076
235530 235601
235673 235833
236302 236503
236639 236713
236889 236942
237109 237130
237613 237663
237973 238219
238373 238446
238877 238877
238934 239058
239512 239656
239942 240067
240116 240132
240154 240263
240285 240352
240809 240846
240996 241015
241334 241398
241722 241804
242195 242203
242639 242672
243073 243103
243151 243211
243353 243395
243654 243709
243888 243924
244380 244412
244580 244661
244911 244958
245217 245272
245284 245300
245688 245693
246076 246141
246492 246492
246754 246783
247224 247276
247467 247501
247974 248179
248374 248466
248472 248581
248828 248840
249042 249121
249395 249481
249717 249748
250037 250229
250530 250579
250989 250992
251449 251457
251548 251570
251616 251819
251944 251946
252315 252407
252597 252664
252954 252970
253082 253150
253422 253424
253637 254030
254094 254107
254604 254606
254963 254991
255180 255180
255227 255274
255564 255565
255734 255753
256184 256202
256215 256217
256713 256806
256888 257046
257310 257312
257399 257402
257506 257576
257801 257820
257824 257847
258131 258137
258432 258433
258886 258891
259018 259035
259310 259393
259679 259787
260206 260222
260616 260641
260982 261002
261067 261133
261506 261512
261836 261936
262033 262037
262135 262344
262379 262463
262761 262777
263160 263173
263419 263436
263672 263762
264010 264050
264485 264502
264938 264947
265254 265304
265801 265955
266341 266382
266413 266445
266451 266459
266710 266760
266821 266833
266957 267010
267192 267271
267769 267779
268047 268054
268542 268634
268654 268706
269164 269183
269675 269706
270115 270119
270295 270341
270602 270642
271121 271234
271334 271342
271527 271529
271629 271653
272014 272038
272325 272409
272479 272547
272732 272733
273031 273117
273530 273532
273637 273707
274129 274195
274646 274677
274934 274997
275319 275420
275760 275836
276253 276289
276694 276744
277048 277129
277437 277467
277812 277860
277983 278213
278559 278570
278842 278877
278964 279071
279526 279571
279801 279844
280106 280231
280385 280421
280842 281098
281221 281270
281666 281674
281717 281717
282134 282191
282388 282423
282706 282771
282824 282871
282953 283249
283675 283692
283833 283911
284393 284437
284440 284476
284956 284958
285436 285454
285587 285752
286089 286155
286455 286461
286766 286782
286950 286967
287017 287142
287485 287528
287842 287883
288014 288027
288489 288501
288874 288894
289367 289447
289586 289756
290158 290330
290734 290754
290922 290959
291306 291325
291715 291847
292185 292236
292683 292863
293147 293158
293272 293277
293441 293442
293765 293777
293858 293884
294294 294304
294782 294801
295088 295246
295448 295486
295891 295958
296261 296290
296616 296632
296887 296914
297054 297057
297505 297522
297794 297878
298182 298232
298333 298423
298661 298727
298901 299012
299370 299383
299832 299862
300234 300262
300714 300728
301189 301205
301698 301775
302175 302272
302326 302362
302387 302390
302413 302433
302708 302751
302894 302895
302921 302948
303205 303238
303546 303562
303672 303726
304109 304164
304298 304305
304566 304643
305124 305143
305473 305559
305925 305983
306158 306221
306653 306661
306956 306956
307026 307034
307274 307352
307577 307597
307802 307802
307838 307939
308082 308103
308438 308473
308508 308545
308782 308843
309101 309122
309159 309171
309477 309497
309728 309757
310052 310123
310507 310605
311083 311146
311214 311271
311467 311468
311751 311792
311906 312059
312126 312145
312288 312298
312601 312605
312686 312762
312953 312954
313316 313318
313597 313714
314138 314164
314474 314477
314889 314946
315353 315353
315843 315870
315898 315920
316157 316525
316557 316613
316762 316763
316924 316948
317388 317413
317806 317860
318155 318228
318271 318279
318569 318696
319125 319174
319666 319818
320145 320335
320703 320785
321136 321163
321474 321509
321831 321882
322064 322144
322614 322899
323008 323146
323307 323403
323722 323796
323889 323986
324395 324410
324807 324822
325251 325281
325758 325799
326120 326160
326406 326443
326574 326576
326856 326876
327323 327362
327648 327687
327910 327953
328217 328248
328744 328838
328994 329022
329488 329518
329853 329893
330234 330299
330724 330770
330999 331029
331216 331246
331279 331407
331849 331862
332156 332257
332699 332876
333355 333365
333707 333800
333895 334009
334228 334325
334496 334553
335024 335033
335305 335320
335632 335679
335863 335908
336167 336209
336461 336528
336734 336888
337118 337118
337428 337569
337823 337865
337891 337916
338039 338179
338223 338265
338359 338407
338724 338743
338914 338959
338987 339028
339372 339407
339785 339900
340025 340077
340278 340289
340785 340790
341227 341287
341511 341529
341533 341557
342008 342011
342049 342091
342274 342282
342695 342733
342990 343017
343041 343190
343289 343318
343703 343727
343784 343798
343887 343912
344369 344479
344931 344941
344965 344979
344991 345009
345413 345443
345935 345990
346287 346298
346346 346413
346868 346992
347399 347421
347886 347900
348123 348222
348225 348240
348255 348257
348375 348401
348840 348933
349356 349405
349523 349540
349691 349693
349712 349723
350010 350024
350193 350210
350452 350455
350587 350616
351035 351053
351322 351336
351728 351743
352225 352233
352554 352573
352998 353034
353383 353385
353736 353776
353948 353955
354102 354147
354149 354198
354670 354794
355179 355183
355451 355484
355917 355920
356247 356293
356340 356385
356435 356460
356496 356526
356553 356569
357026 357027
357496 357601
357657 357733
357913 357942
358323 358376
358652 358675
358868 358879
358976 359020
359262 359311
359555 359591
360035 360064
360502 360528
360671 360681
360790 360816
361170 361228
361501 361504
361600 361616
361870 361960
362326 362348
362804 362892
363240 363312
363365 363382
363823 363823
364101 364134
364378 364389
364488 364562
364681 364785
364807 364816
365205 365231
365445 365512
366004 366022
366072 366097
366587 366652
366769 366820
367112 367173
367310 367317
367755 367756
368020 368047
368537 368606
368807 368815
369293 369305
369363 369437
369597 369604
370092 370258
370607 370643
370866 370909
370985 370996
371388 371654
371684 371707
372177 372205
372314 372327
372499 372524
372778 372832
373178 373257
373446 373526
373640 373673
374097 374190
374227 374336
374621 374625
374659 374765
374858 374891
375053 375101
375228 375237
375298 375373
375715 375735
376198 376276
376509 376521
376932 377016
377129 377167
377357 377515
377787 377802
378063 378163
378507 378509
378537 378580
378970 378996
379328 379375
379534 379534
379943 380033
380075 380079
380455 380541
380963 381090
381211 381254
381642 381738
381854 381964
381987 382068
382221 382247
382475 382504
382963 382995
383418 383473
383573 383582
384001 384032
384251 384260
384392 384415
384705 384779
385197 385288
385405 385602
385761 385763
386158 386269
386283 386348
386692 386753
386852 386873
386956 387015
387395 387407
387568 387603
387857 387874
387979 387997
388060 388071
388262 388328
388608 388651
388714 388721
389208 389239
389409 389432
389496 389523
389892 390006
390380 390406
390508 390550
390798 390865
391131 391143
391472 391652
392044 392059
392143 392145
392182 392203
392680 392704
392867 392920
392980 393060
393157 393227
393590 393653
393758 393781
393909 393950
394306 394362
394605 394634
394645 394670
394712 394750
394806 394861
394886 395054
395178 395236
395494 395532
396002 396012
396222 396267
396500 396517
396828 396873
397211 397221
397598 397624
397803 397845
397974 398105
398573 398580
398643 398647
398756 398765
399195 399247
399367 399391
399484 399526
399567 399626
399966 399997
400100 400156
400457 400471
400878 400986
401059 401130
401293 401359
401516 401587
401653 401723
401821 401839
401986 402032
402506 402620
402821 402833
403289 403363
403827 404005
404410 404439
404698 404702
405036 405052
405376 405377
405831 405849
406158 406193
406355 406375
406390 406447
406626 406677
407025 407072
407427 407457
407606 407616
407645 407687
407820 407846
408035 408047
408282 408422
408504 408512
408947 409011
409109 409123
409134 409164
409173 409224
409396 409432
409646 409932
410241 410259
410420 410511
410519 410659
411044 411223
411479 411512
411642 411654
411776 411776
411859 411864
412093 412183
412548 412638
412819 412820
412904 412940
413408 413419
413691 413828
414270 414289
414618 414684
414850 414900
415077 415222
415476 415586
415773 415780
416103 416116
416212 416214
416417 416440
416693 416710
417034 417069
417324 417366
417450 417507
417653 417726
417906 417930
417994 418153
418636 418636
419082 419150
419361 419371
419395 419453
419910 419957
420191 420239
420487 420522
420833 420850
420872 420952
421239 421242
421443 421493
421891 421904
422252 422267
422567 422617
423009 423032
423249 423287
423718 423744
424216 424403
424623 424639
425042 425058
425247 425342
425682 425712
425865 425916
426043 426054
426441 426447
426574 426581
426967 427098
427386 427405
427414 427449
427512 427546
427649 427686
428033 428067
428118 428135
428490 428558
428702 428731
428741 428761
429064 429209
429229 429315
429672 429712
429715 429725
429960 430109
430176 430213
430390 430492
430650 430805
430983 431047
431484 431490
431967 431994
432225 432239
432700 432703
432796 432815
432829 432978
433402 433411
433425 433433
433827 433828
434099 434152
434459 434607
434992 435092
435113 435173
435585 435599
436009 436199
436395 436535
436750 436765
437102 437105
437134 437143
437150 437153
437491 437550
437714 437728
437822 437856
438096 438235
438305 438312
438462 438475
438943 438945
439347 439475
439752 439840
440070 440108
440386 440483
440623 440645
441058 441109
441457 441466
441819 441823
442161 442186
442194 442353
442671 442675
442727 443077
443359 443395
443691 443714
444032 444061
444464 444475
444569 444636
444947 444960
445208 445248
445555 445566
445762 445903
446025 446040
446156 446161
446574 446579
446936 446939
447118 447158
447656 447668
447939 447961
448375 448384
448705 448795
449238 449286
449610 449630
449906 450006
450131 450141
450145 450162
450511 450550
450855 450889
451357 451653
451925 451929
452162 452203
452271 452367
452561 452561
452684 452690
452806 452848
453347 453349
453391 453461
453781 453844
454280 454299
454733 454790
454921 454939
455223 455310
455541 455626
456033 456045
456311 456312
456333 456341
456403 456414
456595 456617
456818 456910
456969 457086
457379 457424
457431 457619
457945 457962
458254 458275
458692 458713
459097 459138
459430 459438
459625 459697
460107 460128
460134 460169
460234 460285
460463 460601
461063 461213
461602 461638
462042 462081
462455 462550
462607 462691
462950 462957
463169 463242
463345 463359
463437 463460
463648 463655
463789 463868
463986 464035
464276 464287
464417 464479
464654 464739
465064 465074
465461 465557
465875 465972
466304 466320
466536 466565
467009 467011
467367 467370
467656 467708
467743 467803
468284 468285
468769 468770
469105 469119
469413 469441
469855 469868
470314 470385
470441 470452
470491 470519
470931 470982
471328 471348
471710 471719
471860 471886
471986 472027
472366 472376
472875 472884
473251 473302
473583 473698
474158 474231
474292 474327
474455 474471
474714 474733
474931 474966
474967 474999
475032 475057
475305 475323
475732 475766
476023 476173
476357 476416
476548 476552
476711 476764
476857 476934
476976 477127
477530 477560
477944 477944
478044 478172
478477 478550
479002 479023
479283 479316
479621 479787
479909 480042
480261 480312
480581 480587
481018 481057
481484 481492
481791 481816
482121 482210
482642 482666
482905 482914
482923 482940
483426 483509
483591 483636
483954 483978
484195 484239
484595 484631
485125 485238
485334 485338
485805 485832
486062 486227
486528 486717
486965 486979
487090 487115
487604 487627
487870 487884
487918 487947
488398 488478
488728 488732
488768 488842
489008 489013
489216 489216
489650 489670
489990 490053
490295 490326
490478 490613
490853 490854
490857 490861
491052 491060
491233 491308
491567 491586
491597 491647
491930 491940
492375 492407
492601 492608
492632 492650
492828 492849
493251 493290
493686 493702
494092 494104
494593 494631
494722 494748
495185 495192
495468 495476
495698 495731
495913 496032
496435 496446
496734 496736
497116 497364
497698 497829
498140 498170
498495 498516
498626 498661
498772 498776
498951 498998
499421 499421
499626 499704
500201 500302
500732 500982
501433 501441
501717 501723
501988 502055
502474 502483
502594 502603
502660 502688
502708 502748
502940 502983
503215 503292
503527 503527
503535 503541
503546 503552
503684 503695
504045 504064
504392 504447
504578 504661
504693 504909
504954 505161
505210 505326
505494 505508
505553 505588
505788 505851
506102 506235
506417 506565
506713 506765
506904 507152
507557 507569
507805 507816
508274 508295
508560 508646
509130 509206
509335 509390
509442 509506
509551 509556
509878 509901
510121 510175
510605 510625
510817 510907
511046 511050
511376 511382
511866 511912
511993 512000
512297 512336
512533 512648
513112 513121
513217 513266
513346 513390
513549 513585
514004 514014
514287 514291
514353 514360
514613 514651
514948 514956
514986 515099
515180 515229
515605 515712
515959 515970
516172 516195
516310 516311
516523 516530
516993 517085
517097 517126
517289 517307
517711 517724
517786 517788
517899 517955
518145 518163
518368 518467
518764 518848
519185 519186
519673 519674
520023 520047
520478 520484
520591 520626
521096 521186
521434 521474
521910 521952
522261 522326
522694 522723
522946 523013
523371 523539
523763 523766
523862 523868
524301 524406
524514 524560
524569 524585
524598 524600
525074 525218
525520 525520
525600 525686
526081 526085
526260 526346
526824 526892
527040 527065
527471 527606
528096 528129
528531 528554
528610 528647
528802 528818
528978 529003
529262 529275
529742 529804
530243 530243
530670 530789
530939 530950
531118 531196
531549 531583
531871 532084
532313 532331
532358 532363
532462 532512
532713 532726
533106 533128
533226 533272
533480 533519
533715 533739
534070 534133
534476 534513
534876 534904
535313 535551
535605 535616
536036 536278
536627 536630
537062 537131
537439 537456
537953 538121
538211 538252
538448 538505
538802 538893
539090 539164
539417 539477
539491 539726
540162 540174
540563 540571
540676 540748
540883 540903
541001 541055
541329 541427
541721 541771
542149 542227
542324 542360
542763 542780
543196 543220
543247 543276
543746 543802
543857 543862
543998 544115
544184 544233
544429 544471
544649 544701
545017 545031
545131 545144
545396 545521
545805 545830
546004 546090
546165 546194
546291 546304
546783 546806
546919 546920
547137 547167
547218 547299
547669 547695
548036 548135
548586 548599
548863 548947
549279 549307
549752 549767
550104 550148
550150 550154
550343 550358
550783 550795
550976 550984
551151 551210
551527 551557
551578 551584
551948 552013
552478 552626
552757 552846
552917 552943
553390 553553
553934 553936
554330 554341
554418 554465
554957 554968
555436 555509
555939 555941
556089 556092
556125 556216
556601 556745
556969 556972
557121 557137
557233 557272
557353 557435
557676 557693
558076 558098
558235 558271
558351 558429
558885 558894
559242 559288
559572 559588
560007 560116
560397 560399
560772 560802
561144 561208
561699 561738
562087 562166
562478 562484
562957 562986
563190 563235
563548 563589
563689 563690
564025 564133
564310 564364
564492 564771
564976 565095
565162 565268
565712 565733
566115 566139
566216 566304
566447 566526
566876 566903
567002 567099
567236 567298
567487 567574
567844 567919
568033 568036
568343 568449
568946 568963
569415 569420
569674 569838
570319 570322
570398 570447
570467 570542
570947 570991
571095 571238
571398 571441
571736 571778
571800 571886
572091 572108
572482 572513
572890 572938
573025 573046
573301 573387
573646 573647
573888 573955
574331 574364
574457 574472
574911 575025
575397 575497
575834 575842
576037 576120
576129 576143
576537 576568
576578 576621
577068 577084
577534 577543
577676 577748
578025 578081
578391 578430
578604 578632
579024 579049
579325 579394
579837 579857
580163 580164
580302 580343
580521 580530
580759 580779
581004 581005
581283 581314
581609 581614
581768 581783
581965 582029
582168 582225
582512 582525
582864 582867
583221 583276
583588 583614
583861 583865
583870 584004
584496 584518
584993 585163
585383 585664
586025 586062
586552 586582
587053 587201
587204 587231
587345 587434
587458 587568
587681 587726
587816 587818
587997 588044
588105 588138
588265 588356
588610 588669
588674 588680
589070 589083
589315 589342
589623 589634
589707 589707
589895 590077
590512 590527
590554 590570
590738 590812
591292 591363
591477 591554
591947 591973
592368 592384
592450 592477
592561 592675
593079 593163
593502 593503
593811 593826
594278 594343
594356 594391
594532 594590
594842 594866
595289 595332
595779 595937
596414 596482
596823 596885
597062 597094
597502 597528
597736 597746
598038 598038
598529 598568
598925 599100
599481 599568
600016 600018
600368 600478
600860 600979
600989 601002
601222 601307
601668 601677
601815 601816
601906 601989
602418 602428
602457 602500
602617 602657
603084 603150
603553 603583
603659 603684
603854 603867
604023 604043
604227 604251
604657 604683
604783 604849
604911 604934
605338 605396
605655 605731
606041 606213
606663 606697
606925 607023
607066 607067
607154 607189
607252 607316
607625 607649
607758 607813
608119 608143
608371 608382
608636 608717
609093 609200
609543 609550
609707 609718
609867 609871
610133 610134
610176 610197
610668 610699
611194 611227
611335 611339
611711 611719
612087 612124
612606 612773
613043 613045
613523 613564
613752 613769
613867 613933
613996 614033
614444 614465
614814 614892
615130 615138
615277 615350
615773 615823
616128 616169
616537 616550
616933 616970
617322 617480
617817 617860
618311 618437
618908 619066
619125 619171
619664 619709
619994 620008
620253 620263
620426 620538
620610 620679
621176 621193
621217 621263
621625 621626
621775 621781
621963 621980
622441 622475
622578 622598
622836 622889
622999 623019
623070 623108
623249 623316
623678 623694
624077 624115
624201 624243
624512 624568
625054 625105
625111 625118
625603 625668
626046 626071
626190 626237
626494 626534
626876 626876
627224 627259
627392 627443
627815 627823
628107 628136
628302 628410
628581 628588
628733 628833
629169 629189
629201 629209
629413 629466
629468 629469
629904 629911
630027 630069
630374 630393
630631 630631
630698 630807
631260 631277
631294 631324
631592 631603
632003 632009
632157 632266
632644 632749
632755 633009
633289 633346
633488 633624
633817 633906
634096 634195
634355 634377
634550 634556
634626 634713
634928 634933
635198 635265
635571 635608
635970 635989
636372 636390
636403 636403
636594 636635
636753 636758
636970 637056
637262 637371
637772 637810
637992 638008
638074 638095
638416 638424
638542 638553
638701 638754
638823 639023
639199 639199
639284 639377
639471 639491
639722 639730
640175 640195
640661 640699
640761 640809
640836 641037
641307 641424
641863 641951
642235 642422
642711 642734
643157 643218
643429 643509
643589 643603
643800 643846
644075 644173
644647 644702
645147 645155
645446 645457
645536 645616
645768 645801
646118 646175
646629 646652
646996 647059
647169 647169
647280 647358
647659 647670
648073 648090
648159 648166
648293 648296
648702 648781
649195 649195
649280 649335
649711 649740
649901 650117
650447 650463
650860 650936
651193 651240
651610 651722
652097 652162
652620 652688
653151 653260
653734 653773
654248 654266
654409 654409
654477 654496
654893 654917
655201 655238
655245 655305
655649 655675
655791 655810
656226 656244
656369 656424
656556 656564
656933 656945
656968 656988
657422 657445
657911 657927
658233 658314
658549 658549
658560 658572
658727 658745
659139 659383
659618 659671
660067 660074
660245 660364
660750 660772
661017 661037
661137 661179
661630 661647
661769 661774
662102 662109
662320 662334
662663 662672
662855 662866
662941 663008
663151 663209
663291 663327
663628 663628
663630 663650
664064 664066
664420 664466
664776 664812
665014 665021
665104 665173
665642 665661
665673 665828
666030 666075
666412 666444
666932 666940
666990 667000
667470 667531
667631 667766
668013 668053
668487 668528
668584 668587
668882 668948
669119 669124
669571 669669
669854 669881
670373 670439
670908 670951
671083 671101
671421 671433
671705 671722
672105 672118
672373 672541
672937 672958
673213 673293
673486 673549
673878 673896
674186 674315
674464 674526
674655 674749
675246 675455
675502 675692
675836 675848
676150 676157
676167 676206
676702 676716
677174 677189
677674 677708
677933 677943
678036 678045
678061 678074
678099 678114
678165 678184
678519 678546
678996 678998
678999 679032
679323 679437
679575 679679
679749 679783
680046 680092
680442 680469
680818 680912
681037 681063
681130 681167
681379 681409
681720 681732
681842 681917
682171 682235
682567 682637
682834 682866
682972 682993
683351 683389
683575 683599
683951 684018
684086 684132
684596 684598
684823 684942
685024 685051
685062 685112
685552 685585
685841 685855
686058 686115
686308 686585
686914 686927
686947 686956
687080 687139
687554 687618
687958 688002
688110 688230
688350 688386
688391 688458
688898 688974
689128 689135
689228 689228
689588 689632
689651 689662
689908 689987
690140 690401
690878 690954
691298 691389
691406 691481
691558 691558
691576 691613
691696 691721
692038 692144
692463 692556
692949 693135
693254 693261
693268 693274
693364 693416
693613 693638
693680 693701
693847 693900
693969 694013
694299 694323
694487 694686
694702 694745
695232 695285
695328 695329
695794 695802
696013 696040
696132 696195
696579 696621
696729 696779
696924 696938
697367 697375
697657 697837
697839 697861
698340 698350
698548 698573
698744 698988
699475 699505
699799 699882
700353 700360
700702 700713
700910 701087
701335 701391
701669 701683
702079 702106
702365 702466
702750 702765
702924 702928
703058 703078
703398 703416
703509 703530
703706 703717
703794 703849
703939 703965
704109 704136
704330 704336
704560 704577
704582 704610
704777 704779
705183 705188
705579 705599
706084 706096
706455 706463
706719 706805
707011 707035
707468 707472
707934 707981
708204 708259
708300 708310
708338 708371
708403 708486
708919 708935
709341 709392
709749 709772
710047 710091
710341 710464
710557 710596
710986 710995
711073 711082
711226 711231
711337 711337
711642 711722
712008 712018
712421 712425
712676 712739
712876 712891
712950 713070
713117 713123
713507 713513
713983 713985
714031 714042
714441 714483
714980 715063
715263 715272
715712 715719
716089 716096
716272 716360
716770 716788
716955 716970
717082 717095
717353 717376
717833 717847
717962 718007
718396 718578
718985 719010
719057 719076
719327 719404
719878 719880
719938 719981
720002 720013
720323 720340
720694 720984
721141 721180
721233 721301
721607 721640
721703 721790
722185 722203
722250 722277
722292 722301
722382 722382
722752 722782
723130 723214
723453 723504
723873 723950
724356 724357
724673 724678
724807 724811
724837 725052
725205 725301
725796 725858
726012 726096
726120 726173
726579 726645
727130 727176
727363 727363
727657 727747
727911 727958
728303 728331
728621 728713
729200 729469
729875 729881
730003 730034
730216 730268
730712 730754
730891 730981
731041 731082
731291 731460
731555 731588
731888 732039
732369 732462
732651 732791
733222 733256
733338 733345
733472 733480
733932 734027
734122 734141
734361 734369
734743 734785
734936 735006
735301 735305
735600 735670
735887 735965
736435 736542
736926 737121
737406 737423
737445 737452
737860 737878
738168 738205
738243 738254
738464 738490
738778 738805
738951 738976
739364 739589
740054 740088
740494 740764
741038 741132
741456 741495
741550 741575
742072 742091
742257 742465
742870 742971
743148 743150
743160 743161
743434 743448
743479 743495
743797 743822
743907 743958
744385 744478
744579 744627
744991 745019
745062 745080
745553 745564
746050 746073
746405 746440
746860 746873
747369 747369
747491 747531
747912 747955
748037 748065
748277 748289
748537 748538
748801 748822
749113 749154
749284 749366
749857 749918
750037 750048
750255 750278
750360 750390
750753 750762
751072 751124
751590 751698
751967 751990
752294 752343
752386 752437
752454 752487
752655 752664
752807 752821
753006 753082
753388 753397
753658 753669
753938 753990
754017 754070
754554 754645
755118 755120
755160 755223
755435 755496
755849 755894
756308 756398
756558 756584
756677 756685
756897 756924
756958 757007
757091 757188
757305 757338
757371 757454
757931 757972
758334 758335
758452 758473
758764 758788
758870 758884
758905 758913
759266 759280
759421 759452
759568 759633
759688 759691
759699 759702
760073 760087
760578 760609
760780 760873
760947 760956
761265 761396
761474 761636
762049 762215
762312 762337
762631 762631
763046 763135
763439 763449
763677 763712
763749 763766
763906 763916
764295 764507
764835 764837
765068 765101
765562 765568
765600 765601
765664 765777
766200 766227
766292 766413
766889 766926
767243 767248
767351 767437
767562 767571
767863 767878
768186 768229
768550 768650
768796 768802
768904 768910
769294 769319
769795 769798
770137 770218
770517 770539
770858 770890
771028 771031
771116 771184
771527 771560
772050 772213
772611 772772
773103 773122
773508 773545
773645 773664
773995 774057
774387 774404
774745 774757
775181 775258
775757 775806
775958 776351
776770 776779
776978 776985
777046 777200
777527 777577
778030 778104
778302 778310
778671 778676
778811 778819
778956 779072
779278 779302
779749 779765
780041 780073
780314 780340
780424 780470
780531 780549
780929 781037
781170 781241
781524 781565
781944 781950
782402 782451
782529 782541
783000 783024
783160 783255
783443 783490
783794 783871
783903 783909
784284 784371
784749 784761
785014 785064
785194 785240
785425 785527
785900 785954
786113 786138
786241 786278
786418 786448
786575 786580
786808 786844
787174 787274
787454 787501
787739 787748
788176 788180
788451 788465
788681 788722
789042 789192
789595 789603
789719 789817
790079 790119
790431 790444
790571 790584
790878 790926
791002 791002
791409 791450
791500 791584
791676 791682
791924 791954
792206 792221
792222 792224
792332 792375
792829 792831
792858 793037
793492 793508
793853 793866
794199 794247
794310 794311
794328 794336
794431 794563
794573 794632
794835 794836
795114 795209
795392 795535
795790 795825
795919 796080
796438 796521
797009 797015
797082 797122
797309 797311
797595 797670
798055 798130
798615 798736
798768 798794
798849 798876
798879 798889
799020 799032
799382 799543
799790 799874
800295 800314
800764 800852
801090 801121
801479 801512
801524 801628
801820 801834
801870 801871
802238 802243
802535 802632
802670 802803
803037 803080
803433 803516
803959 803978
804057 804269
804639 804658
805113 805161
805462 805513
805978 806045
806315 806411
806871 806932
807114 807141
807213 807215
807451 807472
807476 807519
807617 807689
808053 808191
808442 808442
808798 808878
809071 809103
809195 809332
809611 809620
810043 810052
810372 810372
810769 810798
810838 810873
811283 811309
811477 811568
811820 811898
811976 812063
812248 812249
812715 812948
813207 813228
813682 813794
814147 814161
814395 814408
814690 814698
815083 815181
815594 815631
815641 815776
815931 816141
816600 816617
816661 816671
817110 817120
817149 817222
817331 817387
817560 817631
817805 817820
817942 817970
817988 818033
818185 818234
818446 818548
818810 818866
819129 819152
819457 819479
819541 819623
820096 820163
820185 820223
820278 820493
820637 820696
820982 821079
821361 821387
821864 821882
822105 822184
822272 822284
822354 822409
822516 822542
822615 822615
822805 822841
823263 823301
823375 823375
823533 823553
823793 823816
823891 823899
824313 824447
824490 824527
824761 824789
825249 825396
825885 826105
826480 826590
826650 826724
826777 826795
827249 827250
827431 827435
827784 827809
828192 828228
828393 828442
828495 828546
828941 829008
829400 829427
829449 829539
829668 829685
829860 829968
830025 830101
830451 830488
830671 830806
830936 831064
831331 831358
831491 831520
831577 831641
832018 832026
832283 832338
832373 832402
832660 832780
833042 833066
833456 833464
833838 834012
834385 834571
834919 834947
835192 835288
835603 835622
835800 835840
835991 835998
836127 836136
836204 836225
836235 836293
836673 836756
836947 837010
837126 837265
837428 837449
837916 837962
838061 838077
838347 838410
838829 838835
838970 839038
839200 839352
839614 839697
840005 840005
840212 840281
840442 840577
840733 840833
841071 841091
841521 841609
841690 841721
841779 841819
841918 841945
842203 842219
842582 842648
843124 843126
843330 843371
843726 843767
843893 843900
844058 844074
844572 844586
844748 844770
844889 844987
845234 845241
845512 845624
845782 845819
846097 846116
846393 846516
846813 846884
847208 847211
847426 847484
847921 847946
848397 848437
848492 848538
848692 848767
849255 849344
849695 849727
850122 850124
850150 850200
850568 850638
850711 850715
850738 850762
851006 851007
851185 851194
851400 851439
851913 851980
852415 852469
852642 852680
852974 852985
853318 853318
853601 853615
853947 853975
854082 854100
854295 854319
854445 854456
854536 854611
854804 854923
854977 854995
855257 855330
855623 855839
856005 856031
856349 856403
856568 856685
856738 856769
856781 856850
856870 856945
857196 857320
857755 857802
857853 857970
858333 858340
858545 858560
858647 858666
858679 858782
858861 858934
859076 859076
859303 859315
859694 859694
859746 859766
860169 860291
860605 860669
860800 860806
861177 861195
861610 861635
861797 861890
862190 862278
862369 862381
862390 862422
862536 862564
862768 862821
862988 863042
863319 863373
863505 863563
863886 863905
864168 864176
864440 864443
864666 864742
865237 865250
865273 865315
865359 865500
865659 865706
865998 866018
866151 866332
866479 866508
866928 867052
867234 867279
867660 867827
867829 867850
868028 868089
868264 868277
868424 868425
868888 868928
869086 869131
869384 869420
869678 869686
870147 870192
870308 870312
870610 870626
870660 870696
871129 871150
871644 871680
871834 871861
872152 872216
872266 872278
872717 872813
872974 872995
873343 873399
873857 873927
874242 874244
874355 874384
874750 874798
875153 875311
875704 875721
875907 876023
876202 876215
876275 876390
876450 876488
876896 877003
877283 877329
877811 877867
878291 878312
878389 878392
878654 878669
878685 878747
878882 878964
879104 879236
879661 879728
880204 880213
880228 880246
880646 880662
880865 880876
880887 880909
880976 881022
881030 881073
881443 881525
881650 881670
882068 882153
882224 882247
882731 882742
883011 883113
883508 883542
883703 883770
884104 884107
884514 884564
885033 885120
885423 885430
885812 885850
886063 886100
886380 886413
886891 886892
886926 886993
887223 887400
887750 887784
888069 888301
888644 888652
888874 888898
889005 889078
889103 889148
889286 889440
889826 889830
889835 890016
890289 890313
890667 890684
890737 890774
891107 891285
891696 891706
891850 891941
892322 892326
892427 892571
892794 892819
892976 893056
893299 893309
893785 893788
893926 893962
894191 894224
894346 894527
894726 894792
894923 894985
895385 895411
895716 895771
896208 896221
896254 896257
896318 896478
896591 896634
896969 897008
897045 897088
897107 897108
897123 897139
897464 897468
897661 897691
897958 897958
898250 898453
898487 898623
898775 898792
899278 899304
899739 899739
899754 899808
900035 900061
900365 900384
900820 900889
901194 901305
901380 901382
901564 901638
901692 901709
902037 902097
902471 902483
902798 902960
903229 903307
903638 903655
903685 903699
904033 904141
904201 904230
904346 904365
904432 904441
904821 904835
905232 905395
905398 905527
905853 905862
906183 906200
906526 906736
907050 907114
907219 907233
907328 907401
907759 907896
908256 908330
908679 908757
908960 908977
909289 909292
909701 909778
909900 909924
910109 910111
910544 910600
911053 911064
911397 911444
911472 911540
912010 912025
912244 912253
912349 912460
912495 912662
912678 912718
913133 913150
913165 913330
913465 913579
913704 913740
913776 913848
913888 913902
914079 914092
914319 914371
914532 914533
914763 914882
915323 915383
915456 915493
915671 915676
915953 915967
916401 916454
916529 916728
916854 916896
917110 917209
917578 917588
917643 917645
918005 918015
918197 918213
918537 918697
918952 919009
919353 919384
919718 919760
919998 920026
920292 920294
920630 920642
920682 920740
921191 921198
921337 921337
921494 921508
921871 921899
922076 922076
922179 922182
922511 922559
922778 922785
922948 922958
923388 923411
923426 923543
923593 923655
923731 923881
924154 924189
924602 924690
924904 924972
925161 925211
925274 925304
925633 925663
925698 925716
926116 926146
926345 926545
926559 926594
927066 927097
927439 927521
927568 927692
928101 928106
928338 928484
928876 928960
929123 929151
929415 929573
929972 930076
930550 930557
930810 930926
931351 931351
931465 931473
931572 931626
931906 931915
932100 932123
932518 932541
932796 932915
933333 933385
933706 933722
934201 934265
934620 934664
935156 935211
935377 935442
935587 935596
935731 935751
936084 936199
936334 936360
936542 936603
936658 936659
937145 937205
937589 937632
937831 937844
938343 938382
938799 938821
939226 939235
939250 939312
939713 939740
940169 940187
940226 940260
940722 940724
941130 941134
941335 941335
941570 941610
942083 942104
942556 942648
942730 942736
943058 943194
943528 943583
943908 943909
944105 944169
944375 944447
944614 944771
944833 944836
944990 945029
945407 945499
945559 945622
945673 945702
945860 945862
946018 946031
946112 946180
946195 946213
946422 946454
946708 946727
946932 947012
947298 947526
947847 948008
948446 948501
948742 948760
948913 948943
949045 949447
949729 949817
949976 949993
950229 950313
950600 950637
950684 950690
950797 950856
950894 950987
951355 951497
951721 951819
951903 951919
952076 952080
952545 952551
952622 952662
953153 953153
953399 953415
953707 953754
953925 953955
954207 954301
954354 954363
954602 954607
954648 954731
955075 955121
955123 955174
955489 955572
955776 955826
956020 956027
956421 956428
956919 956937
957291 957299
957623 957708
957878 957981
958441 958497
958773 958877
959194 959231
959269 959292
959491 959504
959911 959959
960319 960341
960714 960719
960862 960864
960939 960954
961012 961014
961319 961449
961626 961627
962098 962131
962411 962446
962870 962936
963057 963135
963546 963573
963706 963762
964154 964189
964328 964330
964422 964449
964758 964920
965287 965293
965787 965798
966196 966368
966701 966702
966848 966911
967104 967112
967184 967196
967343 967389
967600 967622
967972 968104
968492 968542
968683 968701
968719 968809
968977 969023
969232 969358
969855 969856
970315 970351
970718 970780
971184 971192
971434 971506
971924 971987
972324 972379
972532 972551
972961 972996
973023 973033
973136 973223
973462 973482
973654 973670
973875 973876
974078 974088
974500 974565
974702 974708
974807 974820
974916 975003
975097 975202
975280 975341
975832 975861
975870 975976
976414 976483
976558 976648
976884 977020
977480 977536
977782 977826
978051 978055
978548 978559
978677 978680
978697 978708
978990 979073
979370 979416
979903 979941
980129 980158
980328 980403
980847 980856
981165 981193
981221 981260
981406 981427
981613 981698
981890 981939
982014 982061
982212 982247
982716 982775
983191 983264
983414 983630
983722 983846
983984 984048
984546 984560
984972 985008
985034 985228
985344 985408
985816 985823
985951 985953
986193 986202
986290 986367
986423 986541
986622 986648
987135 987152
987529 987548
987775 988009
988010 988024
988092 988121
988225 988320
988450 988470
988498 988513
988550 988672
989012 989099
989370 989394
989540 989600
989717 989794
989942 989986
990400 990573
990660 990672
990797 990815
990937 990966
991164 991212
991584 991628
991849 991984
992087 992245
992630 992721
992893 992962
993182 993261
993347 993413
993581 993617
993851 993931
994227 994335
994469 994501
994881 994885
995166 995197
995520 995554
995987 996029
996392 996403
996459 996463
996777 996791
997285 997292
997339 997390
997437 997636
998000 998021
998433 998433
998502 998523
998858 998866
999216 999388
999494 999526
999982 999994
1000456 1000484
1000631 1000637
1000708 1000749
1000855 1000857
1000899 1000976
1001252 1001337
1001806 1001807
1001845 1001982
1002102 1002129
1002165 1002185
1002612 1002716
1003139 1003221
1003349 1003350
1003351 1003365
1003639 1003673
1004085 1004110
1004448 1004530
1004695 1004713
1004822 1004866
1005196 1005326
1005371 1005386
1005596 1005614
1005835 1005835
1006212 1006242
1006577 1006603
1006873 1006883
1007274 1007296
1007670 1007682
1007711 1007719
1008043 1008225
1008550 1008603
1008716 1008816
1008951 1008963
1009032 1009068
1009488 1009589
1009751 1009858
1009979 1010058
1010527 1010546
1010652 1010687
1010931 1010997
1011276 1011302
1011484 1011577
1011824 1011837
1011895 1012120
1012569 1012654
1012785 1012852
1013203 1013215
1013482 1013514
1013919 1013921
1014144 1014148
1014531 1014571
1014903 1014919
1015344 1015395
1015727 1015767
1016040 1016484
1016502 1016533
1016578 1016617
1016840 1016888
1016929 1016932
1017298 1017379
1017813 1017860
1018141 1018142
1018348 1018392
1018870 1018881
1019264 1019348
1019677 1019731
1019856 1019871
1020266 1020312
1020321 1020342
1020599 1020651
1020834 1020886
1020944 1020989
1021088 1021136
1021410 1021412
1021633 1021760
1021829 1021880
1021959 1022027
1022404 1022493
1022559 1022600
1022625 1022742
1023221 1023367
1023569 1023727
1024222 1024261
1024489 1024549
1024623 1024627
1025090 1025141
1025460 1025527
1025813 1025918
1025989 1026004
1026432 1026480
1026736 1026757
1026781 1026840
1027076 1027166
1027324 1027338
1027395 1027411
1027676 1027703
1027947 1027955
1028309 1028325
1028404 1028434
1028827 1029101
1029149 1029152
1029448 1029484
1029799 1029815
1030009 1030131
1030476 1030483
1030939 1030960
1030997 1031032
1031157 1031183
1031597 1031668
1032028 1032164
1032399 1032434
1032864 1032868
1033145 1033190
1033314 1033328
1033390 1033480
1033767 1033830
1034244 1034288
1034379 1034421
1034514 1034574
1034734 1034755
1035111 1035157
1035408 1035480
1035843 1035847
1035874 1035902
1036116 1036185
1036474 1036483
1036757 1036850
1037269 1037271
1037453 1037453
1037856 1037888
1038036 1038083
1038577 1038629
1038772 1038879
1039196 1039291
1039439 1039502
1039911 1039997
1040351 1040403
1040673 1040721
1041075 1041106
1041547 1041604
1041831 1041859
1041956 1041976
1042068 1042082
1042433 1042446
1042549 1042557
1042867 1042884
1043218 1043230
1043318 1043405
1043649 1043659
1043736 1043781
1044197 1044253
1044460 1044597
1044939 1044950
1045288 1045298
1045328 1045330
1045699 1045734
1045882 1046063
1046237 1046243
1046466 1046467
1046866 1046902
1047329 1047454
1047879 1047948
1048396 1048482
1048611 1048614
1049029 1049056
1049136 1049144
1049167 1049189
1049264 1049285
1049678 1049701
1050164 1050171
1050616 1050749
1050942 1050958
1051308 1051312
1051415 1051417
1051594 1051646
1052011 1052029
1052049 1052066
1052075 1052141
1052374 1052384
1052449 1052483
1052752 1052752
1053082 1053164
1053485 1053504
1053712 1053783
1054164 1054199
1054617 1054661
1054851 1054859
1054885 1054899
1054980 1054999
1055311 1055346
1055768 1055826
1056142 1056227
1056292 1056450
1056491 1056509
1056985 1057024
1057413 1057419
1057684 1057762
1058083 1058083
1058348 1058479
1058753 1058756
1058861 1058877
1058895 1058920
1059063 1059072
1059300 1059310
1059803 1059953
1060011 1060041
1060232 1060285
1060584 1060679
1061029 1061083
1061284 1061304
1061485 1061503
1061963 1062001
1062439 1062460
1062829 1062897
1063298 1063342
1063592 1063592
1063687 1063766
1063767 1063856
1063864 1063918
1064018 1064019
1064287 1064304
1064615 1064791
1065030 1065107
1065306 1065324
1065635 1065665
1065668 1065693
1066049 1066051
1066267 1066301
1066795 1066813
1067286 1067304
1067420 1067614
1067866 1067967
1068380 1068417
1068608 1068616
1068715 1068833
1069061 1069170
1069639 1069702
1070092 1070169
1070351 1070425
1070601 1070612
1070630 1070750
1071109 1071170
1071440 1071557
1071657 1071668
1071974 1071976
1071987 1072180
1072352 1072467
1072493 1072516
1072845 1072938
1073149 1073176
1073213 1073319
1073451 1073654
1073790 1073797
1073813 1073822
1074040 1074051
1074118 1074147
1074611 1074722
1074801 1074820
1075129 1075283
1075622 1075659
1075850 1075864
1075903 1075929
1075976 1076009
1076049 1076075
1076416 1076435
1076598 1076599
1076629 1076640
1076870 1077054
1077299 1077449
1077900 1077903
1078392 1078539
1078559 1078605
1079045 1079075
1079521 1079528
1079913 1080015
1080239 1080368
1080393 1080513
1080863 1080911
1080918 1080922
1081314 1081371
1081593 1081626
1081652 1081662
1081762 1081763
1081892 1081927
1082157 1082213
1082408 1082591
1082997 1083123
1083347 1083393
1083430 1083511
1083822 1083850
1083990 1084063
1084285 1084377
1084855 1084925
1084968 1085034
1085266 1085270
1085434 1085468
1085901 1085928
1086039 1086133
1086517 1086536
1086897 1086926
1087331 1087387
1087478 1087513
1087565 1087656
1088077 1088184
1088619 1088691
1088770 1088803
1088809 1088871
1088950 1088974
1089186 1089230
1089608 1089610
1089654 1089661
1089956 1089957
1090305 1090309
1090338 1090373
1090467 1090510
1090603 1090674
1090906 1091036
1091128 1091150
1091591 1091665
1091890 1091916
1092159 1092190
1092329 1092342
1092625 1092725
1093135 1093250
1093266 1093283
1093704 1093755
1093981 1094057
1094086 1094105
1094541 1094554
1094690 1094718
1095121 1095191
1095609 1095741
1095917 1095964
1095980 1096080
1096569 1096618
1096824 1096867
1097130 1097133
1097202 1097247
1097636 1097734
1098014 1098150
1098544 1098631
1098871 1098966
1099202 1099215
1099479 1099608
1100082 1100131
1100527 1100663
1100785 1100792
1101109 1101110
1101344 1101387
1101626 1101732
1101764 1101893
1102080 1102080
1102473 1102529
1102565 1102584
1102820 1102831
1102988 1103115
1103502 1103522
1103891 1103949
1104135 1104186
1104499 1104578
1104911 1105018
1105237 1105238
1105479 1105613
1105645 1105772
1105795 1105853
1106146 1106219
1106499 1106510
1106945 1107033
1107301 1107389
1107427 1107703
1108130 1108203
1108577 1108627
1108932 1108946
1109185 1109185
1109355 1109370
1109697 1109729
1109977 1109994
1110252 1110312
1110762 1110824
1111001 1111015
1111313 1111343
1111462 1111480
1111794 1111814
1112163 1112176
1112631 1112656
1112820 1112822
1113052 1113090
1113174 1113184
1113222 1113283
1113636 1113727
1113904 1113925
1114420 1114493
1114503 1114539
1114633 1114650
1114997 1115233
1115533 1115572
1115905 1115933
1116422 1116468
1116668 1116683
1116999 1117050
1117525 1117662
1118112 1118135
1118475 1118499
1118874 1118908
1119266 1119312
1119552 1119582
1119748 1119753
1119975 1119990
1120211 1120281
1120619 1120627
1120751 1120760
1120976 1121054
1121447 1121488
1121618 1121676
1121833 1121871
1121886 1121941
1122032 1122058
1122293 1122315
1122374 1122392
1122563 1122611
1122885 1122922
1123412 1123439
1123878 1123880
1124208 1124292
1124759 1124821
1124999 1125026
1125504 1125535
1126034 1126067
1126547 1126550
1126851 1126886
1126978 1127048
1127451 1127502
1127697 1127814
1128223 1128225
1128400 1128414
1128483 1128557
1128812 1128833
1129113 1129154
1129616 1129673
1130126 1130140
1130576 1130651
1130810 1130822
1131038 1131063
1131314 1131355
1131806 1131845
1132204 1132234
1132402 1132413
1132831 1132861
1133287 1133289
1133325 1133383
1133820 1133873
1134103 1134105
1134576 1134590
1134764 1134822
1135297 1135325
1135371 1135434
1135779 1135809
1136061 1136078
1136093 1136119
1136486 1136527
1136915 1136920
1137047 1137067
1137563 1137569
1137611 1137645
1138128 1138162
1138458 1138486
1138961 1139000
1139036 1139102
1139540 1139565
1140008 1140011
1140288 1140310
1140480 1140525
1140916 1140919
1141101 1141306
1141565 1141591
1141634 1141636
1141873 1141928
1142248 1142303
1142438 1142536
1142778 1142779
1143215 1143224
1143657 1143668
1144148 1144165
1144455 1144483
1144848 1144868
1145353 1145380
1145545 1145577
1145677 1145735
1145882 1145927
1146374 1146433
1146534 1146591
1146936 1147003
1147475 1147497
1147734 1147818
1148212 1148217
1148700 1148701
1149014 1149021
1149482 1149492
1149556 1149695
1149783 1149857
1150227 1150292
1150407 1150486
1150864 1150915
1151104 1151162
1151443 1151796
1152055 1152090
1152474 1152624
1152689 1152773
1153264 1153315
1153538 1153580
1153799 1153800
1153916 1153954
1154117 1154117
1154232 1154261
1154727 1154781
1154783 1154840
1154874 1154896
1154920 1154928
1155369 1155428
1155897 1155902
1156401 1156405
1156505 1156520
1156639 1156740
1156881 1157008
1157203 1157206
1157449 1157473
1157917 1157958
1158017 1158102
1158376 1158407
1158685 1158778
1158873 1158891
1159004 1159054
1159212 1159228
1159603 1159605
1159795 1159795
1159866 1159882
1160289 1160378
1160647 1160853
1161266 1161314
1161390 1161394
1161603 1161659
1161713 1161717
1161794 1161887
1161983 1162016
1162055 1162109
1162540 1162557
1162798 1162835
1163269 1163270
1163490 1163675
1163974 1164003
1164427 1164449
1164886 1164929
1165360 1165384
1165646 1165721
1165845 1165900
1166026 1166041
1166069 1166087
1166221 1166261
1166736 1166755
1167254 1167284
1167471 1167482
1167723 1167734
1167968 1168020
1168098 1168099
1168457 1168483
1168660 1168686
1169005 1169135
1169208 1169262
1169313 1169346
1169585 1169630
1170103 1170122
1170190 1170204
1170540 1170628
1171038 1171055
1171391 1171395
1171823 1171859
1172356 1172599
1172740 1172825
1172868 1172887
1173231 1173275
1173301 1173307
1173637 1173661
1173829 1173838
1174234 1174243
1174493 1174507
1174764 1174894
1175199 1175228
1175612 1175617
1175762 1175966
1175971 1176062
1176105 1176140
1176300 1176373
1176655 1176656
1176991 1177004
1177063 1177099
1177143 1177143
1177376 1177384
1177392 1177420
1177691 1177747
1177922 1177924
1178422 1178469
1178556 1178649
1178955 1179024
1179193 1179207
1179259 1179271
1179517 1179568
1179957 1179981
1180386 1180403
1180895 1180927
1181301 1181341
1181500 1181558
1181884 1182056
1182368 1182400
1182843 1182865
1183353 1183436
1183709 1183730
1184032 1184178
1184501 1184593
1184950 1185018
1185020 1185046
1185510 1185545
1186031 1186058
1186537 1186634
1186833 1186859
1187223 1187245
1187605 1187609
1187664 1187685
1187782 1187892
1188071 1188141
1188372 1188464
1188892 1188956
1188982 1189027
1189512 1189529
1189657 1189670
1189727 1189783
1190279 1190296
1190393 1190427
1190583 1190621
1191020 1191063
1191232 1191319
1191587 1191590
1191849 1191897
1192330 1192344
1192535 1192556
1192660 1192691
1192783 1192821
1192847 1192851
1193148 1193177
1193491 1193805
1194008 1194014
1194158 1194186
1194437 1194510
1194932 1194985
1195292 1195296
1195314 1195436
1195682 1195694
1195929 1196053
1196235 1196242
1196719 1196763
1197168 1197179
1197609 1197645
1197878 1197987
1198372 1198392
1198750 1198815
1199190 1199195
1199255 1199333
1199563 1199602
1199787 1199811
1200276 1200304
1200779 1200814
1200969 1201069
1201482 1201533
1201740 1201801
1201848 1201869
1202045 1202076
1202313 1202337
1202673 1202703
1202866 1202932
1203195 1203196
1203406 1203460
1203730 1203811
1203987 1204022
1204127 1204133
1204274 1204339
1204617 1204621
1204936 1204977
1205333 1205341
1205687 1205690
1205783 1205799
1206162 1206181
1206663 1206689
1206740 1206759
1207081 1207128
1207193 1207239
1207595 1207598
1207930 1207958
1208434 1208508
1208871 1208899
1208932 1208939
1209175 1209212
1209523 1209538
1209753 1209773
1210194 1210207
1210364 1210460
1210617 1210644
1210834 1210838
1211263 1211264
1211473 1211493
1211661 1211695
1211959 1212076
1212276 1212287
1212567 1212593
1213054 1213056
1213191 1213208
1213449 1213453
1213687 1213793
1214146 1214170
1214497 1214551
1214782 1214831
1214890 1214991
1215261 1215300
1215490 1215506
1215749 1215878
1215900 1215913
1216196 1216263
1216473 1216531
1216596 1216634
1216672 1216710
1216878 1216885
1217363 1217401
1217435 1217497
1217790 1217894
1217996 1218175
1218235 1218264
1218266 1218266
1218307 1218307
1218379 1218543
1218682 1218746
1219217 1219344
1219817 1219838
1219850 1219886
1220289 1220327
1220673 1220708
1221201 1221216
1221263 1221289
1221322 1221340
1221755 1221775
1221927 1221949
1222428 1222430
1222774 1222809
1222970 1223016
1223245 1223269
1223522 1223531
1223785 1223798
1224137 1224148
1224161 1224184
1224199 1224210
1224303 1224316
1224460 1224462
1224652 1224725
1225058 1225097
1225519 1225564
1225995 1226082
1226308 1226327
1226382 1226407
1226517 1226726
1226862 1226903
1227086 1227120
1227283 1227309
1227496 1227573
1227897 1227914
1228238 1228336
1228830 1228830
1229282 1229359
1229766 1229780
1229920 1229947
1230168 1230199
1230487 1230514
1230650 1230678
1230934 1231036
1231261 1231279
1231416 1231564
1232056 1232100
1232590 1232612
1232684 1232684
1232994 1233017
1233075 1233075
1233455 1233504
1233865 1233946
1234276 1234279
1234618 1234660
1235070 1235104
1235259 1235335
1235705 1235780
1236164 1236176
1236339 1236417
1236730 1236787
1237108 1237115
1237116 1237170
1237335 1237346
1237512 1237515
1237542 1237603
1237735 1237756
1237802 1237907
1237926 1237932
1238322 1238328
1238347 1238396
1238878 1238901
1239139 1239143
1239383 1239435
1239619 1239633
1240122 1240148
1240478 1240496
1240786 1240804
1240950 1240959
1241440 1241507
1241619 1241650
1242083 1242124
1242267 1242304
1242658 1242681
1243165 1243190
1243667 1243697
1243941 1243958
1244276 1244283
1244668 1244668
1245009 1245069
1245336 1245395
1245505 1245510
1245964 1246011
1246232 1246313
1246362 1246380
1246584 1246630
1246895 1246953
1247415 1247442
1247678 1247685
1247707 1247737
1247767 1247780
1248123 1248130
1248599 1248644
1248810 1248815
1249020 1249061
1249283 1249388
1249540 1249558
1249805 1249813
1250051 1250116
1250270 1250296
1250660 1250682
1251001 1251001
1251029 1251029
1251437 1251481
1251884 1251994
1252155 1252171
1252548 1252588
1252706 1252725
1252956 1252963
1253182 1253200
1253592 1253663
1253803 1253901
1254380 1254386
1254428 1254513
1254771 1254795
1255116 1255167
1255228 1255229
1255330 1255399
1255598 1255599
1255801 1255816
1255902 1255929
1256049 1256056
1256251 1256266
1256669 1256669
1256819 1256868
1257301 1257306
1257714 1257726
1258094 1258120
1258168 1258279
1258714 1258722
1258797 1258829
1259063 1259081
1259348 1259352
1259576 1259645
1259896 1259951
1260333 1260357
1260689 1260749
1260881 1260930
1261236 1261238
1261732 1261787
1262107 1262185
1262271 1262292
1262699 1262732
1263139 1263139
1263427 1263465
1263716 1263824
1263992 1264175
1264455 1264489
1264788 1264819
1265010 1265063
1265453 1265454
1265946 1266058
1266320 1266392
1266400 1266402
1266692 1266816
1267091 1267133
1267453 1267677
1267813 1267833
1268068 1268075
1268256 1268300
1268474 1268486
1268621 1268692
1269057 1269069
1269189 1269303
1269652 1269698
1270164 1270182
1270194 1270270
1270614 1270810
1270943 1270961
1271097 1271119
1271541 1271549
1271646 1271665
1272135 1272337
1272734 1272740
1273176 1273278
1273693 1273709
1273993 1274071
1274190 1274191
1274503 1275001
1275207 1275255
1275555 1275573
1275883 1275969
1276256 1276391
1276723 1276754
1277014 1277030
1277205 1277242
1277693 1277718
1278100 1278113
1278498 1278521
1278745 1278821
1279070 1279239
1279398 1279455
1279595 1279605
1280044 1280145
1280240 1280314
1280447 1280505
1280538 1280652
1280726 1280754
1281064 1281126
1281406 1281538
1281784 1281863
1281953 1282115
1282289 1282292
1282526 1282553
1282592 1282614
1282688 1282691
1282963 1283096
1283522 1283551
1283628 1283744
1283847 1283894
1284355 1284373
1284502 1284528
1284683 1284696
1285151 1285305
1285401 1285443
1285701 1285892
1286071 1286141
1286194 1286289
1286599 1286622
1286855 1286886
1287194 1287252
1287741 1287874
1288326 1288400
1288732 1288735
1289120 1289198
1289251 1289281
1289608 1289623
1289717 1289865
1290038 1290041
1290206 1290213
1290266 1290330
1290806 1290821
1291310 1291334
1291698 1291730
1292048 1292127
1292420 1292436
1292829 1292895
1292898 1292995
1293460 1293492
1293936 1294020
1294449 1294547
1294715 1294804
1295299 1295335
1295398 1295422
1295759 1295764
1295990 1295990
1296141 1296241
1296709 1296807
1297074 1297094
1297163 1297188
1297685 1297773
1298000 1298023
1298095 1298105
1298116 1298124
1298438 1298555
1298572 1298685
1298803 1298811
1299160 1299244
1299682 1299839
1300192 1300267
1300693 1300701
1301058 1301157
1301592 1301634
1302118 1302195
1302671 1302688
1302863 1302903
1302967 1302983
1303270 1303288
1303628 1303650
1304020 1304036
1304457 1304466
1304625 1304626
1304740 1304758
1304774 1304796
1305034 1305037
1305467 1305504
1305956 1305986
1306436 1306453
1306703 1306709
1307120 1307146
1307369 1307370
1307495 1307589
1307999 1308019
1308504 1308555
1308566 1308585
1309075 1309107
1309391 1309432
1309478 1309548
1309587 1309607
1309861 1310106
1310565 1310675
1311018 1311019
1311367 1311381
1311545 1311629
1311664 1311664
1312118 1312121
1312379 1312394
1312884 1312918
1313032 1313078
1313559 1313579
1313933 1313999
1314219 1314235
1314496 1314608
1314609 1314612
1314718 1314726
1315138 1315154
1315330 1315348
1315701 1315767
1316103 1316185
1316683 1316729
1316807 1316809
1316850 1316917
1317416 1317521
1318006 1318007
1318148 1318190
1318532 1318547
1319031 1319141
1319195 1319213
1319645 1319657
1320118 1320217
1320311 1320320
1320596 1320603
1321044 1321052
1321481 1321525
1321783 1321821
1322283 1322424
1322558 1322588
1322920 1322985
1323469 1323584
1324073 1324076
1324345 1324388
1324458 1324532
1324805 1324841
1324910 1325013
1325031 1325152
1325161 1325171
1325289 1325312
1325678 1325691
1325922 1325924
1326141 1326148
1326419 1326488
1326822 1326835
1327317 1327362
1327491 1327523
1327751 1327803
1327994 1328093
1328202 1328237
1328347 1328382
1328432 1328502
1328579 1328648
1328938 1328989
1329337 1329348
1329767 1329767
1329887 1330014
1330334 1330336
1330436 1330469
1330955 1330960
1331244 1331290
1331747 1331763
1332221 1332289
1332440 1332448
1332632 1332768
1333057 1333155
1333466 1333565
1333796 1333987
1334192 1334260
1334720 1334747
1335191 1335251
1335328 1335399
1335541 1335563
1335640 1335645
1335945 1336112
1336190 1336218
1336592 1336678
1336857 1336920
1337175 1337298
1337394 1337412
1337493 1337585
1337869 1337893
1338192 1338224
1338477 1338488
1338520 1338530
1338814 1338856
1339317 1339370
1339642 1339761
1340089 1340143
1340382 1340390
1340672 1340709
1341067 1341161
1341349 1341460
1341775 1341787
1342015 1342036
1342098 1342099
1342110 1342164
1342179 1342193
1342482 1342654
1342777 1342819
1343178 1343184
1343436 1343436
1343809 1343888
1344150 1344174
1344387 1344411
1344606 1344613
1344771 1344782
1345149 1345182
1345306 1345328
1345742 1345751
1346166 1346194
1346599 1346688
1347105 1347177
1347538 1347618
1347927 1347932
1348412 1348552
1348737 1348952
1349389 1349416
1349644 1349665
1349990 1350124
1350229 1350342
1350346 1350401
1350574 1350593
1350656 1350666
1351074 1351081
1351292 1351307
1351560 1351629
1352015 1352044
1352445 1352448
1352757 1352803
1353065 1353083
1353485 1353485
1353834 1353938
1354166 1354203
1354647 1354782
1354802 1354828
1355091 1355167
1355245 1355293
1355420 1355425
1355716 1355806
1356238 1356318
1356611 1356616
1356669 1356696
1357049 1357049
1357391 1357441
1357501 1357509
1357829 1357849
1358054 1358058
1358105 1358143
1358410 1358423
1358511 1358525
1358818 1358859
1358983 1358993
1359077 1359091
1359182 1359188
1359274 1359313
1359810 1359813
1360276 1360376
1360625 1360661
1361136 1361155
1361478 1361522
1361732 1361740
1362155 1362191
1362561 1362602
1362825 1362946
1363223 1363246
1363551 1363714
1364084 1364155
1364291 1364303
1364453 1364544
1365015 1365126
1365263 1365286
1365759 1365820
1366244 1366319
1366336 1366394
1366402 1366448
1366773 1366792
1366986 1367056
1367188 1367227
1367630 1367666
1367992 1367996
1368223 1368244
1368689 1368792
1369066 1369089
1369286 1369413
1369734 1369736
1369948 1369957
1370385 1370394
1370555 1370639
1370842 1371118
1371175 1371231
1371333 1371397
1371847 1371870
1372197 1372235
1372455 1372570
1373011 1373072
1373419 1373500
1373531 1373617
1373927 1373952
1374019 1374033
1374243 1374253
1374441 1374489
1374639 1374646
1374764 1374843
1375187 1375282
1375497 1375512
1375711 1375738
1375856 1375857
1375967 1376086
1376341 1376365
1376397 1376560
1376636 1376667
1377071 1377083
1377162 1377182
1377196 1377252
1377291 1377409
1377602 1377718
1378156 1378206
1378523 1378535
1378797 1378827
1379152 1379180
1379301 1379307
1379738 1379855
1380151 1380202
1380525 1380535
1380664 1380690
1381062 1381096
1381182 1381221
1381627 1381638
1381895 1381925
1382239 1382300
1382621 1382629
1383061 1383080
1383322 1383437
1383824 1383868
1383971 1384003
1384400 1384418
1384630 1384656
1384940 1385048
1385223 1385354
1385766 1385828
1386268 1386381
1386518 1386521
1386544 1386583
1387017 1387077
1387546 1387559
1387814 1387873
1388356 1388414
1388442 1388482
1388518 1388530
1388919 1388965
1389086 1389101
1389435 1389457
1389500 1389585
1389715 1389749
1390215 1390231
1390659 1390686
1391105 1391105
1391547 1391551
1391770 1391868
1392156 1392187
1392292 1392318
1392475 1392594
1392828 1392944
1393208 1393224
1393230 1393282
1393502 1393534
1393988 1394007
1394260 1394420
1394711 1394729
1394822 1394877
1394993 1395053
1395346 1395362
1395827 1395865
1395947 1395988
1396101 1396136
1396392 1396482
1396695 1396720
1397085 1397086
1397303 1397448
1397583 1397644
1397846 1397863
1398032 1398048
1398183 1398414
1398776 1398835
1399213 1399263
1399510 1399536
1399663 1399756
1400181 1400194
1400340 1400493
1400913 1401072
1401170 1401266
1401598 1401599
1401608 1401795
1401860 1401891
1402199 1402239
1402555 1402589
1402638 1402661
1403003 1403010
1403100 1403189
1403196 1403198
1403690 1403718
1403813 1403868
1404032 1404043
1404517 1404523
1404843 1404845
1405330 1405373
1405733 1405742
1405962 1405977
1406112 1406128
1406318 1406341
1406593 1406609
1406758 1406758
1406931 1406959
1407176 1407242
1407589 1407628
1407978 1407992
1408167 1408263
1408540 1408550
1408893 1408931
1409202 1409220
1409716 1409717
1410051 1410077
1410280 1410469
1410854 1410900
1411155 1411285
1411625 1411700
1412122 1412201
1412523 1412576
1412735 1412738
1412866 1412876
1412933 1413001
1413326 1413376
1413729 1413835
1414313 1414336
1414457 1414521
1414745 1414759
1414831 1414882
1414926 1414937
1415067 1415071
1415543 1415695
1415752 1416029
1416246 1416277
1416540 1416561
1416973 1417031
1417435 1417465
1417684 1417751
1418184 1418252
1418641 1418667
1419071 1419111
1419205 1419287
1419630 1419637
1419924 1419972
1420287 1420372
1420566 1420678
1421012 1421035
1421244 1421245
1421290 1421373
1421599 1421645
1422123 1422129
1422483 1422489
1422546 1422622
1423004 1423031
1423201 1423368
1423539 1423559
1423917 1423925
1423932 1423947
1424085 1424314
1424573 1424574
1425024 1425039
1425428 1425484
1425836 1425844
1426204 1426312
1426533 1426661
1426734 1426751
1427245 1427367
1427834 1427838
1428232 1428244
1428546 1428549
1428712 1428715
1428727 1428735
1428800 1428897
1429375 1429400
1429548 1429566
1430060 1430073
1430498 1430527
1430542 1430615
1430711 1430747
1431078 1431148
1431418 1431420
1431607 1431612
1431838 1431892
1432286 1432288
1432404 1432476
1432946 1433057
1433186 1433294
1433734 1433763
1433939 1433985
1434145 1434158
1434300 1434346
1434748 1434758
1435201 1435205
1435427 1435433
1435629 1435664
1435694 1435820
1436294 1436318
1436500 1436504
1436892 1436913
1437175 1437178
1437383 1437462
1437950 1438040
1438193 1438254
1438577 1438606
1439046 1439065
1439459 1439557
1439626 1439760
1439934 1439961
1440253 1440271
1440565 1440593
1440810 1440815
1440901 1440919
1441085 1441099
1441129 1441155
1441484 1441496
1441772 1441774
1442019 1442236
1442566 1442597
1442759 1442783
1442866 1442960
1443414 1443422
1443603 1443621
1444021 1444062
1444512 1444647
1444716 1444750
1445010 1445194
1445553 1445605
1445960 1445997
1446323 1446527
1446754 1446787
1447282 1447308
1447427 1447447
1447697 1447711
1448131 1448150
1448348 1448388
1448678 1448827
1448869 1448990
1449444 1449456
1449884 1449980
1450202 1450239
1450655 1450693
1450859 1450883
1451022 1451061
1451521 1451644
1452082 1452105
1452127 1452289
1452605 1452607
1452670 1452730
1452969 1452975
1453407 1453422
1453429 1453467
1453497 1453590
1453682 1453694
1454156 1454173
1454416 1454432
1454714 1454797
1455149 1455208
1455692 1455704
1455707 1455739
1456224 1456363
1456395 1456396
1456427 1456456
1456917 1456950
1457082 1457088
1457298 1457333
1457517 1457523
1457617 1457641
1457699 1457702
1457999 1457999
1458095 1458148
1458559 1458580
1458920 1458937
1459203 1459295
1459448 1459512
1459709 1459726
1459832 1459851
1459930 1459939
1460298 1460301
1460329 1460364
1460738 1460778
1461032 1461117
1461603 1461609
1461808 1461814
1461819 1461844
1462328 1462331
1462399 1462419
1462483 1462545
1462752 1462778
1462817 1462949
1463349 1463353
1463387 1463458
1463625 1463654
1463660 1463685
1463704 1463732
1463934 1463964
1464242 1464269
1464740 1464768
1464835 1464838
1465147 1465192
1465456 1465481
1465922 1466010
1466498 1466580
1466653 1466711
1467085 1467164
1467290 1467360
1467366 1467397
1467731 1467773
1467872 1467886
1467942 1468020
1468029 1468033
1468138 1468156
1468489 1468554
1468952 1468992
1469147 1469243
1469279 1469440
1469502 1469504
1469523 1469592
1470064 1470153
1470571 1470651
1470933 1470986
1471157 1471159
1471351 1471420
1471828 1471897
1472130 1472133
1472269 1472275
1472422 1472456
1472741 1472798
1472853 1472874
1473074 1473165
1473471 1473511
1473770 1473868
1474086 1474115
1474597 1474648
1474729 1474741
1474991 1475027
1475222 1475224
1475476 1475490
1475723 1475744
1475751 1475767
1475893 1476092
1476287 1476295
1476311 1476328
1476571 1476625
1476880 1476898
1477285 1477293
1477325 1477368
1477440 1477473
1477843 1477936
1478048 1478118
1478537 1478541
1478835 1478846
1479164 1479234
1479241 1479296
1479502 1479526
1480002 1480076
1480220 1480262
1480692 1480712
1481119 1481149
1481435 1481445
1481834 1481871
1482218 1482243
1482269 1482341
1482555 1482591
1483087 1483106
1483110 1483165
1483546 1483572
1483950 1484013
1484103 1484124
1484338 1484387
1484658 1484670
1484776 1484878
1485312 1485329
1485620 1485758
1485770 1485784
1486047 1486063
1486533 1486608
1486976 1486993
1487058 1487118
1487196 1487266
1487323 1487325
1487638 1487701
1487998 1488020
1488347 1488347
1488552 1488573
1489006 1489052
1489338 1489420
1489602 1489606
1489892 1489900
1490229 1490249
1490354 1490359
1490637 1490743
1490883 1490913
1491044 1491102
