408 487
740 747
794 796
1166 1221
1403 1455
1511 1515
1979 2062
2518 2609
2726 2806
2986 3018
3446 3526
4008 4075
4483 4503
4779 4795
4923 4943
5378 5413
5498 5549
5618 5686
5918 5927
6003 6005
6500 6554
6857 6910
7054 7118
7429 7513
7904 7977
8431 8515
8684 8689
8864 8936
9064 9116
9421 9436
9882 9887
10105 10129
10552 10617
10667 10732
10805 10869
11237 11305
11732 11741
11769 11867
12340 12380
12462 12541
12859 12881
13039 13109
13167 13219
13389 13436
13926 13986
14207 14211
14636 14663
15140 15197
15351 15378
15477 15542
15825 15874
16113 16130
16445 16478
16826 16893
16967 17011
17368 17448
17812 17859
17874 17882
18275 18369
18708 18744
19144 19212
19219 19265
19304 19307
19653 19659
19667 19733
20011 20047
20292 20350
20819 20827
21164 21200
21201 21274
21596 21686
21820 21864
22015 22105
22263 22348
22626 22644
22683 22704
22857 22929
23252 23346
23602 23681
23884 23953
24099 24122
24365 24395
24560 24590
24666 24701
25086 25112
25401 25453
25569 25635
25732 25827
25961 26003
26313 26341
26430 26431
26665 26743
27037 27066
27275 27291
27722 27771
27799 27801
28255 28275
28370 28417
28432 28490
28590 28625
29009 29061
29356 29446
29745 29761
30066 30149
30551 30581
30769 30859
30881 30944
30995 31013
31173 31233
31645 31729
32049 32111
32397 32451
32871 32922
32982 33035
33244 33323
33740 33823
33910 34003
34198 34271
34405 34441
34806 34822
35272 35365
35793 35847
36327 36333
36392 36405
36443 36466
36674 36769
36995 37030
37453 37473
37733 37830
38309 38341
38448 38523
38825 38827
38954 38983
39194 39284
39682 39706
39828 39836
40067 40068
40355 40376
40430 40517
41002 41063
41350 41449
41528 41581
41941 41952
42080 42139
42309 42342
42769 42798
43005 43098
43207 43217
43372 43384
43589 43661
44106 44136
44321 44339
44605 44702
44800 44899
45340 45427
45654 45681
45895 45901
45998 46056
46293 46389
46503 46551
46888 46943
47378 47462
47958 47986
48372 48464
48664 48748
49229 49271
49708 49770
50120 50203
50676 50732
51165 51226
51335 51366
51385 51449
51810 51811
52004 52041
52242 52318
52708 52779
52846 52889
53306 53327
53388 53399
53621 53669
53906 53995
54341 54435
54914 54980
55144 55171
55248 55277
55590 55625
55661 55693
56058 56083
56373 56411
56753 56765
57081 57139
57465 57550
57833 57913
58061 58067
58189 58251
58572 58636
58947 59041
59373 59378
59549 59630
59770 59865
60348 60351
60543 60557
60614 60690
60815 60888
61145 61241
61500 61548
61745 61812
61821 61880
62252 62350
62848 62901
63132 63141
63555 63607
64088 64104
64379 64463
64611 64684
64865 64910
64959 64990
65094 65185
65545 65555
66016 66097
66488 66578
66625 66655
66707 66754
67061 67145
67368 67376
67691 67739
67801 67895
68185 68202
68683 68713
68776 68862
68901 68930
69069 69072
69345 69413
69894 69934
70184 70208
70408 70453
70770 70814
70955 71035
71207 71276
71773 71853
71995 72016
72173 72178
72420 72424
72623 72643
72709 72733
73221 73232
73467 73543
73962 74001
74487 74507
74858 74951
75061 75141
75628 75682
75782 75853
76235 76319
76563 76608
76695 76788
77273 77290
77515 77607
77832 77921
78355 78446
78889 78975
79000 79004
79339 79355
79742 79836
79897 79982
80170 80190
80315 80377
80802 80818
80979 81020
81220 81308
81399 81461
81637 81728
82160 82248
82686 82754
82839 82874
83133 83143
83255 83325
83710 83767
83945 83989
84450 84545
84991 85008
85223 85236
85542 85590
85811 85872
85900 85944
86438 86503
86649 86677
87166 87233
87714 87764
87974 88005
88157 88187
88195 88205
88698 88742
88883 88887
89274 89327
89729 89751
90072 90078
90505 90536
90928 90993
91151 91198
91352 91382
91617 91618
91990 92039
92255 92278
92756 92849
93089 93110
93504 93603
94057 94084
94181 94190
94434 94524
94642 94691
95185 95187
95549 95571
95887 95944
96244 96335
96774 96871
97223 97301
97400 97416
97699 97723
97844 97872
98027 98040
98084 98178
98501 98517
98776 98871
99126 99139
99273 99302
99636 99637
100020 100028
100310 100360
100386 100400
100898 100938
101431 101433
101817 101834
102238 102327
102579 102642
102896 102914
103320 103339
103578 103659
104008 104083
104377 104448
104706 104788
104981 105045
105532 105578
105868 105908
105941 105999
106391 106478
106552 106642
106694 106708
107139 107207
107523 107609
107695 107760
107846 107848
107900 107914
108239 108320
108671 108764
108823 108873
109199 109213
109537 109543
109783 109829
110123 110149
110578 110632
110877 110889
110921 111013
111464 111510
111553 111610
111900 111956
112005 112068
112240 112290
112480 112555
112868 112939
113227 113324
113691 113752
114055 114094
114333 114404
114484 114528
114550 114557
114773 114845
114850 114908
114924 114950
115147 115173
115241 115280
115474 115543
115822 115831
116185 116260
116454 116468
116551 116620
116645 116704
117064 117126
117279 117309
117759 117782
118046 118105
118139 118227
118668 118676
118989 119082
119208 119223
119338 119375
119560 119658
119989 120081
120345 120422
120763 120780
121076 121095
121555 121615
122043 122122
122131 122179
122366 122427
122820 122915
123171 123188
123644 123736
123774 123812
124090 124095
124311 124322
124429 124528
124553 124630
124845 124860
125097 125131
125239 125273
125410 125429
125877 125914
126005 126063
126103 126104
126156 126195
126318 126342
126543 126583
126994 127056
127372 127399
127785 127882
128198 128220
128450 128462
128522 128580
128898 128964
129187 129277
129726 129738
130174 130253
130387 130485
130584 130629
130857 130921
131314 131383
131580 131606
131675 131735
131875 131946
132260 132279
132466 132510
132918 132981
133268 133313
133588 133678
133870 133906
134315 134394
134446 134500
134524 134570
134764 134853
134931 135016
135331 135366
135522 135528
135667 135701
135761 135852
136215 136288
136725 136821
137062 137130
137515 137552
137858 137872
138196 138285
138545 138638
139040 139120
139179 139243
139407 139452
139795 139876
140242 140253
140498 140520
140773 140871
140926 140997
141014 141067
141553 141634
141989 142087
142136 142216
142425 142448
142907 142952
143267 143294
143516 143598
143988 144001
144385 144408
144656 144743
144865 144890
144917 144941
145030 145074
145373 145457
145735 145759
146069 146124
146608 146617
147042 147102
147431 147453
147698 147737
147974 148001
148289 148362
148761 148793
148882 148933
149176 149266
149356 149362
149765 149838
150132 150206
150264 150313
150707 150791
151230 151251
151435 151494
151742 151813
151978 152000
152022 152067
152193 152275
152605 152692
152983 153070
153385 153398
153436 153516
153677 153749
153967 154063
154113 154125
154612 154624
154751 154805
155091 155130
155201 155219
155307 155316
155685 155754
155805 155851
155910 155916
156077 156150
156376 156450
156922 156925
157048 157076
157142 157209
157260 157353
157582 157594
157824 157834
158112 158127
158473 158533
158914 158955
158985 159061
159090 159135
159477 159491
159671 159685
160062 160157
160181 160253
160734 160773
161030 161073
161324 161370
161386 161465
161907 161913
162134 162157
162445 162529
162850 162908
163391 163428
163572 163633
163974 164021
164438 164506
164683 164697
164926 164968
165406 165460
165692 165702
165770 165859
166230 166280
166663 166671
166708 166772
166877 166960
167149 167214
167271 167344
167469 167474
167874 167906
168269 168278
168457 168474
168822 168912
169037 169104
169148 169217
169357 169452
169680 169758
170150 170163
170370 170404
170614 170681
170913 170997
171413 171502
171971 171972
172318 172387
172775 172840
173282 173311
173428 173519
173967 174004
174095 174156
174382 174472
174503 174596
175039 175103
175369 175452
175687 175761
175949 175987
176413 176491
176965 177004
177194 177284
177650 177726
177911 177916
178180 178234
178297 178315
178774 178831
179105 179121
179614 179646
179970 179985
180380 180412
180448 180451
180480 180492
180633 180658
180726 180744
181012 181040
181318 181400
181625 181671
182014 182041
182388 182441
182864 182917
183301 183399
183791 183824
184130 184184
184217 184273
184657 184679
184924 184976
185004 185063
185229 185296
185318 185354
185688 185751
186028 186057
186132 186174
186413 186484
186927 186934
187086 187095
187380 187450
187933 188019
188095 188173
188334 188378
188764 188841
189179 189228
189722 189739
189896 189908
190099 190137
190476 190530
190627 190696
191144 191181
191550 191616
191670 191744
191941 191952
192296 192349
192689 192787
192953 193042
193530 193572
193763 193844
194123 194136
194431 194481
194882 194913
195161 195171
195322 195360
195534 195554
195938 196011
196229 196319
196358 196419
196437 196529
196986 197038
197125 197174
197587 197630
198007 198008
198252 198266
198512 198522
198614 198712
198888 198986
199221 199307
199489 199551
199671 199701
200089 200163
200272 200284
200352 200424
200705 200723
201108 201112
201542 201626
201788 201857
202257 202303
202779 202871
202880 202906
202911 202997
203470 203534
203740 203774
203794 203824
204096 204152
204487 204509
204734 204782
205014 205073
205192 205263
205678 205704
206118 206204
206253 206292
206488 206549
206824 206838
207178 207261
207596 207638
207835 207880
207943 208020
208080 208123
208497 208574
208742 208826
208917 208934
209143 209150
209503 209517
209862 209957
210415 210420
210841 210904
211304 211356
211521 211580
211672 211739
212169 212236
212300 212332
212687 212735
212959 213057
213380 213431
213506 213566
213961 214050
214301 214393
214739 214822
214925 214942
215122 215164
215615 215697
216006 216091
216538 216610
216684 216706
216709 216726
216942 217041
217164 217187
217516 217599
218080 218134
218221 218313
218559 218587
218930 219016
219027 219042
219442 219486
219628 219711
220149 220198
220330 220341
220352 220423
220829 220875
221118 221164
221518 221586
221731 221749
222049 222117
222428 222526
222809 222878
223017 223037
223432 223453
223630 223647
223892 223960
224013 224061
224428 224518
224756 224848
225319 225385
225798 225812
225840 225929
226030 226110
226576 226648
226718 226747
226796 226843
227327 227342
227492 227578
228058 228076
228250 228298
228782 228785
229088 229139
229413 229436
229741 229805
230146 230208
230529 230573
230933 231030
231416 231457
231684 231746
231875 231893
231948 231975
232154 232188
232352 232393
232743 232790
233091 233150
233593 233638
234053 234135
234360 234426
234554 234563
234913 234995
235295 235382
235699 235721
236112 236115
236498 236597
236698 236728
236819 236875
237075 237085
237092 237109
237417 237454
237692 237733
238161 238218
238504 238560
239056 239059
239326 239390
239574 239616
239978 240044
240490 240537
240625 240630
241022 241068
241187 241241
241678 241765
242174 242271
242540 242619
243049 243062
243422 243506
243736 243822
244278 244294
244489 244557
244577 244597
245056 245099
245503 245550
245866 245933
246352 246389
246854 246907
247206 247222
247718 247726
248212 248215
248703 248757
249172 249227
249355 249381
249426 249432
249766 249828
249983 250016
250482 250529
250553 250634
250908 250964
251085 251118
251507 251556
251564 251627
251738 251825
252253 252312
252670 252729
252749 252753
253088 253143
253398 253432
253912 253966
254231 254270
254479 254504
254524 254603
254793 254880
255347 255416
255532 255614
255997 256080
256194 256214
256368 256411
256648 256669
257155 257180
257230 257298
257372 257428
257465 257496
257728 257740
257844 257854
258342 258353
258470 258528
258763 258836
259206 259280
259298 259338
259530 259604
260015 260077
260425 260513
260653 260736
260951 261043
261274 261307
261592 261681
261900 261970
262138 262179
262660 262736
262825 262894
263233 263286
263691 263776
264132 264188
264528 264541
264560 264640
264776 264847
265267 265332
265796 265838
265953 265958
266256 266287
266363 266422
266595 266681
267137 267235
267601 267692
268131 268187
268560 268611
268614 268626
268639 268659
269063 269078
269392 269458
269780 269873
270145 270204
270471 270537
270635 270676
270820 270871
271161 271245
271720 271786
271876 271908
272274 272304
272452 272496
272783 272843
272951 272980
273431 273528
273567 273659
273951 273985
274460 274483
274908 274970
275396 275448
275908 276005
276262 276325
276548 276587
276594 276671
276849 276938
277154 277174
277502 277592
277695 277782
278265 278281
278506 278576
279043 279060
279380 279447
279586 279591
280054 280107
280403 280472
280825 280844
280911 280992
281208 281234
281627 281683
282031 282112
282528 282594
282601 282667
282755 282762
282834 282864
283206 283241
283381 283465
283701 283761
284109 284111
284441 284446
284513 284528
284586 284663
285071 285111
285234 285321
285657 285724
286161 286194
286220 286305
286746 286810
286925 287012
287433 287504
287528 287625
287717 287759
287845 287878
288162 288183
288441 288500
288970 289009
289251 289255
289663 289706
289842 289924
290281 290343
290562 290659
290703 290760
291118 291209
291524 291622
291836 291891
292077 292099
292523 292615
292913 293009
293329 293422
293816 293846
293908 293990
294263 294291
294561 294591
295000 295039
295262 295357
295616 295714
296066 296113
296575 296585
296653 296691
297076 297164
297225 297257
297598 297599
298046 298088
298287 298307
298795 298817
298845 298871
298914 298927
299369 299403
299867 299879
300263 300348
300509 300594
300734 300806
300809 300884
300960 300988
301117 301200
301366 301416
301542 301596
302030 302036
302234 302246
302718 302796
302947 302957
303324 303419
303476 303554
303638 303673
304064 304087
304447 304474
304476 304567
305052 305138
305186 305204
305251 305273
305369 305432
305850 305907
306035 306122
306132 306228
306676 306712
307074 307105
307130 307221
307268 307344
307738 307787
308086 308155
308594 308652
309009 309046
309053 309081
309184 309238
309264 309283
309426 309467
309504 309573
309979 310028
310471 310491
310958 310973
311371 311431
311904 311925
312264 312279
312349 312378
312841 312859
313334 313391
313890 313910
314402 314461
314528 314604
314901 314945
315410 315426
315541 315624
315848 315900
316350 316358
316827 316831
317231 317323
317706 317765
318028 318110
318510 318520
318594 318613
318901 318935
319204 319227
319324 319347
319519 319578
319781 319870
319932 319950
320407 320413
320898 320942
321119 321179
321207 321295
321722 321776
321937 321975
322191 322248
322607 322679
323101 323125
323336 323349
323556 323601
323883 323932
324002 324053
324353 324423
324773 324804
325123 325179
325364 325421
325445 325534
325545 325631
326042 326108
326276 326337
326499 326575
326862 326881
327079 327080
327116 327206
327606 327704
327850 327926
328412 328489
328832 328891
328954 329031
329468 329471
329635 329719
329932 329947
330268 330282
330341 330390
330844 330917
330980 331012
331160 331244
331687 331768
331945 331959
332292 332353
332716 332767
332967 333028
333178 333234
333557 333583
333981 334033
334209 334241
334599 334653
334774 334785
335068 335122
335452 335501
335802 335835
335880 335932
336237 336268
336552 336644
337046 337135
337408 337475
337505 337594
337993 338022
338448 338510
338748 338810
338901 338979
339205 339267
339709 339785
339973 340009
340157 340249
340558 340619
340764 340855
341139 341211
341307 341377
341553 341620
341882 341906
342034 342102
342497 342572
342811 342839
343195 343278
343706 343781
343908 343928
344206 344274
344286 344355
344486 344529
344873 344965
344970 345045
345217 345298
345486 345500
345652 345721
345739 345769
345950 346045
346084 346162
346235 346317
346407 346472
346620 346718
347084 347124
347133 347212
347619 347647
348024 348095
348288 348365
348757 348797
349243 349288
349773 349836
349875 349920
350385 350422
350444 350464
350841 350859
351351 351442
351833 351851
351952 351978
352319 352354
352591 352639
352945 352948
352992 352999
353273 353326
353705 353730
354193 354210
354463 354556
354849 354930
355194 355218
355538 355570
356028 356042
356431 356498
356823 356859
357099 357198
357639 357712
358210 358223
358337 358349
358837 358880
359315 359366
359656 359683
359979 359981
360183 360202
360354 360391
360661 360758
360766 360791
361231 361254
361461 361519
361687 361696
362173 362212
362256 362295
362323 362396
362453 362540
362575 362673
362886 362888
363249 363286
363525 363612
363739 363829
363982 364042
364436 364502
364530 364567
364772 364832
364989 365082
365246 365309
365520 365600
365705 365726
366111 366155
366308 366358
366850 366934
367140 367236
367635 367671
367845 367855
368060 368114
368210 368234
368236 368296
368568 368624
368680 368696
369012 369095
369327 369381
369656 369680
369960 370023
370171 370258
370384 370410
370778 370841
371187 371262
371427 371526
371863 371894
372391 372405
372478 372535
372583 372663
373007 373098
373252 373326
373639 373726
374067 374085
374106 374144
374321 374382
374713 374777
374863 374899
375279 375342
375559 375592
376028 376062
376098 376196
376542 376615
376620 376669
376686 376712
376823 376900
377359 377386
377573 377580
377855 377877
378170 378259
378391 378462
378928 379003
379093 379135
379549 379553
379833 379917
380205 380258
380495 380556
380941 381038
381439 381474
381729 381793
381998 382003
382159 382207
382259 382280
382292 382302
382373 382446
382492 382586
382974 383056
383341 383365
383571 383638
384090 384146
384289 384311
384777 384811
384858 384885
385009 385094
385572 385669
385803 385880
385883 385904
385972 386069
386282 386296
386702 386730
387090 387116
387292 387336
387604 387642
387777 387806
387866 387951
388340 388430
388751 388811
388920 388947
389201 389225
389450 389455
389476 389515
389861 389877
390371 390381
390382 390457
390718 390740
391186 391233
391373 391420
391460 391525
391975 392072
392506 392602
392757 392840
393025 393108
393461 393478
393634 393732
393753 393816
394187 394240
394400 394469
394931 395005
395050 395081
395433 395495
395876 395962
396359 396381
396406 396420
396488 396501
396880 396955
397343 397409
397745 397837
398077 398079
398300 398385
398430 398454
398545 398605
398710 398797
399009 399019
399094 399145
399427 399501
399959 399975
400132 400134
400150 400220
400322 400400
400695 400702
401023 401060
401285 401306
401450 401537
401679 401696
402018 402029
402391 402431
402899 402931
403243 403257
403459 403463
403516 403546
403940 404011
404117 404192
404403 404407
404530 404537
404540 404584
404925 404967
405213 405235
405346 405437
405762 405824
406061 406109
406283 406348
406543 406564
406977 407016
407353 407385
407551 407573
407846 407884
408109 408187
408604 408670
408982 409041
409112 409168
409283 409344
409712 409751
409865 409903
410069 410100
410180 410225
410634 410637
411113 411130
411162 411179
411204 411213
411519 411600
411615 411706
411845 411920
412348 412424
412653 412729
412916 412927
413229 413317
413482 413557
413859 413868
413880 413905
413987 414071
414139 414160
414652 414748
414987 415059
415358 415377
415642 415646
415716 415767
416016 416036
416468 416483
416509 416580
416776 416875
416959 416972
417247 417271
417485 417511
417536 417554
417881 417946
418005 418073
418526 418537
418841 418886
418901 418930
419221 419257
419426 419435
419762 419849
420012 420094
420216 420242
420685 420741
421124 421128
421418 421458
421465 421522
421576 421658
421889 421957
422282 422339
422618 422713
423116 423162
423605 423606
423781 423794
424200 424276
424679 424775
424904 424937
425308 425357
425632 425653
425783 425845
426205 426232
426380 426461
426621 426633
426636 426710
427087 427149
427464 427502
427630 427644
427930 427940
428212 428272
428736 428803
428817 428820
429041 429109
429549 429583
429874 429890
430166 430208
430363 430431
430672 430756
431191 431202
431677 431690
432171 432212
432347 432401
432429 432442
432884 432885
432948 432999
433120 433185
433559 433621
433993 434009
434037 434057
434206 434218
434606 434695
434891 434939
435236 435315
435375 435434
435767 435796
436130 436221
436267 436312
436604 436642
436670 436750
437146 437170
437223 437289
437628 437668
438095 438179
438185 438280
438721 438792
438799 438835
438860 438907
439296 439305
439800 439831
440105 440175
440219 440274
440634 440697
440732 440812
441140 441235
441402 441482
441517 441612
442073 442102
442480 442556
442829 442888
443017 443115
443374 443462
443748 443844
444306 444396
444851 444862
445236 445265
445622 445624
446115 446206
446654 446725
446921 447008
447112 447134
447519 447614
447642 447708
447820 447856
448285 448351
448819 448821
449291 449319
449722 449798
449971 450068
450316 450385
450435 450481
450885 450979
451433 451494
451508 451566
451948 452022
452260 452348
452825 452879
453001 453014
453077 453126
453334 453392
453395 453405
453875 453910
454089 454187
454502 454553
454832 454877
455217 455256
455666 455675
455692 455731
456025 456121
456214 456288
456512 456532
456885 456953
457045 457065
457131 457135
457423 457470
457942 457990
458476 458561
458566 458610
458829 458887
458982 459029
459438 459487
459647 459677
460080 460116
460487 460534
460846 460865
461220 461317
461792 461830
462219 462236
462416 462441
462770 462791
462848 462931
463058 463152
463311 463378
463622 463705
463716 463780
464021 464095
464186 464263
464475 464528
464841 464939
464944 464947
464982 465021
465436 465519
465937 465948
465999 466021
466077 466122
466489 466574
466911 466976
467303 467318
467429 467464
467912 467974
468414 468475
468892 468910
469359 469399
469884 469944
470191 470279
470377 470451
470742 470798
471184 471244
471694 471784
472094 472152
472387 472427
472787 472794
472879 472908
473229 473230
473580 473666
473718 473791
474066 474085
474248 474298
474329 474368
474788 474829
474875 474890
474922 475005
475428 475518
475862 475917
476090 476179
476523 476580
477039 477045
477229 477322
477630 477645
477973 478035
478398 478483
478695 478775
478864 478868
479179 479266
479465 479479
479508 479567
479767 479803
480085 480161
480643 480730
481137 481145
481153 481183
481378 481441
481728 481764
481994 482045
482256 482286
482326 482415
482760 482857
483164 483251
483697 483731
484133 484189
484507 484540
484592 484653
484829 484862
485259 485292
485300 485345
485479 485550
485717 485812
486289 486381
486827 486850
487050 487108
487167 487170
487292 487368
487514 487543
487997 488049
488120 488140
488503 488585
488931 488971
489262 489327
489580 489637
489646 489716
489973 490054
490192 490217
490429 490494
490826 490846
490974 491020
491080 491106
491502 491586
491826 491896
492090 492151
492583 492611
492828 492844
492907 492963
493276 493290
493513 493566
493894 493991
494200 494293
494529 494593
495069 495157
495254 495317
495639 495689
496182 496187
496344 496406
496868 496880
497211 497289
497672 497704
497896 497944
498069 498164
498437 498500
498890 498902
499270 499292
499757 499797
500118 500150
500393 500492
500956 500973
501458 501481
501730 501808
502251 502310
502469 502490
502842 502918
503034 503038
503376 503472
503857 503865
504269 504274
504458 504486
504505 504568
504612 504660
505100 505168
505621 505699
506145 506243
506629 506643
506949 506984
507209 507254
507526 507560
507994 508067
508408 508499
508882 508952
509143 509220
509388 509483
509640 509671
509952 510015
510213 510266
510572 510607
510853 510863
511332 511397
511685 511763
512096 512123
512247 512261
512319 512395
512546 512602
512701 512795
512850 512900
513002 513098
513220 513279
513402 513454
513748 513793
514189 514212
514461 514493
514876 514968
515194 515246
515438 515444
515589 515590
515797 515893
516294 516379
516534 516628
517066 517099
517257 517304
517538 517615
517687 517781
518101 518195
518412 518466
518467 518480
518921 519020
519478 519549
519734 519794
520025 520105
520514 520569
520726 520735
520944 520970
521267 521317
521429 521435
521472 521495
521552 521569
521943 521985
522207 522273
522531 522630
523001 523048
523214 523238
523694 523697
523915 523952
524223 524235
524296 524331
524611 524708
525101 525190
525470 525505
525924 525969
526037 526064
526316 526345
526497 526526
527009 527014
527278 527282
527370 527448
527686 527764
528064 528088
528237 528282
528407 528413
528548 528606
528749 528825
529115 529161
529483 529520
529859 529934
530391 530490
530639 530650
531098 531114
531144 531153
531359 531426
531576 531674
531811 531823
532204 532300
532618 532708
532789 532866
533109 533176
533303 533336
533744 533765
533882 533889
534135 534208
534276 534368
534519 534548
534824 534912
535012 535037
535398 535479
535808 535864
536204 536243
536653 536657
536680 536692
537072 537145
537608 537643
537740 537780
537851 537922
538305 538325
538480 538501
538846 538858
538996 539074
539406 539432
539859 539863
540147 540190
540223 540286
540484 540554
540708 540767
541214 541306
541422 541443
541706 541735
542107 542155
542549 542550
542885 542904
542936 542985
543225 543273
543293 543320
543369 543464
543470 543521
543964 544004
544355 544439
544568 544663
545128 545226
545526 545571
545985 546018
546318 546408
546426 546517
546987 547034
547438 547476
547480 547571
547867 547915
548132 548146
548523 548526
548967 549040
549050 549086
549307 549351
549762 549768
549957 549999
550225 550246
550639 550693
550895 550956
551153 551168
551346 551381
551829 551887
552167 552204
552421 552459
552587 552649
552832 552882
553007 553070
553281 553294
553331 553420
553649 553681
553869 553929
553933 553960
554427 554487
554938 554946
555192 555263
555397 555488
555966 556060
556197 556270
556341 556372
556657 556659
556877 556906
556998 557092
557356 557379
557809 557822
558008 558056
558401 558404
558590 558615
558632 558650
559032 559111
559499 559546
559682 559729
559952 559976
560061 560078
560289 560370
560824 560855
561313 561363
561490 561581
562075 562085
562177 562196
562645 562661
562993 563040
563053 563130
563267 563364
563381 563463
563716 563764
564015 564022
564107 564185
564242 564275
564583 564672
564747 564800
565012 565014
565121 565128
565613 565692
565743 565755
566114 566191
566194 566268
566621 566683
567018 567035
567055 567088
567533 567630
567958 568047
568240 568311
568387 568462
568734 568784
568812 568904
569046 569128
569617 569634
569733 569784
569986 570031
570512 570562
570702 570746
571136 571169
571178 571234
571587 571623
572094 572193
572498 572539
572705 572712
573064 573081
573257 573267
573498 573560
573852 573891
574071 574130
574512 574575
575055 575131
575617 575666
575688 575712
575733 575761
576059 576147
576526 576552
576929 576973
577445 577457
577938 577968
578297 578347
578425 578456
578660 578706
578871 578960
579094 579148
579543 579561
579778 579842
579879 579933
580295 580332
580402 580431
580839 580910
581349 581426
581680 581682
581822 581855
581977 581999
582056 582151
582402 582484
582784 582806
583147 583226
583526 583541
583786 583846
584202 584212
584649 584722
584795 584802
584926 584972
585275 585343
585396 585417
585464 585516
585945 586013
586392 586456
586692 586776
587005 587037
587249 587325
587464 587537
587669 587676
587803 587842
588241 588292
588661 588710
589209 589298
589779 589846
590214 590239
590338 590397
590881 590944
591235 591307
591440 591505
591688 591717
591771 591840
592002 592005
592102 592107
592405 592421
592794 592872
593141 593199
593465 593547
593823 593876
593910 593956
594066 594086
594437 594521
594940 595033
595195 595262
595495 595499
595532 595600
595790 595857
596112 596160
596614 596708
597025 597069
597283 597319
597562 597638
598004 598058
598132 598153
598531 598628
599098 599171
599550 599606
599816 599851
599906 599972
600278 600321
600421 600434
600660 600759
600925 600976
601169 601211
601491 601589
601806 601854
602311 602346
602729 602773
602966 603035
603426 603502
603531 603546
603821 603853
603972 603987
604340 604346
604726 604798
605059 605117
605147 605198
605559 605626
605756 605764
605979 605992
606138 606161
606586 606659
607138 607183
607254 607305
607607 607660
608034 608086
608584 608629
608987 608992
609009 609018
609251 609263
609583 609630
609650 609749
610211 610244
610500 610579
610675 610733
611174 611177
611242 611248
611544 611597
612059 612120
612210 612252
612311 612395
612692 612768
612883 612966
613143 613186
613583 613627
613734 613793
614193 614200
614695 614793
615014 615041
615127 615224
615281 615351
615423 615427
615440 615501
615966 615995
616216 616294
616427 616485
616829 616883
617214 617248
617603 617694
617764 617815
618283 618313
618796 618831
619264 619277
619628 619687
619963 620055
620344 620412
620839 620914
621048 621074
621373 621469
621823 621919
622127 622173
622625 622708
622866 622949
623266 623294
623791 623813
624163 624180
624476 624510
624651 624695
625161 625170
625414 625443
625661 625716
626036 626064
626377 626384
626873 626876
627060 627075
627301 627396
627606 627633
627708 627795
628270 628289
628623 628654
628902 628936
629160 629259
629650 629727
629752 629778
629795 629887
630162 630228
630358 630411
630464 630562
630965 631009
631501 631555
631956 631959
631983 632015
632370 632392
632796 632850
632878 632960
633302 633325
633342 633358
633771 633865
633886 633927
634245 634276
634704 634746
635153 635203
635690 635731
635955 636000
636221 636311
636347 636440
636467 636485
636622 636627
637006 637103
637412 637427
637439 637488
637639 637732
638165 638195
638212 638275
638372 638411
638586 638614
638998 639061
639414 639441
639665 639745
640136 640197
640246 640302
640379 640419
640544 640580
641039 641060
641102 641164
641209 641228
641635 641731
641758 641832
642238 642254
642625 642632
642652 642674
642885 642901
643161 643172
643283 643326
643460 643546
643916 643937
644007 644013
644282 644361
644843 644856
645069 645085
645165 645168
645581 645668
645914 645923
646038 646080
646278 646300
646752 646792
647272 647360
647618 647687
647844 647882
648209 648306
648709 648797
648938 648995
649339 649426
649764 649769
650190 650194
650353 650447
650740 650749
651214 651292
651624 651633
652113 652205
652590 652640
652955 652982
653275 653287
653404 653469
653883 653959
654069 654103
654140 654162
654631 654679
654834 654878
654879 654965
655000 655080
655395 655404
655757 655799
656294 656297
656628 656667
656981 656982
657258 657328
657748 657788
658155 658216
658437 658536
658940 658995
659282 659323
659416 659479
659639 659690
659994 660082
660403 660422
660506 660520
660875 660887
661113 661146
661598 661610
661650 661731
661799 661825
662303 662339
662500 662503
662647 662723
663208 663259
663427 663498
663947 663966
664439 664532
665030 665067
665328 665347
665551 665575
665750 665771
666107 666165
666293 666345
666706 666721
666753 666761
667216 667226
667324 667329
667671 667765
667863 667929
668023 668059
668169 668231
668615 668647
669085 669115
669347 669381
669656 669672
669997 670004
670443 670511
670833 670886
671245 671285
671315 671372
671744 671765
672021 672035
672266 672288
672431 672467
672901 672948
673419 673455
673491 673555
673958 674039
674468 674567
674725 674804
675187 675280
675421 675450
675535 675624
676074 676076
676088 676100
676400 676431
676901 677000
677067 677088
677413 677493
677583 677620
678117 678174
678364 678410
678683 678724
679127 679161
679467 679533
679932 680025
680424 680480
680640 680672
680801 680871
681300 681394
681516 681542
681669 681694
682005 682007
682028 682043
682072 682083
682225 682276
682714 682785
682902 682912
683053 683077
683186 683202
683605 683623
683989 684016
684150 684189
684190 684255
684373 684415
684786 684861
685022 685098
685378 685406
685507 685573
685924 685963
686218 686299
686437 686462
686778 686852
687033 687056
687222 687302
687311 687338
687727 687729
687731 687808
688106 688160
688430 688432
688631 688682
688746 688833
689139 689174
689620 689691
689801 689806
690158 690230
690424 690483
690622 690629
690684 690691
691034 691086
691508 691541
692015 692051
692422 692478
692880 692923
693072 693158
693217 693273
693582 693666
694036 694113
694530 694551
695032 695128
695190 695224
695374 695472
695500 695548
696043 696130
696559 696598
696845 696899
697282 697354
697588 697652
698015 698074
698275 698343
698680 698731
698806 698879
699292 699362
699497 699556
699743 699761
700254 700269
700610 700665
700898 700981
701047 701106
701466 701561
702011 702037
702122 702179
702587 702597
702830 702872
702909 702975
703252 703314
703613 703619
703698 703738
703999 704056
704538 704608
704883 704933
705106 705182
705521 705579
705993 706056
706116 706181
706299 706333
706557 706637
706825 706924
706928 706945
707078 707131
707562 707608
707773 707820
708164 708208
708386 708473
708835 708876
709178 709253
709608 709646
709915 710004
710473 710561
710864 710884
711183 711218
711373 711415
711519 711543
711829 711913
712265 712299
712354 712409
712743 712840
713157 713249
713617 713694
714021 714076
714413 714512
714635 714664
715062 715143
715253 715262
715551 715569
715573 715620
715775 715790
715855 715918
716349 716377
716497 716576
717012 717049
717346 717376
717804 717823
718048 718053
718353 718404
718709 718731
719075 719086
719108 719165
719486 719520
719670 719707
719735 719745
720152 720239
720709 720727
721003 721020
721458 721499
721594 721654
721657 721753
721878 721957
722424 722430
722648 722656
722896 722931
723211 723282
723474 723484
723603 723686
723807 723855
723972 724063
724149 724182
724545 724570
724704 724776
724862 724919
724984 725064
725073 725138
725317 725385
725645 725681
725740 725754
726231 726239
726405 726484
726777 726785
726794 726812
726999 727019
727027 727039
727052 727101
727223 727298
727761 727795
728181 728245
728384 728478
728728 728806
728889 728943
729415 729421
729783 729813
730290 730351
730362 730456
730575 730641
730777 730779
731198 731253
731262 731293
731689 731708
732164 732242
732729 732758
732918 732940
733169 733230
733573 733666
734123 734154
734642 734710
735184 735243
735255 735348
735837 735878
736121 736203
736539 736568
736879 736885
737355 737419
737842 737892
738373 738398
738557 738647
739044 739124
739571 739654
740074 740082
740301 740344
740628 740645
741049 741142
741389 741466
741482 741553
741908 741953
742347 742392
742682 742754
742803 742837
743258 743347
743641 743670
743680 743702
743806 743885
743935 744019
744044 744083
744111 744210
744402 744495
744545 744635
745036 745045
745325 745372
745683 745781
746234 746292
746398 746445
746899 746966
747455 747489
747804 747882
748232 748323
748342 748416
748836 748927
749290 749318
749765 749832
749944 750000
750466 750476
750495 750561
750974 751029
751170 751191
751600 751639
751901 751930
752074 752157
752633 752720
752801 752890
752909 753008
753115 753157
753593 753606
753788 753874
754085 754129
754539 754604
754891 754974
755334 755351
755437 755470
755854 755945
756433 756464
756674 756700
756885 756913
756955 757052
757212 757308
757350 757374
757579 757642
758106 758160
758505 758522
758873 758932
759230 759273
759770 759860
759987 760049
760504 760592
760922 760990
761353 761426
761510 761541
761986 762059
762527 762607
763080 763173
763234 763247
763573 763649
763990 764040
764060 764111
764479 764514
764897 764940
765316 765404
765769 765852
766101 766111
766572 766607
766879 766905
767377 767441
767709 767728
767922 768001
768014 768106
768191 768272
768678 768690
769137 769161
769647 769728
770082 770148
770419 770495
770602 770654
770986 771014
771105 771122
771449 771491
771505 771534
771873 771910
772055 772120
772419 772499
772720 772750
773113 773122
773343 773344
773414 773432
773925 773967
773989 774071
774095 774152
774356 774374
774400 774422
774919 774990
775328 775377
775652 775728
776067 776118
776339 776394
776479 776520
776752 776766
777137 777187
777401 777427
777654 777685
777750 777846
778138 778228
778686 778767
779022 779069
779550 779624
779954 780042
780178 780213
780432 780462
780951 781041
781427 781475
781497 781565
781800 781870
782036 782094
782166 782217
782463 782535
782869 782914
782931 782947
783001 783007
783464 783519
783712 783723
783947 783957
783995 784084
784545 784595
785037 785101
785114 785213
785593 785633
785667 785717
785965 786022
786056 786101
786104 786164
786506 786525
786566 786586
786942 787010
787350 787427
787893 787948
788052 788116
788153 788252
788435 788489
788634 788719
789015 789106
789548 789599
789860 789891
790019 790055
790401 790442
790663 790745
790758 790779
791223 791236
791268 791356
791778 791795
792057 792073
792151 792167
792466 792550
792626 792684
792706 792713
792930 792990
793064 793145
793569 793623
793917 793986
794347 794417
794576 794625
795053 795091
795188 795205
795678 795733
796192 796231
796297 796352
796643 796689
797032 797075
797544 797633
797781 797844
798062 798145
798261 798307
798591 798605
798969 799011
799370 799445
799743 799758
800186 800247
800692 800761
800879 800925
801111 801183
801293 801334
801719 801776
802111 802153
802453 802486
802638 802727
803167 803205
803267 803297
803534 803594
803797 803800
803957 804000
804404 804468
804665 804734
805111 805173
805651 805728
805800 805815
806082 806145
806380 806414
806864 806923
806988 807038
807510 807587
808066 808130
808135 808163
808645 808719
808823 808842
808927 808956
809159 809216
809620 809719
809826 809868
810082 810092
810327 810380
810515 810543
810659 810718
811056 811090
811301 811309
811686 811771
812248 812257
812531 812622
812984 812987
813141 813200
813562 813593
813820 813914
814175 814274
814452 814483
814845 814895
815384 815427
815689 815704
816000 816045
816089 816170
816209 816292
816615 816648
816829 816832
816835 816851
816910 816987
817141 817223
817261 817299
817408 817421
817744 817832
818083 818085
818253 818292
818537 818572
818707 818775
818880 818909
819193 819254
819316 819380
819714 819740
819983 820080
820113 820166
820442 820458
820789 820792
821277 821364
821646 821686
822018 822089
822326 822414
822739 822765
823169 823186
823221 823271
823644 823660
824010 824071
824463 824518
824687 824783
824863 824877
825222 825306
825541 825567
826048 826064
826342 826355
826808 826888
826889 826976
827206 827296
827649 827696
828011 828019
828171 828195
828575 828582
828859 828870
829006 829080
829298 829354
829802 829812
830089 830149
830532 830607
830879 830964
831300 831309
831385 831419
831850 831898
832030 832108
832314 832380
832689 832714
832804 832899
833037 833068
833475 833550
834021 834050
834349 834436
834669 834683
834770 834794
835290 835346
835436 835521
835959 836040
836494 836531
836817 836914
837016 837073
837284 837343
837644 837690
838033 838080
838534 838571
838990 839074
839129 839150
839518 839552
839966 840016
840284 840364
840698 840784
840793 840884
841000 841008
841130 841165
841176 841198
841583 841607
841669 841756
841849 841853
841975 841991
842143 842205
842222 842299
842330 842416
842620 842673
843124 843160
843245 843329
843564 843594
843697 843733
843807 843870
844210 844308
844477 844540
844883 844916
845297 845311
845722 845758
845914 845980
846137 846220
846506 846586
847074 847145
847441 847476
847752 847776
847902 847912
848130 848149
848405 848435
848916 848947
849014 849089
849119 849175
849297 849329
849359 849438
849764 849827
849993 850026
850094 850179
850242 850252
850352 850394
850698 850699
851128 851129
851582 851583
851660 851673
851970 851971
852138 852226
852578 852621
852646 852677
852780 852853
853116 853175
853385 853448
853567 853650
854116 854180
854346 854423
854797 854834
855332 855348
855523 855570
855685 855731
856090 856161
856607 856659
856782 856867
856910 856951
857130 857191
857274 857348
857630 857706
858039 858042
858235 858310
858628 858706
859041 859088
859180 859258
859389 859452
859949 859980
860024 860063
860169 860249
860520 860544
860937 861030
861507 861593
861597 861658
861877 861918
861939 861994
862043 862058
862067 862109
862363 862376
862613 862672
862772 862791
862833 862850
863028 863075
863113 863134
863158 863247
863681 863728
864193 864213
864415 864434
864544 864608
864747 864750
865142 865196
865411 865479
865666 865677
865753 865824
865909 865925
865953 865962
866402 866438
866833 866926
867303 867359
867794 867817
867930 867996
868430 868474
868914 868963
869364 869372
869428 869436
869586 869603
870008 870102
870416 870474
870724 870774
871050 871072
871287 871362
871557 871587
871967 872048
872089 872120
872508 872551
872946 872993
873461 873512
873989 874030
874201 874225
874437 874446
874806 874832
874840 874908
875066 875082
875418 875442
875549 875602
875802 875897
876098 876189
876291 876361
876571 876580
876906 877004
877056 877091
877494 877503
877961 877974
878270 878275
878348 878365
878625 878690
879039 879110
879171 879210
879313 879318
879676 879727
879804 879864
880310 880375
880511 880610
880813 880846
881209 881301
881380 881469
881837 881898
882265 882335
882541 882588
883014 883062
883429 883515
883627 883648
883834 883904
884329 884428
884926 884941
885413 885422
885429 885441
885681 885728
886166 886184
886658 886681
887081 887106
887200 887263
887634 887705
888063 888151
888407 888480
888499 888579
888594 888618
888636 888637
888848 888930
889302 889308
889389 889447
889863 889939
889995 890069
890264 890310
890714 890796
891065 891073
891427 891484
891753 891823
892068 892122
892251 892326
892410 892432
892465 892553
892759 892770
892895 892948
893231 893300
893645 893695
893817 893832
894120 894164
894587 894615
894796 894803
895230 895290
895454 895479
895721 895789
896132 896215
896354 896404
896491 896507
896612 896665
897110 897145
897304 897350
897694 897768
898025 898119
898489 898490
898557 898609
898619 898690
898816 898840
898872 898967
899247 899263
899519 899613
899647 899729
899783 899794
900079 900108
900287 900320
900337 900390
900708 900789
901023 901110
901418 901494
901686 901699
902004 902027
902342 902376
902624 902705
903066 903161
903447 903522
903652 903673
904119 904153
904465 904515
904625 904644
904730 904763
904895 904987
905410 905473
905843 905903
906052 906107
906605 906660
906819 906894
907196 907274
907442 907469
907953 907955
908269 908348
908378 908404
908857 908918
909115 909136
909355 909425
909877 909941
910045 910124
910397 910477
910935 911020
911477 911496
911816 911844
912110 912158
912439 912452
912793 912818
913247 913296
913555 913598
913819 913884
914350 914422
914772 914807
915197 915228
915527 915567
915906 915979
916015 916063
916266 916314
916543 916566
916604 916694
916807 916861
917290 917384
917423 917435
917758 917814
918221 918249
918627 918640
918783 918811
919216 919265
919353 919397
919753 919829
920100 920125
920224 920275
920378 920403
920660 920715
920933 920938
921161 921240
921655 921732
921860 921916
922144 922226
922389 922482
922865 922915
922943 923003
923206 923261
923343 923384
923673 923724
923923 923942
924210 924220
924672 924681
924875 924896
925248 925339
925410 925470
925925 925974
926020 926092
926273 926336
926588 926649
926692 926701
927012 927086
927208 927299
927621 927622
927848 927880
928225 928307
928466 928527
928908 928953
929307 929331
929521 929551
929798 929891
930296 930327
930478 930480
930832 930927
931083 931087
931108 931127
931266 931322
931331 931413
931799 931869
932127 932162
932405 932448
932697 932743
932921 932968
933209 933226
933535 933550
933849 933934
933982 934065
934222 934235
934707 934774
934900 934975
935184 935211
935567 935598
935985 936067
936360 936446
936827 936865
937257 937273
937590 937644
937984 938041
938047 938111
938585 938648
938664 938714
939053 939110
939189 939204
939410 939456
939585 939666
939699 939767
939990 940008
940077 940094
940240 940252
940293 940361
940632 940687
940853 940859
940946 941027
941037 941048
941372 941433
941877 941884
942209 942277
942650 942736
942978 943010
943126 943186
943460 943501
943763 943828
943975 943986
944417 944484
944485 944554
944764 944770
944891 944972
945354 945444
945669 945734
945839 945895
946171 946197
946241 946311
946613 946649
946893 946924
947234 947294
947374 947386
947666 947731
947845 947885
947887 947895
947935 947951
948324 948420
948529 948546
948906 949000
949334 949362
949655 949690
949982 950062
950456 950535
950632 950704
951003 951084
951174 951215
951590 951623
951663 951686
951828 951834
952016 952033
952377 952434
952896 952925
953102 953142
953357 953395
953773 953780
953976 954004
954484 954539
954976 955046
955273 955296
955625 955694
956189 956229
956312 956355
956513 956536
956546 956598
956776 956809
956902 956922
957370 957432
957452 957465
957474 957550
957747 957784
958229 958247
958290 958388
958782 958859
959187 959223
959538 959632
960108 960157
960230 960261
960535 960596
960780 960849
960917 960934
961150 961247
961569 961647
962009 962034
962257 962283
962461 962485
962904 962975
963411 963498
963539 963585
963783 963871
964075 964131
964165 964175
964580 964670
964780 964864
965029 965083
965455 965527
965833 965873
966191 966261
966645 966686
966966 967022
967518 967586
967610 967691
967970 968015
968139 968184
968650 968746
968776 968825
969295 969318
969345 969410
969423 969427
969802 969896
970353 970381
970595 970661
970763 970769
971155 971245
971580 971655
972032 972099
972157 972208
972388 972452
972726 972813
972879 972967
973184 973214
973282 973372
973709 973786
974069 974091
974402 974454
974506 974515
974541 974621
974810 974873
975249 975288
975473 975507
975593 975605
975991 976004
976387 976476
976934 977016
977440 977487
977961 978013
978468 978512
978957 979051
979453 979510
979788 979870
979927 979955
980291 980355
980530 980586
980641 980668
980901 980954
981188 981239
981252 981331
981372 981439
981876 981943
982051 982066
982084 982118
982551 982575
982882 982936
983323 983357
983493 983519
983588 983619
984045 984144
984458 984488
984782 984873
984924 984946
985293 985315
985774 985857
986259 986304
986305 986380
986478 986577
986775 986850
987058 987146
987513 987538
987757 987845
987904 987931
988125 988152
988347 988364
988486 988488
988854 988887
989117 989211
989516 989522
989628 989715
990168 990189
990266 990282
990490 990587
990959 990980
991305 991352
991523 991609
991715 991754
991862 991947
991984 992034
992528 992598
992924 992947
993131 993189
993573 993610
993897 993931
994002 994017
994213 994252
994498 994522
995005 995024
995422 995458
995748 995821
996023 996036
996110 996163
996296 996321
996726 996750
997113 997185
997503 997505
997843 997861
998194 998234
998330 998344
998671 998732
998747 998824
998840 998928
999375 999453
999518 999560
1000039 1000138
1000202 1000249
1000361 1000382
1000464 1000496
1000754 1000778
1000900 1000958
1001127 1001215
1001347 1001420
1001800 1001841
1002225 1002253
1002668 1002720
1002998 1003078
1003450 1003535
1003933 1004030
1004078 1004118
1004164 1004180
1004242 1004325
1004547 1004564
1004706 1004758
1004974 1004989
1005173 1005238
1005443 1005538
1005745 1005839
1005914 1005928
1006348 1006390
1006811 1006813
1006863 1006890
1007158 1007184
1007418 1007488
1007778 1007788
1008198 1008204
1008561 1008606
1008699 1008724
1008880 1008962
1009037 1009105
1009590 1009674
1010094 1010161
1010503 1010528
1010762 1010825
1011240 1011279
1011648 1011703
1011999 1012019
1012213 1012222
1012515 1012575
1013025 1013051
1013353 1013400
1013453 1013543
1013892 1013990
1014057 1014131
1014553 1014556
1014598 1014661
1015034 1015110
1015458 1015460
1015823 1015868
1015888 1015980
1016218 1016312
1016746 1016770
1017244 1017291
1017743 1017841
1018213 1018299
1018780 1018810
1019137 1019155
1019200 1019271
1019440 1019481
1019574 1019592
1020065 1020158
1020299 1020350
1020664 1020736
1021071 1021146
1021414 1021485
1021898 1021960
1022265 1022316
1022438 1022476
1022693 1022768
1023253 1023318
1023628 1023662
1024122 1024186
1024575 1024647
1025129 1025178
1025352 1025412
1025529 1025535
1025710 1025742
1026083 1026120
1026443 1026506
1026865 1026905
1026951 1027001
1027423 1027520
1027795 1027845
1028165 1028186
1028307 1028353
1028803 1028885
1029328 1029362
1029579 1029662
1029705 1029796
1030038 1030085
1030530 1030593
1030861 1030947
1031243 1031320
1031811 1031862
1032231 1032282
1032467 1032510
1032564 1032632
1032647 1032731
1032793 1032843
1033232 1033243
1033315 1033319
1033586 1033671
1034006 1034052
1034196 1034257
1034741 1034770
1034800 1034855
1034999 1035086
1035445 1035503
1035920 1035947
1036036 1036088
1036285 1036372
1036628 1036658
1037037 1037070
1037180 1037197
1037619 1037657
1038038 1038118
1038596 1038600
1038893 1038902
1039255 1039295
1039644 1039726
1039727 1039761
1040236 1040242
1040490 1040550
1041029 1041099
1041288 1041380
1041528 1041600
1042048 1042103
1042308 1042315
1042614 1042652
1042859 1042930
1043032 1043041
1043450 1043521
1043998 1044040
1044258 1044313
1044463 1044472
1044544 1044641
1044821 1044879
1045297 1045350
1045445 1045447
1045656 1045731
1046160 1046205
1046294 1046326
1046545 1046552
1047019 1047024
1047181 1047236
1047565 1047637
1047878 1047912
1048047 1048112
1048173 1048243
1048570 1048665
1048980 1049024
1049091 1049130
1049327 1049393
1049879 1049957
1050184 1050238
1050567 1050619
1051086 1051136
1051628 1051723
1052091 1052133
1052549 1052579
1053072 1053103
1053205 1053297
1053437 1053470
1053727 1053802
1053978 1054071
1054194 1054251
1054404 1054408
1054497 1054568
1054826 1054882
1055002 1055056
1055388 1055472
1055490 1055505
1055715 1055731
1056047 1056089
1056264 1056293
1056676 1056761
1057003 1057087
1057277 1057283
1057582 1057587
1057699 1057791
1058158 1058234
1058253 1058296
1058298 1058393
1058818 1058896
1059133 1059142
1059478 1059552
1059957 1060035
1060297 1060356
1060781 1060827
1061117 1061168
1061434 1061477
1061803 1061819
1062305 1062311
1062678 1062680
1062803 1062822
1063096 1063176
1063288 1063386
1063747 1063840
1064189 1064245
1064281 1064372
1064778 1064806
1065087 1065104
1065133 1065156
1065355 1065429
1065891 1065916
1066359 1066428
1066685 1066782
1067019 1067095
1067171 1067199
1067471 1067472
1067877 1067899
1068156 1068204
1068526 1068575
1068705 1068741
1068979 1069078
1069203 1069214
1069589 1069629
1069912 1069982
1070013 1070023
1070456 1070461
1070839 1070916
1071044 1071050
1071279 1071356
1071651 1071744
1072164 1072225
1072472 1072503
1072608 1072673
1072945 1072982
1073371 1073416
1073491 1073590
1073950 1073968
1074455 1074549
1074989 1075035
1075081 1075096
1075553 1075589
1075728 1075801
1076296 1076299
1076636 1076670
1076918 1076920
1077290 1077389
1077876 1077957
1077986 1078012
1078273 1078359
1078555 1078598
1078602 1078608
1078779 1078780
1078979 1079042
1079220 1079239
1079413 1079469
1079696 1079767
1079803 1079860
1079934 1080030
1080115 1080132
1080594 1080617
1081043 1081137
1081596 1081600
1081700 1081706
1081967 1081989
1082333 1082351
1082830 1082840
1083204 1083247
1083428 1083464
1083577 1083660
1084144 1084161
1084654 1084693
1084814 1084884
1085114 1085170
1085306 1085383
1085384 1085451
1085897 1085908
1085968 1086039
1086479 1086523
1086582 1086673
1086733 1086737
1087191 1087220
1087573 1087622
1088071 1088121
1088213 1088284
1088379 1088437
1088584 1088677
1088812 1088887
1089064 1089138
1089176 1089273
1089330 1089425
1089646 1089710
1089749 1089810
1089903 1089946
1090064 1090095
1090223 1090257
1090349 1090435
1090800 1090883
1091074 1091113
1091185 1091197
1091312 1091354
1091576 1091606
1091906 1091932
1092238 1092272
1092392 1092398
1092783 1092861
1093263 1093295
1093739 1093740
1093983 1094022
1094409 1094490
1094515 1094612
1095033 1095043
1095096 1095187
1095277 1095303
1095701 1095741
1095750 1095841
1096112 1096150
1096353 1096368
1096681 1096733
1097188 1097275
1097658 1097689
1097768 1097866
1098100 1098175
1098211 1098258
1098649 1098743
1098894 1098988
1098993 1099002
1099272 1099354
1099389 1099481
1099536 1099597
1100005 1100099
1100169 1100215
1100674 1100686
1100753 1100778
1101064 1101066
1101331 1101374
1101664 1101756
1102004 1102059
1102126 1102129
1102379 1102450
1102626 1102666
1103143 1103165
1103533 1103599
1103661 1103757
1104103 1104171
1104291 1104329
1104452 1104495
1104965 1105027
1105207 1105223
1105303 1105388
1105670 1105704
1106011 1106019
1106382 1106388
1106470 1106472
1106868 1106913
1107052 1107094
1107535 1107611
1107631 1107669
1107699 1107748
1108186 1108243
1108366 1108408
1108793 1108824
1109235 1109248
1109258 1109356
1109742 1109795
1110129 1110140
1110299 1110301
1110644 1110695
1111112 1111161
1111575 1111599
1111853 1111863
1112096 1112190
1112645 1112653
1112902 1112989
1113261 1113270
1113443 1113534
1113993 1114001
1114172 1114194
1114301 1114378
1114386 1114431
1114492 1114574
1114771 1114776
1115039 1115075
1115228 1115259
1115654 1115719
1115738 1115745
1115902 1115951
1116231 1116272
1116513 1116520
1116938 1117007
1117356 1117386
1117832 1117883
1118290 1118385
1118585 1118611
1118916 1119009
1119409 1119418
1119422 1119476
1119506 1119605
1119706 1119788
1120014 1120074
1120350 1120407
1120746 1120836
1120982 1121013
1121096 1121167
1121285 1121310
1121505 1121602
1121742 1121838
1122232 1122276
1122703 1122776
1123072 1123084
1123467 1123521
1123912 1123928
1123964 1123969
1124068 1124160
1124474 1124543
1124666 1124705
1124833 1124896
1125319 1125363
1125375 1125378
1125726 1125811
1126274 1126298
1126728 1126744
1127231 1127320
1127547 1127551
1127638 1127673
1127707 1127735
1128116 1128197
1128429 1128522
1128817 1128910
1129102 1129129
1129613 1129666
1129865 1129915
1130083 1130099
1130458 1130555
1130818 1130904
1131175 1131188
1131420 1131516
1131930 1131969
1132319 1132351
1132749 1132793
1133072 1133138
1133474 1133503
1133971 1133980
1134096 1134130
1134228 1134280
1134401 1134471
1134858 1134955
1135147 1135154
1135457 1135539
1135612 1135692
1135755 1135823
1136260 1136263
1136762 1136806
1137280 1137302
1137549 1137552
1137995 1138007
1138175 1138196
1138517 1138569
1138803 1138895
1138958 1139005
1139022 1139070
1139420 1139503
1139962 1140043
1140323 1140351
1140730 1140826
1140862 1140930
1140997 1141094
1141324 1141332
1141415 1141507
1141979 1142033
1142470 1142551
1142831 1142915
1142978 1142980
1143386 1143410
1143841 1143874
1144135 1144206
1144679 1144732
1145226 1145293
1145362 1145428
1145754 1145773
1146038 1146135
1146143 1146169
1146565 1146602
1147088 1147160
1147525 1147563
1147650 1147710
1148101 1148190
1148481 1148484
1148716 1148736
1148989 1149014
1149283 1149317
1149403 1149423
1149778 1149839
1150026 1150108
1150167 1150212
1150244 1150312
1150525 1150584
1150793 1150806
1151057 1151102
1151273 1151363
1151525 1151554
1151968 1152016
1152160 1152186
1152481 1152566
1152967 1153021
1153278 1153308
1153433 1153488
1153604 1153640
1154097 1154188
1154514 1154613
1154883 1154933
1155137 1155210
1155531 1155606
1156083 1156120
1156483 1156517
1156596 1156686
1157060 1157156
1157555 1157638
1157688 1157754
1157838 1157855
1157942 1157982
1158027 1158118
1158142 1158206
1158264 1158337
1158379 1158470
1158837 1158896
1159266 1159314
1159605 1159631
1159752 1159753
1160138 1160193
1160441 1160446
1160612 1160690
1160935 1160962
1160997 1161087
1161264 1161338
1161418 1161442
1161531 1161566
1161849 1161937
1162021 1162109
1162253 1162279
1162303 1162354
1162664 1162762
1163187 1163230
1163404 1163417
1163551 1163637
1164093 1164145
1164364 1164420
1164762 1164778
1164788 1164883
1165210 1165279
1165650 1165737
1165819 1165859
1165892 1165909
1165933 1165948
1166296 1166361
1166559 1166604
1166998 1167062
1167151 1167156
1167634 1167665
1168045 1168093
1168277 1168338
1168574 1168612
1168812 1168871
1168970 1169001
1169178 1169266
1169395 1169406
1169699 1169768
1170154 1170185
1170535 1170542
1170667 1170746
1170796 1170800
1170991 1171074
1171571 1171578
1171841 1171922
1172019 1172020
1172099 1172122
1172390 1172411
1172899 1172968
1173321 1173346
1173697 1173719
1174115 1174136
1174177 1174243
1174495 1174570
1174996 1175027
1175270 1175319
1175683 1175743
1175818 1175867
1175871 1175956
1176061 1176147
1176528 1176583
1176929 1176999
1177358 1177419
1177707 1177720
1177955 1178014
1178280 1178296
1178637 1178665
1178681 1178722
1178935 1179030
1179397 1179459
1179560 1179620
1179981 1180022
1180185 1180244
1180592 1180610
1180858 1180924
1180984 1181038
1181494 1181498
1181809 1181815
1181881 1181949
1182354 1182392
1182834 1182893
1183330 1183351
1183353 1183394
1183605 1183656
1184036 1184051
1184283 1184321
1184361 1184384
1184608 1184637
1184944 1184987
1185382 1185418
1185687 1185714
1185814 1185873
1186047 1186144
1186508 1186586
1186737 1186754
1186903 1186924
1187343 1187365
1187833 1187911
1188410 1188448
1188946 1189001
1189075 1189146
1189559 1189572
1189608 1189687
1190182 1190260
1190606 1190634
1190951 1191008
1191407 1191425
1191917 1191919
1192108 1192184
1192611 1192662
1192915 1192944
1193284 1193344
1193768 1193794
1193829 1193856
1194153 1194189
1194643 1194666
1195158 1195225
1195551 1195648
1195858 1195949
1196141 1196232
1196529 1196597
1196939 1197029
1197446 1197453
1197724 1197742
1198095 1198109
1198124 1198173
1198629 1198650
1199121 1199209
1199537 1199540
1199839 1199904
1200125 1200221
1200518 1200590
1200848 1200912
1201067 1201077
1201483 1201579
1201678 1201708
1201965 1202051
1202511 1202539
1202707 1202770
1202965 1203053
1203097 1203151
1203537 1203564
1203976 1204022
1204487 1204532
1205016 1205031
1205035 1205111
1205283 1205372
1205821 1205888
1205896 1205926
1206045 1206133
1206330 1206392
1206734 1206796
1207228 1207278
1207706 1207775
1208220 1208266
1208278 1208369
1208834 1208873
1209189 1209265
1209372 1209393
1209487 1209527
1209540 1209601
1209929 1209991
1210008 1210065
1210066 1210165
1210633 1210636
1210863 1210938
1211163 1211219
1211446 1211531
1211853 1211917
1212138 1212198
1212326 1212420
1212530 1212614
1213035 1213072
1213518 1213602
1213769 1213842
1214071 1214122
1214409 1214468
1214810 1214895
1215394 1215428
1215849 1215889
1216050 1216131
1216202 1216271
1216617 1216663
1216686 1216783
1216844 1216875
1216910 1216921
1216971 1217050
1217382 1217410
1217745 1217780
1217785 1217840
1218016 1218071
1218542 1218546
1218993 1219085
1219087 1219152
1219205 1219247
1219604 1219666
1220136 1220189
1220295 1220343
1220830 1220849
1221085 1221168
1221321 1221406
1221850 1221862
1221967 1222060
1222229 1222322
1222632 1222641
1222901 1222924
1223130 1223204
1223355 1223388
1223799 1223820
1223878 1223909
1223946 1224042
1224476 1224488
1224674 1224693
1225166 1225256
1225678 1225737
1225749 1225810
1225970 1226004
1226334 1226370
1226745 1226769
1227244 1227339
1227835 1227907
1228289 1228362
1228789 1228823
1228927 1229020
1229181 1229262
1229717 1229802
1230201 1230256
1230358 1230417
1230889 1230969
1231199 1231224
1231367 1231415
1231454 1231472
1231482 1231505
1231601 1231625
1231892 1231915
1232123 1232149
1232258 1232327
1232575 1232630
1233101 1233187
1233591 1233643
1234030 1234079
1234331 1234340
1234434 1234480
1234902 1234945
1235133 1235192
1235411 1235448
1235923 1235952
1236005 1236056
1236309 1236389
1236602 1236694
1236780 1236844
1237225 1237244
1237516 1237596
1238026 1238122
1238389 1238427
1238918 1238960
1239445 1239468
1239767 1239833
1240117 1240180
1240602 1240662
1240940 1241020
1241118 1241168
1241347 1241350
1241601 1241651
1242076 1242132
1242261 1242322
1242478 1242543
1242642 1242718
1243009 1243015
1243340 1243401
1243886 1243939
1244130 1244211
1244585 1244674
1244764 1244845
1245087 1245104
1245415 1245512
1245518 1245571
1245585 1245615
1245765 1245780
1246239 1246324
1246575 1246652
1247071 1247152
1247347 1247360
1247814 1247870
1247905 1247994
1248493 1248507
1248761 1248834
1249318 1249341
1249770 1249804
1249872 1249936
1250354 1250426
1250682 1250690
1250717 1250745
1250853 1250863
1251232 1251255
1251670 1251675
1251917 1251922
1252360 1252456
1252625 1252697
1253040 1253054
1253447 1253517
1253869 1253899
1254312 1254399
1254470 1254527
1254571 1254616
1254682 1254769
1255064 1255092
1255201 1255293
1255610 1255698
1256057 1256153
1256286 1256297
1256637 1256667
1257150 1257236
1257599 1257618
1257786 1257811
1258305 1258314
1258695 1258700
1258866 1258884
1259362 1259441
1259662 1259751
1259878 1259966
1260074 1260086
1260321 1260383
1260552 1260579
1260836 1260891
1261162 1261168
1261565 1261610
1261935 1261962
1262236 1262300
1262681 1262759
1262975 1262982
1263020 1263034
1263125 1263193
1263562 1263611
1263764 1263852
1263968 1263974
1264406 1264445
1264783 1264882
1265300 1265361
1265632 1265701
1266083 1266104
1266447 1266495
1266718 1266750
1267055 1267146
1267367 1267457
1267486 1267551
1267998 1268008
1268287 1268348
1268349 1268410
1268495 1268523
1268771 1268786
1269116 1269215
1269563 1269579
1270017 1270039
1270246 1270283
1270746 1270820
1271180 1271256
1271638 1271671
1271674 1271708
1271819 1271860
1272306 1272397
1272851 1272916
1273064 1273071
1273151 1273237
1273250 1273289
1273529 1273618
1273788 1273882
1274268 1274330
1274523 1274577
1274717 1274780
1275183 1275271
1275552 1275563
1275860 1275870
1276241 1276321
1276739 1276777
1277097 1277181
1277534 1277548
1277651 1277682
1277714 1277773
1277989 1278087
1278269 1278358
1278781 1278843
1279032 1279120
1279142 1279202
1279458 1279461
1279705 1279729
1280181 1280218
1280236 1280243
1280424 1280431
1280689 1280712
1281200 1281264
1281424 1281478
1281825 1281838
1282104 1282196
1282519 1282570
1282749 1282777
1283006 1283030
1283408 1283441
1283562 1283580
1283870 1283961
1284013 1284073
1284487 1284569
1284584 1284590
1284906 1284922
1284995 1285044
1285160 1285187
1285603 1285683
1286049 1286074
1286119 1286176
1286244 1286255
1286649 1286676
1286871 1286939
1287081 1287166
1287546 1287547
1287666 1287764
1288013 1288055
1288215 1288218
1288275 1288363
1288857 1288866
1289213 1289295
1289497 1289571
1289896 1289973
1290086 1290088
1290200 1290255
1290730 1290774
1290845 1290909
1291310 1291378
1291435 1291492
1291582 1291607
1292032 1292104
1292161 1292176
1292628 1292691
1292813 1292861
1292976 1293035
1293089 1293187
1293616 1293635
1293984 1294016
1294445 1294496
1294975 1295073
1295236 1295308
1295635 1295673
1296120 1296188
1296522 1296523
1296530 1296553
1296822 1296883
1297212 1297295
1297320 1297394
1297532 1297614
1297991 1298042
1298163 1298237
1298687 1298691
1298789 1298885
1299029 1299100
1299490 1299499
1299995 1299996
1300376 1300423
1300676 1300683
1301026 1301070
1301402 1301431
1301929 1301972
1302047 1302069
1302086 1302101
1302344 1302368
1302411 1302466
1302818 1302864
1303192 1303245
1303459 1303516
1303839 1303934
1304033 1304070
1304219 1304254
1304316 1304376
1304535 1304552
1304675 1304718
1304995 1305024
1305392 1305448
1305719 1305807
1306128 1306219
1306561 1306587
1306711 1306749
1307112 1307144
1307292 1307304
1307385 1307454
1307747 1307750
1308041 1308137
1308487 1308509
1308862 1308924
1309171 1309212
1309333 1309409
1309575 1309636
1309967 1310041
1310376 1310468
1310905 1310922
1310983 1311018
1311247 1311306
1311468 1311482
1311527 1311624
1312112 1312164
1312535 1312613
1313086 1313126
1313485 1313509
1313629 1313724
1314056 1314085
1314173 1314206
1314238 1314323
1314652 1314660
1314905 1314919
1314932 1314959
1315020 1315113
1315434 1315445
1315924 1316003
1316106 1316184
1316568 1316607
1316693 1316744
1316959 1317044
1317384 1317429
1317746 1317808
1317910 1317962
1318180 1318244
1318623 1318703
1318827 1318858
1318969 1319036
1319043 1319097
1319331 1319413
1319530 1319561
1319974 1320056
1320176 1320190
1320603 1320626
1320856 1320921
1320939 1320947
1321296 1321330
1321401 1321459
1321946 1321947
1322236 1322293
1322693 1322743
1322891 1322978
1323442 1323505
1323549 1323629
1323674 1323759
1323846 1323849
1324334 1324424
1324625 1324658
1325003 1325076
1325284 1325308
1325529 1325583
1326071 1326144
1326250 1326322
1326326 1326412
1326742 1326743
1327015 1327092
1327420 1327481
1327653 1327748
1327895 1327952
1328201 1328234
1328378 1328383
1328589 1328657
1328840 1328927
1328960 1329056
1329497 1329501
1329773 1329856
1329897 1329954
1330295 1330348
1330472 1330498
1330532 1330571
1330787 1330793
1330863 1330877
1331330 1331379
1331692 1331747
1332079 1332128
1332287 1332361
1332566 1332656
1332819 1332834
1332968 1333001
1333254 1333300
1333514 1333567
1333809 1333888
1333907 1333983
1334198 1334264
1334393 1334456
1334721 1334793
1335093 1335137
1335196 1335221
1335413 1335441
1335472 1335561
1335601 1335613
1335653 1335698
1335962 1336004
1336361 1336410
1336905 1336951
1337095 1337160
1337543 1337560
1337937 1338002
1338186 1338228
1338469 1338549
1338987 1339055
1339418 1339443
1339779 1339841
1340025 1340032
1340062 1340134
1340330 1340350
1340358 1340453
1340544 1340634
1340716 1340727
1340856 1340899
1341266 1341302
1341361 1341453
1341616 1341674
1341794 1341808
1342244 1342247
1342321 1342415
1342815 1342829
1342873 1342957
1343085 1343098
1343318 1343415
1343716 1343718
1344213 1344309
1344638 1344706
1345122 1345167
1345183 1345272
1345496 1345548
1346039 1346122
1346140 1346202
1346689 1346771
1346945 1346994
1347262 1347335
1347797 1347885
1348050 1348128
1348288 1348326
1348823 1348880
1349043 1349061
1349522 1349600
1349667 1349700
1350196 1350203
1350624 1350674
1351168 1351265
1351588 1351592
1351995 1352047
1352499 1352570
1352803 1352884
1353118 1353202
1353316 1353337
1353347 1353360
1353461 1353533
1353901 1353963
1354061 1354121
1354162 1354238
1354461 1354519
1354889 1354919
1355069 1355107
1355305 1355317
1355460 1355537
1355551 1355601
1355712 1355805
1355959 1356036
1356305 1356372
1356643 1356720
1357175 1357258
1357569 1357577
1358042 1358050
1358429 1358495
1358772 1358820
1358845 1358942
1359097 1359140
1359219 1359317
1359588 1359595
1360026 1360114
1360427 1360459
1360834 1360890
1360991 1361039
1361491 1361554
1361979 1362010
1362224 1362301
1362375 1362457
1362920 1363003
1363375 1363467
1363546 1363599
1363899 1363977
1364281 1364310
1364434 1364511
1364547 1364605
1364874 1364972
1365437 1365488
1365848 1365926
1366235 1366257
1366473 1366532
1367030 1367035
1367068 1367109
1367397 1367487
1367519 1367577
1367707 1367795
1368180 1368276
1368280 1368332
1368656 1368719
1369162 1369224
1369637 1369653
1370096 1370131
1370191 1370242
1370305 1370318
1370358 1370441
1370849 1370851
1371308 1371406
1371618 1371691
1371838 1371914
1372405 1372493
1372837 1372838
1373050 1373120
1373510 1373575
1374060 1374106
1374266 1374284
1374751 1374756
1375152 1375178
1375366 1375424
1375777 1375859
1376119 1376180
1376393 1376477
1376851 1376928
1376935 1377004
1377312 1377325
1377466 1377548
1378022 1378043
1378452 1378539
1378664 1378761
1379164 1379224
1379324 1379405
1379533 1379611
1379631 1379675
1380167 1380241
1380327 1380360
1380850 1380930
1381326 1381349
1381795 1381874
1382359 1382450
1382632 1382708
1382809 1382877
1383082 1383157
1383460 1383528
1383939 1384011
1384467 1384486
1384491 1384515
1384785 1384795
1385068 1385150
1385591 1385633
1385938 1385991
1386347 1386379
1386399 1386449
1386570 1386622
1386737 1386764
1386856 1386868
1386971 1387030
1387306 1387349
1387477 1387532
1387695 1387778
1388084 1388162
1388652 1388663
1388686 1388738
1388822 1388901
1389159 1389177
1389524 1389535
1389595 1389654
1390050 1390131
1390416 1390494
1390630 1390652
1391102 1391192
1391546 1391602
1391712 1391790
1391905 1391977
1392228 1392244
1392714 1392788
1393033 1393066
1393555 1393612
1393972 1394033
1394461 1394512
1394890 1394908
1395396 1395476
1395671 1395742
1396080 1396109
1396504 1396520
1396695 1396733
1396767 1396791
1397063 1397115
1397221 1397222
1397390 1397472
1397643 1397724
1398037 1398136
1398274 1398347
1398488 1398507
1398997 1399040
1399432 1399458
1399806 1399826
1400185 1400284
1400711 1400748
1400964 1400968
1401404 1401408
1401895 1401974
1402114 1402193
1402392 1402441
1402487 1402505
1402901 1402998
1403115 1403171
1403234 1403242
1403730 1403811
1404068 1404152
1404605 1404652
1405025 1405054
1405321 1405364
1405859 1405933
1406098 1406131
1406393 1406451
1406870 1406915
1407350 1407351
1407358 1407435
1407733 1407798
1407916 1407953
1408300 1408371
1408621 1408658
1408881 1408882
1408923 1408937
1409435 1409532
1409898 1409985
1410412 1410488
1410683 1410694
1411173 1411246
1411651 1411656
1411724 1411769
1411941 1412026
1412350 1412412
1412428 1412496
1412739 1412833
1413327 1413375
1413386 1413387
1413571 1413634
1413675 1413701
1413709 1413749
1414006 1414064
1414216 1414268
1414610 1414657
1414955 1415006
1415051 1415128
1415456 1415499
1415837 1415895
1416141 1416240
1416385 1416389
1416779 1416862
1417294 1417347
1417398 1417497
1417815 1417827
1418084 1418105
1418392 1418425
1418758 1418846
1419208 1419213
1419224 1419248
1419446 1419466
1419687 1419716
1420075 1420121
1420156 1420250
1420524 1420527
1420996 1421095
1421538 1421577
1422016 1422052
1422064 1422142
1422632 1422681
1423121 1423206
1423586 1423640
1423753 1423768
1424132 1424222
1424691 1424771
1424958 1425011
1425490 1425491
1425769 1425839
1425943 1425964
1426356 1426411
1426521 1426556
1426983 1427068
1427106 1427195
1427599 1427627
1427973 1428042
1428291 1428364
1428646 1428729
1429215 1429286
1429654 1429720
1429803 1429872
1430352 1430427
1430557 1430597
1431030 1431054
1431066 1431150
1431510 1431599
1431724 1431776
1431862 1431881
1432253 1432316
1432619 1432626
1432962 1432974
1433079 1433153
1433237 1433254
1433400 1433448
1433741 1433836
1434067 1434163
1434445 1434490
1434673 1434723
1434809 1434848
1435147 1435150
1435232 1435252
1435567 1435599
1435601 1435691
1435892 1435986
1436153 1436237
1436514 1436605
1436968 1437035
1437196 1437289
1437440 1437508
1437689 1437693
1437750 1437778
1438005 1438087
1438286 1438297
1438333 1438414
1438529 1438588
1438623 1438697
1438956 1439012
1439351 1439405
1439558 1439578
1439796 1439805
1439856 1439872
1440065 1440075
1440338 1440431
1440499 1440542
1440841 1440918
1441114 1441126
1441171 1441249
1441325 1441408
1441443 1441468
1441524 1441619
1442061 1442092
1442279 1442304
1442373 1442376
1442595 1442659
1442905 1443000
1443156 1443188
1443634 1443721
1444116 1444207
1444696 1444729
1445085 1445144
1445255 1445328
1445542 1445627
1446121 1446206
1446258 1446295
1446301 1446343
1446797 1446862
1447037 1447104
1447194 1447195
1447642 1447699
1447796 1447893
1448048 1448123
1448461 1448533
1448620 1448674
1448813 1448817
1449035 1449072
1449154 1449165
1449591 1449657
1449893 1449938
1450111 1450114
1450130 1450218
1450317 1450405
1450439 1450480
1450762 1450768
1451223 1451271
1451296 1451357
1451819 1451893
1452192 1452262
1452278 1452376
1452790 1452830
1453163 1453215
1453607 1453697
1453863 1453892
1454196 1454263
1454649 1454726
1455223 1455280
1455694 1455748
1456046 1456079
1456434 1456495
1456542 1456630
1456860 1456883
1457030 1457125
1457192 1457205
1457429 1457484
1457960 1457974
1458103 1458179
1458508 1458601
1459037 1459042
1459396 1459468
1459520 1459608
1459949 1459983
1460231 1460253
1460365 1460374
1460740 1460775
1461039 1461105
1461193 1461235
1461505 1461565
1461900 1461957
1461981 1462048
1462506 1462541
1462722 1462729
1462851 1462881
1463081 1463113
1463251 1463298
1463699 1463712
1463792 1463838
1464323 1464415
1464727 1464752
1464933 1464994
1465298 1465305
1465346 1465392
1465403 1465416
1465793 1465825
1466245 1466332
1466702 1466723
1467145 1467222
1467577 1467611
1467731 1467794
1468104 1468127
1468582 1468603
1469095 1469103
1469393 1469411
1469534 1469632
1469914 1469949
1470414 1470506
1470795 1470847
1470948 1470973
1471217 1471298
1471731 1471822
1472152 1472172
1472551 1472617
1472804 1472860
1473325 1473333
1473563 1473601
1473838 1473930
1474367 1474455
1474790 1474793
1474841 1474930
1474961 1474995
1475264 1475291
1475363 1475418
1475677 1475686
1475933 1475947
1475996 1476021
1476329 1476422
1476764 1476854
1476913 1476937
1477016 1477062
1477211 1477271
1477682 1477687
1477942 1477956
1478039 1478134
1478548 1478631
1479062 1479126
1479294 1479323
1479814 1479888
1480004 1480044
1480346 1480374
1480739 1480755
1481188 1481204
1481327 1481405
1481587 1481625
1482092 1482174
1482453 1482530
1482722 1482765
1483037 1483126
1483508 1483530
1483814 1483893
1484092 1484188
1484498 1484570
1484859 1484896
1484945 1484975
1485198 1485210
1485414 1485440
1485466 1485537
1485822 1485904
1486254 1486324
1486405 1486429
1486542 1486634
1486878 1486898
1486942 1486964
1486975 1486980
1487212 1487231
1487348 1487439
1487713 1487746
1488185 1488218
1488705 1488772
1489129 1489160
1489527 1489570
1489806 1489903
1490359 1490443
1490746 1490817
1491214 1491302
1491740 1491793
1492257 1492291
1492640 1492688
1493168 1493210
1493691 1493707
1493866 1493887
1494228 1494267
1494426 1494453
1494586 1494658
1495088 1495101
1495486 1495537
1495592 1495613
1496054 1496098
1496413 1496428
1496774 1496854
1497126 1497223
1497685 1497694
1498075 1498133
1498554 1498637
1498789 1498865
1499132 1499133
1499492 1499548
1499775 1499871
1499967 1500051
1500103 1500192
1500662 1500674
1500799 1500896
1501013 1501084
1501350 1501364
1501481 1501563
1501814 1501852
1501988 1502045
1502482 1502550
1502715 1502718
1503118 1503143
1503419 1503425
1503718 1503745
1503847 1503914
1503991 1504026
1504299 1504332
1504688 1504690
1505044 1505071
1505387 1505446
1505609 1505615
