37 316
541 791
1083 1453
1458 1731
1773 1774
1849 2141
2494 2749
2896 3185
3219 3532
3687 4013
4455 4647
5031 5309
5781 6172
6507 6614
6781 7148
7423 7787
7794 8064
8294 8362
8775 8919
9090 9323
9630 10009
10010 10354
10508 10712
11190 11200
11391 11755
12207 12426
12825 12974
13206 13463
13528 13697
13916 14083
14539 14890
14908 14995
15183 15383
15643 15964
16331 16422
16746 16952
17226 17444
17918 18142
18521 18856
19281 19557
19870 20187
20475 20599
20665 20897
21379 21543
22042 22343
22626 23000
23008 23394
23497 23519
23977 24227
24382 24671
25019 25338
25470 25561
25800 25826
26112 26402
26775 26812
26998 27268
27343 27641
27860 27917
28071 28173
28181 28444
28512 28540
28820 29213
29439 29765
29791 30039
30044 30129
30388 30550
30791 30965
30976 31174
31495 31607
31820 32123
32226 32565
32718 32975
33315 33706
33793 33808
33922 34124
34182 34284
34381 34419
34667 34762
35045 35355
35572 35618
35942 36060
36513 36618
36674 36859
37258 37421
37852 38108
38151 38245
38502 38594
38816 39005
39446 39830
40093 40400
40618 40849
41324 41402
41770 42019
42078 42279
42316 42686
42911 43130
43270 43667
43942 44315
44677 44945
45407 45498
45572 45727
45840 46106
46166 46520
46605 46846
46956 47093
47390 47718
47785 48086
48309 48605
49023 49085
49149 49476
49853 50043
50521 50779
51096 51201
51595 51720
51774 51911
52407 52708
52734 52741
52752 52914
53341 53544
53764 54009
54310 54458
54589 54636
55091 55228
55700 55933
56330 56610
56850 56971
57379 57691
58186 58224
58534 58601
58927 58991
59102 59373
59732 59905
60124 60163
60305 60449
60550 60620
60628 60899
61110 61274
61487 61550
61622 61828
61842 61852
62141 62218
62716 62725
63072 63433
63827 63848
64107 64285
64774 64784
65036 65120
65591 65625
66011 66332
66572 66618
66749 67050
67380 67635
67798 67894
68258 68402
68720 68902
69279 69353
69734 70106
70339 70443
70601 70671
70829 70848
71250 71270
71614 71979
72371 72501
72825 72923
73063 73077
73277 73674
73855 74145
74273 74609
74930 74957
75408 75789
76167 76361
76762 77079
77318 77590
77597 77928
78320 78682
78889 79277
79649 79953
80230 80554
80581 80663
80745 80753
80988 81291
81405 81561
81902 81991
82148 82508
82687 82738
83066 83189
83404 83711
83989 84032
84114 84337
84761 84986
85186 85540
85928 85958
86090 86384
86719 86776
86780 86848
86879 87208
87529 87583
87718 87860
88087 88418
88910 89202
89451 89767
90028 90325
90464 90566
90844 91188
91264 91290
91785 92033
92306 92481
92757 92846
93219 93245
93737 93970
94071 94184
94659 95016
95018 95065
95439 95780
96188 96440
96865 96926
97047 97372
97771 97905
97990 98133
98584 98938
99074 99169
99502 99821
99873 100164
100402 100615
100898 101201
101471 101550
101955 102160
102615 102650
102907 103010
103205 103369
103552 103800
104098 104248
104679 104791
105158 105218
105384 105388
105679 105741
106193 106368
106614 106949
107267 107369
107660 107951
108082 108313
108728 108835
109222 109516
109665 109999
110306 110637
110789 110970
111296 111379
111447 111701
111873 112139
112377 112441
112529 112533
112848 113208
113407 113603
113634 113703
113867 114247
114409 114579
115064 115393
115713 115882
116059 116212
116312 116481
116949 117296
117791 118048
118301 118308
118779 118980
119213 119588
119734 119949
120135 120331
120650 120967
121154 121430
121764 121838
122032 122337
122738 123008
123293 123557
123810 124103
124382 124598
124621 124731
125150 125200
125353 125411
125730 125760
126210 126548
126898 127013
127303 127634
127858 128051
128311 128331
128607 128907
129213 129452
129881 130155
130397 130583
131010 131232
131404 131665
131680 131760
132014 132294
132663 133004
133436 133826
133948 134162
134639 134752
134953 135234
135264 135359
135746 136076
136536 136654
137097 137260
137285 137364
137627 137645
137998 138034
138224 138276
138509 138863
139006 139364
139716 139852
139975 140083
140285 140627
141058 141286
141562 141604
142029 142303
142525 142648
142943 143325
143408 143798
144013 144197
144398 144601
144966 145175
145207 145470
145938 146001
146236 146384
146839 147159
147206 147432
147738 147991
148267 148542
148859 148870
149274 149662
149687 150047
150474 150699
150707 150843
151332 151491
151540 151708
151739 151955
152163 152526
152774 152967
153266 153510
154009 154309
154505 154783
154845 155132
155481 155600
155737 155785
155914 156008
156298 156672
156691 156946
157268 157541
157629 157762
158210 158260
158658 158669
158772 158792
158889 158903
159105 159347
159721 159767
160256 160257
160713 160962
161265 161433
161818 162108
162429 162761
163063 163332
163412 163457
163559 163651
163844 164068
164388 164594
164897 165037
165463 165807
165953 166120
166190 166303
166632 166798
167169 167479
167635 167998
168168 168288
168323 168705
169053 169089
169139 169225
169243 169340
169678 169825
170170 170311
170571 170658
171060 171104
171498 171538
171839 171987
172023 172233
172443 172506
172928 173206
173262 173583
173936 174219
174407 174630
174880 175065
175229 175288
175460 175615
175956 176204
176397 176698
176939 177183
177401 177705
177754 177940
178202 178274
178330 178541
178827 179224
179461 179494
179534 179882
179915 180072
180218 180540
180824 181053
181291 181342
181457 181757
181814 182208
182336 182708
183165 183376
183853 183871
184019 184143
184373 184549
184743 184904
185289 185614
185812 186057
186508 186746
187208 187402
187749 187751
188238 188384
188516 188895
188915 189134
189516 189583
189795 189884
190191 190294
190732 190853
191083 191217
191569 191914
192301 192515
192757 193120
193443 193774
194098 194127
194262 194371
194535 194882
195215 195587
195762 195870
196223 196606
196622 196668
196949 197038
197138 197244
197631 197844
198200 198357
198703 198886
199347 199652
199724 199824
200018 200205
200458 200805
201033 201171
201175 201573
201755 202048
202502 202624
202705 203037
203309 203594
203853 204169
204565 204842
205282 205680
205797 205946
206266 206523
206618 206867
207244 207247
207599 207685
207696 207830
208139 208521
208933 209167
209533 209924
210359 210447
210837 211022
211334 211423
211834 211870
212176 212522
212782 213012
213477 213706
214147 214536
215003 215126
215203 215258
215709 215778
215788 215872
216245 216471
216764 216782
216996 216997
217039 217316
217553 217632
217738 217832
217866 217872
217878 217896
217993 218150
218191 218561
219042 219087
219316 219409
219845 219896
220041 220120
220153 220176
220381 220465
220661 220786
220992 221003
221497 221650
222149 222538
222803 223181
223359 223438
223646 223774
223906 224129
224392 224651
225115 225178
225329 225420
225429 225777
225924 226319
226357 226466
226638 226658
227116 227468
227889 228122
228413 228590
229027 229179
229414 229778
229898 230005
230423 230813
230990 231192
231479 231856
231939 232320
232367 232526
232870 233126
233250 233274
233686 234069
234150 234408
234491 234728
234877 234985
235083 235353
235708 235963
236183 236533
236953 237232
237567 237797
238284 238440
238848 238985
239178 239414
239491 239609
239638 239648
239775 239868
240185 240226
240243 240411
240638 240693
240901 241164
241471 241504
241846 241938
242018 242056
242255 242377
242482 242524
242537 242781
242988 242991
243110 243294
243354 243408
243633 243701
244184 244230
244620 244927
245277 245280
245674 245824
245840 245843
246318 246518
246907 247252
247433 247462
247768 247864
248174 248252
248570 248969
249273 249657
250092 250484
250531 250688
251102 251200
251695 252023
252412 252764
253018 253294
253504 253846
253959 253986
254308 254412
254733 255124
255375 255414
255469 255719
256090 256243
256417 256465
256692 256921
257186 257359
257556 257818
257869 258186
258422 258498
258737 258846
259311 259537
259955 260243
260597 260968
261032 261168
261297 261404
261857 262098
262229 262510
262746 262989
263111 263492
263525 263801
264016 264052
264096 264295
264366 264615
265082 265157
265240 265401
265627 265776
265842 266180
266207 266336
266362 266681
267148 267504
267926 268172
268324 268421
268481 268517
268632 268702
269168 269405
269647 269960
270149 270241
270634 270707
270849 271244
271433 271494
271937 272289
272453 272613
272948 273053
273182 273329
273821 273915
274193 274309
274576 274622
275012 275300
275438 275542
275748 276076
276438 276687
276707 276917
277407 277748
277932 278103
278563 278659
278880 279272
279505 279848
280057 280182
280607 280931
281200 281242
281667 281683
282165 282410
282572 282609
282856 282957
283360 283714
283722 284110
284263 284328
284363 284426
284845 285010
285360 285415
285518 285798
286041 286068
286535 286828
286871 287102
287416 287477
287837 288213
288639 288982
289461 289488
289665 289713
290139 290523
291006 291305
291347 291446
291628 292014
292346 292542
292851 293012
293024 293135
293553 293753
294177 294275
294459 294698
294744 294935
295238 295284
295651 295707
295856 295937
296179 296261
296735 297022
297223 297426
297455 297803
298096 298452
298708 299086
299471 299597
299932 300201
300610 300899
301298 301519
301695 302088
302479 302712
303200 303552
304011 304196
304443 304545
305026 305324
305568 305570
305664 305714
305794 306183
306292 306377
306513 306742
307049 307064
307364 307625
307935 308233
308653 308746
308851 309029
309287 309516
309814 310004
310214 310242
310631 310834
311295 311316
311686 311742
312057 312443
312802 312804
312930 313182
313649 313933
314287 314668
314893 315015
315500 315504
315730 315919
316065 316121
316349 316492
316898 317080
317377 317393
317791 317942
318238 318559
318951 319098
319589 319677
319798 319988
320443 320660
321158 321207
321212 321571
321892 321953
322413 322566
322742 322879
323095 323333
323664 323768
324021 324123
324308 324440
324902 324956
325454 325575
325965 325977
326043 326141
326449 326530
326991 327344
327811 327960
328062 328314
328629 329002
329296 329341
329489 329849
330253 330351
330570 330580
330755 331145
331346 331475
331800 331840
332074 332220
332706 332716
332759 332945
332968 333367
333759 333851
334058 334087
334435 334779
334952 335117
335537 335857
336009 336265
336418 336793
337276 337545
337623 337793
337839 338121
338543 338796
339103 339399
339632 339680
340134 340169
340310 340586
340844 340990
341356 341714
342130 342460
342921 343131
343456 343750
344235 344281
344747 344892
345284 345325
345416 345579
345769 345899
346233 346572
346632 346785
346842 346905
347213 347260
347297 347656
348110 348479
348551 348842
349311 349476
349612 349863
350039 350099
350266 350536
351019 351130
351440 351443
351597 351932
352363 352749
352806 353089
353543 353582
353868 354240
354289 354668
354690 354748
354770 355056
355513 355817
355967 356252
356571 356713
357037 357201
357592 357749
358185 358449
358850 359008
359056 359273
359415 359792
360051 360248
360427 360523
360979 361284
361452 361658
361908 362283
362542 362566
362578 362879
363267 363512
363895 364126
364477 364692
364954 365067
365508 365677
365868 366204
366677 367066
367261 367390
367396 367574
367821 367995
368197 368570
368844 369205
369441 369783
370072 370303
370604 370627
371037 371170
371627 371721
371812 372152
372198 372525
372650 373047
373416 373730
373920 374032
374322 374573
374685 374777
375049 375164
375377 375652
375716 375823
376320 376554
376911 377294
377483 377595
377642 377644
377934 378076
378245 378256
378687 378988
379001 379214
379710 380100
380182 380429
380693 381020
381107 381146
381250 381317
381542 381648
381652 381751
382035 382153
382448 382701
383154 383393
383520 383822
384097 384376
384662 384665
385084 385107
385501 385503
385844 386061
386126 386412
386785 387168
387492 387838
387935 388040
388138 388333
388368 388532
388830 389195
389578 389654
389900 390063
390299 390401
390649 390953
391388 391433
391869 392137
392444 392544
393041 393309
393695 393850
393881 394181
394187 394373
394624 394836
394897 395239
395363 395755
395937 396074
396572 396693
396961 396978
397466 397497
397517 397717
398175 398402
398894 399077
399486 399884
400060 400286
400547 400782
401261 401359
401459 401778
401963 402154
402254 402309
402670 402844
403131 403134
403204 403468
403653 404039
404337 404624
405037 405182
405287 405553
405975 406030
406481 406509
406766 407163
407485 407693
408033 408144
408561 408930
409335 409567
409871 410186
410494 410512
410857 411022
411145 411349
411695 412006
412278 412514
412601 412650
413105 413124
413354 413690
413952 414279
414433 414706
415127 415432
415555 415829
416225 416390
416433 416734
417151 417264
417461 417683
417966 418201
418254 418335
418417 418592
419018 419175
419316 419535
420017 420176
420179 420462
420942 420983
421461 421801
421934 422305
422642 422780
423080 423393
423698 424046
424214 424493
424543 424545
424888 425239
425553 425867
425998 426036
426498 426829
427202 427521
427994 428094
428233 428319
428721 428824
429228 429422
429590 429882
430229 430314
430704 430751
431089 431305
431752 432016
432300 432364
432478 432657
432821 433084
433407 433771
433852 433921
434331 434656
435134 435266
435553 435561
435763 436109
436514 436875
437178 437432
437758 438014
438269 438512
438652 438840
439288 439297
439569 439631
439935 439984
440085 440311
440549 440607
440781 440982
441340 441444
441893 442285
442657 442800
443252 443529
443990 444241
444734 444817
445217 445570
445624 445758
445783 445788
445811 445986
446261 446612
446755 446769
446795 446807
447064 447170
447478 447604
447714 447864
448247 448317
448451 448674
448935 448994
449475 449537
449867 450115
450481 450663
450838 451000
451432 451718
452013 452133
452203 452546
452786 452827
453052 453082
453287 453644
453680 453947
454090 454248
454583 454799
454834 454967
455204 455521
455779 455809
455846 455910
456216 456592
456823 457201
457496 457854
458238 458628
459106 459367
459435 459766
459962 460080
460363 460525
460639 460861
460928 461305
461448 461541
461844 461886
461967 462163
462354 462553
462915 462937
463216 463254
463678 463722
464032 464274
464686 464810
465217 465461
465951 466306
466334 466345
466582 466853
466885 467264
467413 467428
467589 467694
468134 468412
468805 469150
469445 469556
469599 469815
470105 470228
470657 470822
471314 471684
472011 472277
472645 472865
473216 473540
473851 474153
474475 474570
474752 475077
475547 475844
475953 476264
476425 476750
477069 477103
477196 477445
477854 478070
478467 478588
479017 479148
479625 479880
480201 480297
480543 480589
480720 480815
481095 481316
481763 481871
482157 482199
482422 482525
482789 482958
483454 483700
483856 484065
484531 484762
485097 485133
485474 485763
486188 486245
486474 486528
486715 486834
486867 486882
487324 487463
487757 488140
488582 488709
489188 489560
489902 489907
490002 490110
490329 490444
490615 490910
491381 491730
492002 492180
492492 492627
492811 493193
493452 493697
493949 493982
494188 494214
494444 494455
494765 495003
495257 495507
495533 495884
496007 496327
496371 496747
496841 497054
497371 497464
497635 498017
498045 498232
498576 498795
499173 499524
499649 499862
500063 500224
500720 500926
501363 501603
501827 502155
502159 502431
502882 503270
503308 503663
503846 503968
504381 504699
504956 505062
505086 505402
505501 505829
506214 506317
506374 506765
506854 507010
507467 507687
508139 508324
508348 508371
508383 508617
509021 509148
509640 509686
509983 509984
510032 510164
510619 510892
511299 511698
512163 512368
512591 512595
512598 512652
512667 512750
512868 513058
513497 513884
514307 514562
514680 514931
515082 515340
515359 515681
515968 516054
516223 516344
516586 516659
516791 517133
517552 517595
517864 518042
518434 518540
519022 519189
519510 519667
520092 520415
520764 520836
521187 521376
521548 521712
521859 522011
522013 522368
522840 522915
523300 523456
523724 523938
524371 524672
524999 525066
525113 525382
525432 525699
525735 525970
525997 526005
526462 526538
527007 527244
527300 527518
527698 527873
528254 528418
528694 529080
529273 529322
529419 529579
529821 530093
530337 530565
531009 531147
531585 531696
531839 532234
532343 532406
532760 533050
533323 533677
533773 534145
534399 534584
534950 535143
535599 535824
536172 536448
536501 536578
537019 537223
537501 537798
538042 538154
538253 538450
538569 538748
538770 539153
539542 539907
540121 540370
540862 541005
541055 541104
541594 541633
541750 541845
542137 542361
542498 542606
543044 543063
543327 543391
543881 544271
544472 544710
545188 545448
545506 545726
545886 546074
546562 546784
547133 547140
547363 547576
547652 547870
548262 548376
548406 548729
549199 549553
549662 549684
549856 549927
550181 550449
550795 550913
551102 551375
551489 551543
551967 552181
552218 552332
552617 552790
552824 552913
553006 553220
553382 553579
553706 554008
554069 554305
554647 554899
555362 555733
555966 556196
556607 556987
557100 557158
557348 557372
557644 557719
557980 558150
558494 558674
558702 558981
559371 559546
559878 559990
560149 560413
560822 561025
561067 561420
561796 561812
562234 562359
562480 562819
563207 563570
563686 563854
563877 564183
564336 564608
564836 565002
565461 565511
565934 566106
566206 566552
566971 567147
567366 567700
567832 568120
568410 568513
568931 569185
569302 569307
569466 569858
570253 570537
570551 570837
571181 571335
571434 571493
571576 571728
572108 572480
572641 572987
573241 573553
573658 574020
574083 574238
574429 574479
574759 575082
575145 575389
575876 575928
576098 576379
576443 576766
577135 577441
577815 577830
577932 578298
578546 578684
578950 579301
579630 579788
580180 580445
580529 580702
580739 580905
581382 581475
581638 581661
581721 581812
581909 582299
582662 582951
583056 583357
583485 583538
583894 584272
584515 584870
584881 585247
585289 585297
585353 585526
585551 585559
585683 586055
586313 586381
586851 587066
587276 587573
587806 588198
588509 588728
589066 589380
589757 589867
590046 590245
590374 590443
590911 591176
591239 591260
591369 591513
591943 592269
592389 592402
592495 592766
592807 593086
593426 593758
593861 594014
594315 594481
594888 595099
595172 595312
595475 595611
595768 595984
596050 596288
596386 596491
596638 597034
597508 597861
598062 598437
598893 598936
599400 599772
600177 600445
600704 600830
601164 601544
601868 602251
602705 603027
603336 603414
603576 603952
603967 604020
604199 604530
604878 605088
605443 605689
605838 605940
605969 606279
606412 606688
606877 606879
607114 607458
607540 607781
608216 608248
608346 608522
608533 608909
608918 609116
609288 609394
609608 610005
610314 610357
610518 610639
610647 610711
611096 611449
611705 611993
612123 612318
612440 612502
612585 612730
612959 613259
613624 613714
613895 614074
614158 614470
614938 615063
615335 615501
615943 616017
616346 616554
616720 617067
617244 617323
617577 617774
617961 618311
618634 618945
619041 619384
619587 619799
620052 620173
620497 620677
620932 621297
621381 621636
621782 621890
622070 622369
622433 622548
623031 623343
623789 624008
624219 624596
624620 624742
625199 625386
625620 625870
626118 626330
626641 626969
626991 627017
627304 627564
627765 627991
628389 628768
629116 629425
629725 630083
630475 630774
630991 631351
631782 632101
632573 632741
632961 633128
633531 633787
633976 634316
634656 634952
635105 635503
635630 635681
636068 636297
636424 636661
637047 637180
637468 637867
637876 637972
638035 638276
638379 638459
638806 638820
638871 638972
639327 639352
639496 639605
639615 639957
640260 640633
640653 641046
641403 641676
641679 641913
642148 642292
642359 642427
642604 642797
642955 642959
643137 643432
643869 644098
644575 644871
645102 645412
645873 645973
646066 646107
646121 646295
646719 647082
647096 647406
647800 647939
648210 648403
648710 648748
649133 649144
649165 649525
649937 650072
650482 650753
650949 651237
651452 651729
652066 652124
652153 652244
652251 652331
652669 653041
653205 653324
653418 653729
653969 654108
654178 654507
654657 654841
655309 655428
655830 656184
656461 656764
656994 657172
657450 657654
657794 658022
658435 658530
658878 658990
659343 659373
659711 660032
660040 660363
660681 660863
660915 661271
661553 661663
661959 662324
662642 662876
663279 663650
663744 664010
664321 664536
664784 664962
665269 665432
665628 665694
665816 665955
666071 666376
666789 667005
667362 667496
667675 668074
668572 668723
668994 669045
669459 669485
669806 670192
670635 670883
671207 671411
671687 671772
671897 671902
671906 672251
672600 672976
673281 673493
673961 674046
674318 674589
674822 674872
674940 675215
675409 675606
675729 675968
676084 676355
676854 676990
677032 677365
677685 677819
678255 678302
678736 678740
678871 678945
679229 679352
679583 679811
680218 680292
680558 680634
680655 680767
680829 680983
681164 681337
681538 681853
681912 682252
682545 682810
682817 683018
683344 683426
683718 683994
684411 684592
684976 685240
685532 685792
685979 686221
686631 686986
686992 687218
687283 687538
687716 687958
688420 688775
689164 689221
689625 689634
690008 690341
690398 690748
691007 691230
691442 691558
691661 691992
692070 692121
692309 692418
692552 692882
693000 693131
693372 693708
693838 693945
694120 694411
694736 694966
695353 695435
695753 696052
696384 696409
696625 696643
697087 697387
697743 698036
698322 698551
698586 698869
699350 699416
699900 700242
700577 700789
701083 701323
701737 702057
702503 702772
702828 703146
703185 703514
703926 703943
704289 704429
704791 705102
705243 705337
705437 705624
705963 706332
706831 707164
707531 707900
708181 708538
708998 709051
709112 709216
709344 709446
709689 709898
710096 710309
710310 710365
710398 710692
710940 710980
711389 711757
712014 712326
712510 712762
712894 713047
713206 713314
713407 713644
713686 714042
714445 714703
715087 715304
715404 715680
715985 716001
716453 716503
716763 717050
717355 717517
717639 717666
717885 717916
718185 718250
718681 718963
719390 719478
719777 720017
720322 720707
721139 721157
721396 721758
721767 721874
722360 722552
722634 722879
723197 723408
723625 723930
724286 724438
724932 725020
725116 725476
725943 725996
726226 726310
726611 726680
726928 727048
727159 727549
728038 728097
728340 728492
728526 728554
729005 729354
729604 729806
729842 730081
730247 730344
730547 730784
731218 731423
731743 731842
732084 732333
732485 732541
732781 732802
732805 732995
733186 733516
733689 734013
734272 734546
734557 734709
734992 735071
735506 735837
736031 736421
736445 736590
736768 737107
737509 737804
738200 738382
738772 739133
739622 739649
739740 739850
740287 740482
740758 740875
741097 741139
741321 741547
741950 742222
742510 742614
742994 743177
743511 743865
744176 744221
744546 744735
744845 744910
745021 745381
745556 745581
746004 746262
746467 746628
747125 747388
747818 748043
748494 748548
748824 749189
749454 749663
750082 750317
750428 750805
750862 750896
750916 751199
751391 751596
751828 752083
752318 752707
752715 753085
753090 753152
753284 753637
753987 754161
754489 754496
754627 754920
754952 755150
755195 755367
755416 755512
755680 756032
756077 756176
756376 756508
756759 756911
757093 757243
757391 757580
757719 757957
758362 758611
758847 759077
759535 759908
760173 760390
760874 761218
761347 761663
761715 762025
762070 762207
762529 762731
762951 763036
763466 763471
763663 763834
763973 764097
764423 764798
765282 765665
765746 765894
766191 766445
766642 766718
767182 767523
767619 767763
767843 768197
768356 768364
768783 768816
769089 769293
769355 769698
769951 770062
770359 770576
770606 770705
770786 771152
771528 771586
771833 772225
772427 772565
772680 773038
773250 773266
773729 774023
774035 774389
774552 774681
775085 775385
775447 775453
775564 775900
776090 776126
776331 776646
776943 777124
777461 777684
778171 778502
778851 778917
779348 779643
779750 779815
780285 780677
780925 780990
781426 781499
781808 781852
782220 782609
782832 783226
783584 783966
784190 784418
784514 784693
785126 785328
785436 785700
785709 785769
785782 785860
786334 786578
786880 787217
787297 787461
787856 788109
788284 788459
788937 789232
789380 789687
790093 790153
790643 790650
791052 791416
791472 791548
791703 791856
792016 792035
792294 792400
792867 793174
793613 793702
794129 794504
794654 794913
795081 795215
795568 795571
795859 796013
796242 796505
796532 796908
797007 797343
797544 797854
798234 798412
798510 798840
799048 799050
799246 799404
799735 799813
800156 800194
800557 800829
801238 801508
801562 801829
802249 802301
802650 802843
803275 803622
803930 803942
804439 804644
804734 805052
805248 805546
805843 805926
806123 806262
806515 806788
806802 806874
807310 807533
807922 808167
808272 808585
808720 808755
808853 809003
809277 809490
809784 810010
810388 810474
810571 810937
811340 811383
811799 812018
812045 812270
812740 812816
812871 813159
813295 813459
813528 813604
813800 813887
814065 814066
814382 814506
814606 814869
815121 815248
815532 815894
816068 816289
816364 816490
816587 816854
817333 817417
817530 817891
818108 818476
818527 818835
819205 819308
819649 819888
820339 820733
820997 821221
821553 821604
822049 822222
822559 822907
822909 823240
823429 823533
823958 824173
824354 824365
824532 824889
825206 825545
825566 825639
826003 826111
826576 826660
826791 826865
826936 826998
827445 827588
827969 828152
828546 828923
829000 829068
829560 829830
830298 830429
830859 830912
831060 831344
831377 831721
832106 832174
832398 832487
832636 832927
833023 833402
833483 833530
833771 834057
834440 834624
834761 834768
834848 835136
835592 835643
835991 836241
836525 836695
837114 837423
837704 837760
838133 838315
838657 838957
839448 839805
840154 840481
840793 841188
841661 841801
842005 842260
842573 842870
842970 843222
843557 843815
843992 844094
844222 844326
844531 844753
844820 844865
845309 845462
845844 845948
846025 846157
846300 846562
846912 846999
847098 847197
847334 847386
847575 847922
848192 848482
848596 848977
849284 849630
850127 850405
850857 851062
851316 851593
852074 852354
852430 852517
852537 852550
852955 853192
853296 853473
853633 854027
854322 854631
854653 854839
855044 855124
855498 855587
855964 856167
856254 856463
856718 856941
857200 857416
857657 857805
858181 858476
858569 858777
859216 859478
859850 859887
860224 860371
860566 860918
860927 861120
861514 861704
861714 861775
862222 862491
862941 863263
863396 863635
863912 864078
864388 864647
864821 865107
865499 865806
866082 866437
866880 866940
867246 867568
867706 867809
867987 868110
868339 868718
868943 869111
869389 869548
869843 870231
870385 870684
870866 870900
871039 871281
871568 871780
872119 872358
872712 872904
873216 873551
873798 874079
874084 874264
874756 874948
875423 875790
876010 876035
876396 876691
877181 877231
877702 877908
877911 877958
878072 878412
878436 878533
878646 878895
878985 879363
879542 879614
879675 879996
880123 880207
880461 880615
880620 880955
881345 881423
881655 881784
882065 882404
882477 882572
882760 882771
883206 883494
883521 883822
883990 884005
884485 884875
884989 885385
885778 886005
886400 886600
886666 886840
886924 887114
887518 887670
888009 888133
888441 888793
889245 889592
889605 889730
889871 890156
890408 890521
890944 891339
891786 892157
892634 892881
893222 893592
893769 893906
894314 894630
894838 894947
895239 895247
895738 896003
896360 896567
896948 897044
897492 897664
898014 898330
898712 898714
898724 899058
899278 899353
899714 899999
900137 900519
900609 900900
901329 901527
901556 901955
902072 902122
902549 902680
903083 903472
903548 903906
904076 904384
904540 904574
904758 905041
905447 905647
905747 905970
906032 906111
906515 906863
907122 907233
907543 907908
908358 908683
908911 909189
909232 909481
909568 909720
909783 910040
910349 910676
910785 910864
911170 911446
911674 911818
912072 912416
912792 912962
913305 913336
913493 913540
913689 913963
914225 914331
914373 914434
914905 915285
915780 915984
916092 916175
916547 916658
917026 917329
917811 917817
918087 918160
918638 918822
919010 919390
919488 919814
919877 920196
920607 920875
921224 921466
921704 921914
922053 922348
922771 922814
923119 923294
923662 923760
924143 924147
924499 924821
925158 925459
925910 926281
926752 927111
927170 927351
927844 927950
928235 928294
928539 928780
928943 929275
929347 929396
929893 930017
930041 930266
930628 930828
930977 931154
931336 931627
932088 932396
932499 932838
933076 933426
933536 933908
933959 934286
934427 934644
935006 935010
935393 935790
935876 936240
936509 936643
937129 937351
937357 937362
937847 937984
938362 938475
938594 938710
938967 938999
939341 939566
939914 939990
940123 940357
940729 940991
941275 941448
941614 941931
942102 942344
942489 942567
942903 943246
943258 943400
943604 943945
943947 944113
944548 944652
944768 945030
945335 945418
945656 945976
946043 946194
946647 946714
946731 947039
947307 947442
947842 948070
948218 948433
948811 949005
949011 949205
949485 949487
949629 949746
949939 950242
950432 950540
950700 951054
951227 951520
951590 951764
951979 952225
952490 952518
952824 952872
953234 953494
953877 954042
954055 954216
954407 954425
954543 954600
954812 955029
955235 955575
955976 956323
956505 956521
956587 956640
956961 957068
957186 957501
957649 957696
957765 957975
958151 958233
958318 958388
958482 958494
958725 958918
959363 959688
960154 960437
960499 960873
960900 961259
961529 961757
962196 962370
962654 962706
962995 963236
963659 964058
964269 964412
964492 964764
964961 965003
965232 965623
966097 966457
966902 967141
967432 967732
967811 967929
968081 968201
968518 968615
969069 969147
969491 969794
969904 970078
970189 970230
970531 970535
970938 971273
971342 971356
971483 971587
971993 972134
972548 972770
972855 973036
973412 973702
973863 974141
974471 974721
975118 975325
975582 975750
976120 976393
976768 976787
977245 977617
978080 978418
978892 979149
979624 979967
980110 980386
980454 980726
981123 981349
981633 981822
981829 981983
982327 982485
982601 982734
983150 983327
983452 983554
983686 983773
984142 984151
984174 984185
984619 985017
985483 985596
985902 986179
986414 986528
986539 986901
987056 987378
987772 987800
988035 988209
988605 988652
988823 989086
989472 989698
989943 990271
990371 990661
991112 991292
991414 991699
992027 992244
992455 992571
992900 993225
993408 993701
993776 993797
993940 993955
994037 994112
994413 994446
994448 994549
994963 995076
995430 995704
996014 996040
996242 996509
996592 996725
997194 997339
997351 997676
997878 997935
998272 998298
998786 999065
999115 999144
999614 999760
999860 1000254
1000501 1000725
1001159 1001479
1001535 1001872
1002167 1002432
1002603 1002898
1003345 1003372
1003557 1003888
1004380 1004696
1005165 1005335
1005467 1005743
1006063 1006338
1006610 1006885
1007268 1007541
1007796 1007862
1008258 1008379
1008634 1008694
1008887 1008941
1009270 1009449
1009739 1010036
1010185 1010221
1010350 1010428
1010925 1011302
1011349 1011607
1011751 1012062
1012364 1012465
1012475 1012785
1013281 1013592
1014050 1014282
1014767 1014805
1015030 1015114
1015207 1015342
1015358 1015516
1015541 1015697
1015748 1015834
1016169 1016431
1016881 1017259
1017260 1017381
1017672 1017740
1017878 1018125
1018195 1018436
1018699 1018989
1019339 1019377
1019726 1019757
1019882 1020195
1020262 1020571
1020783 1021164
1021475 1021673
1021783 1021980
1022234 1022533
1022865 1022995
1023192 1023525
1023631 1023971
1024329 1024390
1024576 1024971
1025323 1025709
1025777 1025931
1026395 1026492
1026717 1027013
1027095 1027155
1027166 1027347
1027787 1028181
1028437 1028595
1028798 1029092
1029285 1029459
1029788 1030050
1030070 1030335
1030459 1030621
1031036 1031241
1031581 1031739
1031847 1032138
1032258 1032571
1032576 1032881
1033321 1033636
1033790 1034126
1034219 1034353
1034713 1035088
1035107 1035131
1035377 1035385
1035538 1035558
1036035 1036248
1036592 1036739
1036756 1036799
1036876 1036981
1036999 1037092
1037175 1037279
1037596 1037668
1037987 1038199
1038592 1038633
1038752 1038778
1038785 1038826
1038916 1039204
1039401 1039679
1039721 1039813
1039959 1040141
1040210 1040577
1040863 1041196
1041360 1041649
1041665 1041794
1042281 1042590
1042633 1042932
1043397 1043603
1043814 1043843
1043935 1044116
1044500 1044833
1044941 1045104
1045249 1045381
1045810 1045849
1046131 1046415
1046417 1046423
1046902 1047042
1047240 1047362
1047533 1047771
1048258 1048569
1048863 1049111
1049582 1049669
1050011 1050115
1050312 1050688
1050936 1050962
1051240 1051537
1051933 1052102
1052361 1052362
1052646 1052940
1053099 1053167
1053297 1053444
1053764 1053803
1053896 1054138
1054314 1054335
1054412 1054695
1054785 1054973
1055117 1055215
1055409 1055701
1055925 1056282
1056287 1056300
1056467 1056713
1057117 1057507
1057898 1058084
1058569 1058968
1059327 1059525
1059781 1059801
1060007 1060275
1060708 1060819
1061281 1061501
1061724 1061829
1061870 1062144
1062172 1062207
1062239 1062435
1062868 1063088
1063494 1063549
1063906 1064196
1064471 1064680
1064930 1065020
1065113 1065455
1065845 1066220
1066298 1066683
1066827 1066883
1066989 1067350
1067655 1067844
1068130 1068213
1068616 1068718
1068969 1069055
1069192 1069587
1069646 1069732
1069779 1070044
1070428 1070566
1071036 1071220
1071266 1071600
1071999 1072181
1072678 1072860
1073060 1073372
1073812 1074092
1074462 1074560
1074736 1075104
1075514 1075721
1075888 1075949
1076061 1076263
1076521 1076907
1077364 1077397
1077512 1077548
1077937 1078013
1078420 1078560
1078607 1079003
1079254 1079454
1079928 1080026
1080084 1080126
1080147 1080197
1080507 1080524
1080878 1080894
1081051 1081291
1081344 1081416
1081722 1081885
1081948 1082265
1082660 1082833
1082880 1083176
1083191 1083383
1083464 1083728
1084098 1084304
1084652 1084909
1085148 1085372
1085741 1085798
1086204 1086349
1086665 1086697
1086826 1087151
1087177 1087487
1087640 1087687
1088182 1088242
1088396 1088435
1088459 1088604
1089010 1089117
1089602 1089823
1090010 1090023
1090317 1090675
1090839 1090876
1091221 1091379
1091669 1092057
1092544 1092900
1093306 1093600
1093722 1093767
1093949 1094261
1094705 1094975
1095112 1095241
1095301 1095491
1095700 1095784
1095879 1096029
1096329 1096342
1096672 1096954
1097143 1097185
1097616 1097967
1098049 1098381
1098508 1098859
1099311 1099666
1099761 1099979
1100199 1100574
1100948 1101253
1101404 1101691
1101986 1102063
1102358 1102649
1102866 1103159
1103629 1103794
1104178 1104337
1104622 1104917
1104939 1105214
1105622 1105647
1105937 1106232
1106270 1106510
1106720 1106789
1107077 1107198
1107344 1107511
1107899 1108163
1108628 1108846
1109252 1109607
1109881 1110066
1110390 1110762
1110817 1110870
1111367 1111642
1111808 1111824
1112229 1112465
1112642 1112982
1112992 1113083
1113356 1113698
1113729 1113923
1114225 1114323
1114408 1114691
1115118 1115344
1115445 1115647
1116011 1116151
1116194 1116576
1117049 1117311
1117797 1118077
1118409 1118534
1118954 1119265
1119761 1120058
1120180 1120351
1120732 1120980
1121062 1121357
1121569 1121759
1122007 1122368
1122631 1122703
1122994 1123061
1123191 1123222
1123713 1123832
1123951 1124087
1124294 1124651
1124733 1124814
1125177 1125353
1125663 1125826
1126292 1126502
1126771 1127024
1127328 1127537
1127580 1127791
1127808 1128145
1128313 1128649
1128792 1128900
1129085 1129281
1129587 1129867
1130128 1130291
1130560 1130785
1130812 1131088
1131572 1131793
1132266 1132471
1132511 1132775
1132987 1133257
1133610 1133867
1134281 1134382
1134542 1134843
1134936 1135291
1135503 1135761
1135795 1135978
1136062 1136400
1136517 1136568
1136601 1136843
1137320 1137681
1138043 1138210
1138327 1138335
1138626 1138856
1138938 1139180
1139201 1139238
1139591 1139799
1139940 1140132
1140248 1140472
1140527 1140668
1140676 1140963
1141334 1141500
1141991 1142310
1142481 1142681
1142755 1143058
1143367 1143464
1143542 1143711
1144124 1144254
1144351 1144427
1144721 1144904
1145319 1145664
1145968 1146097
1146325 1146384
1146421 1146668
1146808 1147153
1147532 1147741
1148069 1148398
1148629 1148812
1149273 1149424
1149456 1149714
1149777 1149915
1150338 1150450
1150515 1150564
1151040 1151335
1151652 1151779
1151882 1151976
1152101 1152263
1152555 1152803
1153111 1153160
1153481 1153745
1153891 1153970
1154072 1154436
1154820 1155104
1155580 1155850
1156189 1156580
1156879 1157070
1157389 1157458
1157596 1157848
1157933 1158254
1158597 1158665
1159155 1159191
1159589 1159607
1159938 1160126
1160512 1160817
1160917 1161026
1161357 1161641
1161971 1162061
1162402 1162416
1162840 1162921
1163420 1163570
1163722 1163967
1164386 1164586
1164785 1164788
1164849 1165110
1165437 1165710
1166163 1166482
1166680 1167010
1167371 1167704
1167839 1168086
1168223 1168489
1168695 1168926
1169373 1169740
1170016 1170344
1170585 1170933
1171017 1171270
1171331 1171712
1172092 1172257
1172390 1172573
1172856 1173229
1173608 1173643
1174095 1174355
1174433 1174498
1174957 1175224
1175360 1175586
1175774 1175883
1176187 1176458
1176490 1176494
1176869 1177013
1177391 1177507
1177760 1178056
1178186 1178274
1178459 1178813
1179186 1179293
1179452 1179729
1179832 1180108
1180248 1180438
1180565 1180728
1180956 1181080
1181410 1181728
1181908 1182085
1182323 1182529
1182957 1183304
1183575 1183731
1183947 1184079
1184399 1184714
1185117 1185353
1185469 1185581
1185843 1186043
1186355 1186573
1186700 1186749
1187043 1187413
1187489 1187781
1188188 1188410
1188460 1188671
1188763 1188918
1189160 1189215
1189467 1189544
1189545 1189755
1189863 1190117
1190571 1190626
1190653 1190987
1191442 1191774
1192119 1192479
1192812 1193028
1193091 1193255
1193272 1193424
1193519 1193675
1193685 1193807
1194010 1194122
1194400 1194534
1194717 1194985
1195240 1195385
1195479 1195613
1195971 1196123
1196611 1196902
1196969 1197038
1197225 1197542
1197826 1198095
1198480 1198683
1199168 1199484
1199516 1199749
1199804 1199977
1199980 1200192
1200323 1200567
1200917 1200965
1201212 1201454
1201875 1202119
1202569 1202809
1203047 1203335
1203693 1203719
1203731 1203768
1203960 1204136
1204172 1204456
1204823 1204857
1205149 1205381
1205419 1205627
1205861 1206208
1206561 1206725
1207168 1207538
1207617 1207819
1208189 1208267
1208722 1208819
1209120 1209500
1209965 1210233
1210503 1210840
1211300 1211605
1211787 1211829
1211901 1212134
1212370 1212519
1212523 1212866
1212964 1213155
1213519 1213892
1214143 1214155
1214511 1214777
1214970 1215253
1215345 1215530
1215809 1215907
1216330 1216708
1217028 1217038
1217435 1217801
1217841 1218238
1218648 1218659
1218827 1218960
1219212 1219520
1219598 1219992
1220177 1220390
1220856 1221195
1221454 1221707
1222161 1222469
1222822 1222841
1223075 1223386
1223668 1223943
1224328 1224580
1224993 1225135
1225145 1225314
1225469 1225804
1226263 1226422
1226466 1226721
1227160 1227175
1227204 1227603
1227712 1227713
1227886 1228182
1228356 1228600
1228722 1228753
1228771 1228808
1228960 1229208
1229420 1229771
1230033 1230292
1230555 1230823
1231128 1231286
1231348 1231352
1231825 1232157
1232179 1232544
1232599 1232614
1232758 1233076
1233362 1233559
1233841 1233954
1234431 1234813
1235036 1235372
1235460 1235589
1235659 1235676
1235783 1235837
1235910 1236005
1236195 1236279
1236701 1236862
1236936 1237311
1237469 1237739
1237979 1238151
1238226 1238511
1238925 1239239
1239282 1239323
1239557 1239655
1240115 1240302
1240791 1241141
1241516 1241521
1241581 1241874
1241927 1242252
1242706 1243004
1243185 1243562
1243911 1244066
1244449 1244600
1244765 1245117
1245170 1245443
1245838 1245908
1246300 1246493
1246515 1246661
1246790 1246949
1247124 1247151
1247208 1247295
1247645 1247968
1248151 1248310
1248440 1248625
1248892 1249152
1249285 1249465
1249522 1249754
1250131 1250365
1250622 1250987
1251022 1251333
1251591 1251979
1252241 1252340
1252730 1253063
1253437 1253767
1254140 1254439
1254787 1254805
1255050 1255196
1255511 1255860
1256038 1256176
1256327 1256582
1256711 1256853
1256921 1257269
1257279 1257336
1257716 1258049
1258240 1258549
1258665 1258822
1258985 1259299
1259766 1260148
1260247 1260392
1260662 1260672
1261091 1261191
1261326 1261489
1261651 1261659
1261921 1262070
1262378 1262605
1262812 1263147
1263308 1263644
1263800 1263950
1264188 1264498
1264928 1265017
1265098 1265171
1265229 1265598
1265697 1265872
1266130 1266379
1266742 1267111
1267587 1267717
1267921 1268144
1268499 1268862
1268988 1269358
1269516 1269666
1270164 1270533
1270695 1270937
1271056 1271379
1271626 1271720
1271991 1272230
1272388 1272658
1272936 1273205
1273482 1273739
1274036 1274281
1274605 1274637
1274852 1275060
1275497 1275592
1276043 1276052
1276107 1276483
1276637 1276682
1277170 1277440
1277791 1278108
1278503 1278513
1278539 1278702
1279070 1279361
1279434 1279598
1279621 1279687
1279931 1280031
1280209 1280477
1280683 1280931
1281405 1281590
1282025 1282281
1282454 1282630
1282924 1283309
1283642 1283893
1284176 1284555
1284887 1284913
1285020 1285378
1285573 1285586
1285712 1285802
1285882 1286279
1286472 1286547
1286601 1286864
1287126 1287481
1287774 1287811
1287977 1288107
1288425 1288637
1288802 1289134
1289187 1289397
1289409 1289579
1289599 1289621
1289872 1290034
1290469 1290840
1290891 1291111
1291474 1291643
1291848 1292091
1292178 1292522
1292535 1292722
1292801 1293174
1293316 1293632
1293859 1294078
1294457 1294698
1294750 1295107
1295510 1295568
1295882 1295993
1296124 1296327
1296698 1296934
1297349 1297695
1297857 1298076
1298376 1298613
1298704 1299096
1299105 1299149
1299263 1299321
1299525 1299762
1299929 1300175
1300452 1300782
1300914 1300932
1301255 1301633
1301896 1302118
1302382 1302456
1302679 1302829
1303324 1303560
1303583 1303838
1303882 1304101
1304260 1304457
1304749 1304922
1305055 1305240
1305387 1305717
1306137 1306349
1306531 1306918
1307299 1307343
1307345 1307634
1307812 1307814
1307989 1308375
1308522 1308546
1309009 1309088
1309246 1309490
1309743 1309830
1310088 1310264
1310725 1310938
1311054 1311324
1311622 1311765
1311799 1311969
1312402 1312588
1313082 1313203
1313357 1313417
1313708 1313879
1313929 1313930
1314369 1314386
1314547 1314662
1315010 1315205
1315663 1315849
1316164 1316431
1316542 1316879
1317245 1317340
1317695 1318059
1318452 1318626
1318812 1318906
1319085 1319163
1319223 1319616
1319676 1319977
1320385 1320763
1321043 1321194
1321676 1322001
1322425 1322521
1322598 1322858
1323120 1323374
1323390 1323616
1323751 1324066
1324206 1324498
1324923 1325226
1325702 1325905
1325920 1326255
1326655 1326887
1327090 1327126
1327137 1327150
1327217 1327608
1327616 1327626
1327996 1328388
1328513 1328722
1329120 1329491
1329562 1329671
1330155 1330215
1330484 1330698
1331093 1331453
1331614 1331711
1332045 1332205
1332612 1332630
1333099 1333326
1333629 1333983
1334365 1334586
1334799 1334990
1335270 1335548
1336026 1336135
1336169 1336315
1336545 1336785
1337135 1337410
1337695 1337819
1338162 1338357
1338579 1338758
1338865 1338969
1338994 1339225
1339363 1339552
1339938 1339975
1339980 1340368
1340641 1340922
1341276 1341508
1341561 1341581
1341914 1342029
1342440 1342823
1342967 1343059
1343440 1343744
1343845 1344170
1344393 1344417
1344574 1344687
1344930 1344959
1345435 1345490
1345628 1345654
1345883 1345996
1346118 1346286
1346485 1346769
1346900 1347211
1347611 1347618
1347923 1348316
1348753 1349106
1349139 1349254
1349315 1349346
1349459 1349466
1349801 1350088
1350125 1350139
1350158 1350538
1350553 1350582
1350907 1351115
1351308 1351397
1351664 1351832
1352124 1352324
1352358 1352553
1352705 1352804
1353290 1353577
1354012 1354276
1354291 1354684
1354911 1355259
1355563 1355570
1356006 1356187
1356492 1356498
1356573 1356815
1356997 1357066
1357120 1357179
1357507 1357816
1358190 1358536
1358851 1359018
1359287 1359348
1359679 1359863
1359893 1360077
1360411 1360793
1360853 1361019
1361135 1361272
1361339 1361354
1361734 1362015
1362412 1362799
1362802 1362847
1363173 1363317
1363638 1363723
1364049 1364402
1364716 1364881
1364986 1365206
1365301 1365509
1365867 1366222
1366582 1366702
1367051 1367065
1367268 1367597
1367909 1367932
1368341 1368631
1368753 1369123
1369308 1369463
1369896 1370210
1370663 1370717
1371050 1371263
1371291 1371380
1371850 1372222
1372441 1372489
1372585 1372920
1372955 1373294
1373310 1373658
1374073 1374303
1374318 1374517
1374652 1374950
1375075 1375192
1375228 1375360
1375400 1375428
1375605 1375849
1376076 1376140
1376301 1376615
1376845 1377130
1377571 1377762
1377835 1378094
1378272 1378412
1378689 1378737
1379171 1379271
1379346 1379579
1379705 1379914
1380128 1380456
1380825 1381114
1381169 1381269
1381629 1381679
1381861 1382213
1382537 1382742
1382997 1383359
1383703 1384096
1384430 1384535
1384773 1384884
1385150 1385391
1385727 1385976
1386016 1386125
1386576 1386740
1386879 1387058
1387215 1387387
1387750 1387759
1387936 1388188
1388291 1388644
1388973 1388992
1389211 1389414
1389577 1389892
1390322 1390659
1390674 1390996
1391046 1391236
1391312 1391325
1391598 1391654
1392067 1392090
1392304 1392364
1392553 1392567
1392630 1392983
1393312 1393708
1393743 1393810
1394210 1394364
1394563 1394668
1394682 1395040
1395512 1395796
1396138 1396293
1396340 1396421
1396830 1396941
1397173 1397427
1397819 1398078
1398241 1398531
1398795 1399167
1399566 1399711
1400185 1400510
1400763 1400932
1401357 1401571
1401685 1401788
1401887 1402112
1402392 1402514
1402699 1402971
1403366 1403570
1403825 1404183
1404601 1404743
1405064 1405087
1405566 1405728
1406083 1406293
1406785 1407026
1407192 1407525
1407670 1407800
1407935 1408289
1408622 1409008
1409143 1409250
1409432 1409487
1409542 1409676
1410162 1410556
1410940 1411050
1411249 1411328
1411827 1412115
1412532 1412718
1413123 1413320
1413335 1413365
1413766 1414038
1414467 1414841
1414880 1415237
1415699 1415925
1416331 1416691
1416892 1416922
1417157 1417416
1417889 1418236
1418688 1418980
1419062 1419432
1419754 1419839
1420173 1420228
1420553 1420779
1420975 1421075
1421281 1421464
1421631 1421952
1422014 1422377
1422531 1422712
1423090 1423200
1423260 1423543
1423594 1423947
1424105 1424388
1424544 1424664
1424745 1425087
1425102 1425265
1425474 1425868
1426122 1426517
1426722 1426878
1427164 1427339
1427660 1427879
1428317 1428697
1428938 1429040
1429193 1429582
1429684 1429856
1430138 1430180
1430339 1430460
1430696 1431081
1431368 1431431
1431478 1431518
1431625 1431896
1431934 1432098
1432466 1432617
1432841 1433232
1433316 1433411
1433568 1433912
1434377 1434708
1434779 1434965
1435456 1435554
1435800 1435963
1436255 1436555
1436726 1436745
1436997 1437144
1437197 1437414
1437653 1437921
1437962 1438159
1438503 1438616
1438618 1438794
1439109 1439483
1439687 1439849
1440043 1440285
1440679 1440760
1441251 1441276
1441630 1441684
1442008 1442015
1442185 1442307
1442767 1442816
1443092 1443357
1443674 1443705
1443743 1443931
1444130 1444341
1444748 1444798
1445158 1445184
1445557 1445849
1445992 1446086
1446161 1446235
1446293 1446330
1446635 1446669
1446846 1447132
1447603 1447833
1448113 1448253
1448677 1448916
1449037 1449248
1449659 1450026
1450159 1450381
1450773 1450844
1450983 1451032
1451124 1451445
1451754 1451991
1452358 1452476
1452970 1453180
1453578 1453822
1454155 1454416
1454562 1454884
1455077 1455430
1455502 1455710
1455857 1456176
1456387 1456619
1456969 1457104
1457492 1457756
1457897 1457978
1457996 1458217
1458385 1458440
1458649 1458917
1459414 1459782
1460241 1460267
1460634 1460672
1461076 1461285
1461527 1461781
1462199 1462571
1462908 1463192
1463345 1463706
1464116 1464190
1464217 1464380
1464483 1464502
1464741 1465140
1465312 1465593
1465798 1466135
1466337 1466715
1467127 1467463
1467600 1467662
1467761 1468064
1468160 1468171
1468265 1468569
1468647 1468711
1469202 1469540
1469549 1469806
1470244 1470373
1470448 1470760
1470996 1471001
1471461 1471607
1471853 1472126
1472351 1472520
1473013 1473032
1473150 1473304
1473321 1473443
1473725 1474121
1474418 1474693
1475180 1475508
1475696 1476048
1476218 1476461
1476905 1477094
1477403 1477505
1477533 1477694
1477840 1478141
1478327 1478547
1478739 1478861
1478936 1479110
1479261 1479453
1479922 1480239
1480655 1480783
1480933 1481289
1481381 1481640
1481778 1481818
1482316 1482572
1482984 1483039
1483065 1483162
1483278 1483511
1483919 1484166
1484294 1484450
1484690 1484737
1484825 1484974
1485030 1485270
1485351 1485580
1486067 1486259
1486636 1486930
1487157 1487289
1487290 1487499
1487567 1487934
1488038 1488289
1488419 1488757
1488785 1489031
1489068 1489285
1489625 1489674
1489945 1490152
1490298 1490673
1490790 1490852
1491000 1491297
1491711 1491844
1491931 1492166
1492291 1492683
1492805 1492856
1493054 1493083
1493455 1493512
1493733 1494128
1494231 1494301
1494686 1494819
1494991 1495017
1495237 1495479
1495565 1495796
1495964 1496102
1496336 1496510
1496806 1496814
1496948 1497260
1497640 1497863
1498144 1498478
1498801 1499095
1499528 1499648
1500011 1500172
1500228 1500414
1500728 1500782
1501276 1501288
1501335 1501488
1501535 1501777
1502141 1502368
1502780 1502880
1502949 1503245
1503580 1503678
1504028 1504309
1504415 1504669
1505125 1505288
1505750 1506128
1506275 1506435
1506506 1506842
1506948 1507301
1507343 1507414
1507690 1507869
1508338 1508366
1508404 1508644
1508764 1508990
1509026 1509387
1509814 1509830
1510253 1510311
1510439 1510498
1510499 1510722
1510996 1511336
1511748 1511791
1512129 1512269
1512434 1512615
1512724 1512837
1513167 1513534
1513579 1513636
1513846 1514203
1514424 1514543
1514920 1515061
1515396 1515407
1515677 1516018
1516409 1516709
1517083 1517275
1517304 1517382
1517706 1518028
1518353 1518603
1518716 1518784
1518919 1519252
1519321 1519329
1519749 1519939
1520101 1520437
1520558 1520846
1521315 1521665
1521771 1521800
1522044 1522212
1522491 1522750
1522932 1523178
1523425 1523612
1523670 1523702
1524151 1524177
1524308 1524657
1525008 1525301
1525568 1525943
1526348 1526517
1526740 1527072
1527455 1527853
1528185 1528397
1528822 1528901
1529233 1529259
1529532 1529558
1529576 1529916
1529961 1530019
1530242 1530264
1530305 1530597
1530963 1531202
1531636 1531905
1532186 1532354
1532560 1532578
1533056 1533272
1533655 1533978
1534307 1534428
1534553 1534586
1534981 1535034
1535043 1535388
1535645 1535694
1535877 1536133
1536191 1536360
1536459 1536539
1536813 1537032
1537253 1537592
1537661 1537902
1537981 1538354
1538731 1539026
1539092 1539276
1539301 1539568
1540047 1540082
1540284 1540337
1540832 1540949
1541177 1541550
1541624 1542020
1542483 1542858
1543177 1543477
1543763 1543856
1543927 1544125
1544553 1544930
1545186 1545392
1545416 1545787
1546023 1546238
1546396 1546612
1546669 1547019
1547284 1547583
1547827 1548188
1548542 1548825
1548904 1549016
1549409 1549588
1549636 1549708
1550004 1550054
1550369 1550664
1550858 1551064
1551409 1551787
1552243 1552274
1552311 1552608
1552733 1552808
1553222 1553572
1553932 1553953
1554188 1554472
1554902 1555252
1555529 1555692
1555816 1555978
1556040 1556272
1556559 1556761
1557175 1557489
1557580 1557725
1557818 1557820
1557980 1558140
1558496 1558727
1558978 1559283
1559646 1559736
1559763 1559906
1560120 1560430
1560719 1560759
1561033 1561297
1561716 1562103
1562285 1562354
1562757 1563136
1563284 1563505
1563999 1564254
1564397 1564630
1564947 1565067
1565215 1565558
1565967 1566159
1566513 1566892
1567162 1567342
1567696 1567994
1568435 1568566
1568793 1568925
1569022 1569272
1569364 1569655
1570006 1570226
1570329 1570337
1570647 1570748
1571082 1571152
1571240 1571331
1571575 1571653
1571730 1571859
1572275 1572457
1572664 1572798
1573140 1573270
1573608 1573788
1573818 1574001
1574370 1574732
1574880 1575267
1575441 1575479
1575702 1576079
1576478 1576643
1577070 1577167
1577592 1577689
1578137 1578406
1578535 1578831
1579246 1579472
1579552 1579904
1579927 1580164
1580239 1580491
1580884 1581136
1581599 1581628
1582073 1582346
1582539 1582644
1582994 1583258
1583361 1583738
1583915 1584029
1584394 1584600
1584620 1584964
1584973 1585322
1585555 1585715
1585780 1585899
1586168 1586388
1586718 1586797
1587118 1587138
1587346 1587593
1587974 1588262
1588680 1589041
1589231 1589301
1589327 1589359
1589440 1589812
1590124 1590436
1590858 1591149
1591465 1591702
1591767 1591966
1592007 1592132
1592608 1592981
1593370 1593406
1593671 1593928
1594249 1594557
1594822 1595153
1595427 1595628
1595733 1596106
1596124 1596471
1596614 1596834
1597062 1597352
1597845 1597916
1597974 1598042
1598233 1598544
1598843 1598844
1599194 1599392
1599593 1599906
1600087 1600396
1600856 1601061
1601499 1601535
1601904 1602196
1602597 1602751
1603001 1603073
1603168 1603462
1603463 1603544
1603552 1603820
1603920 1604244
1604512 1604611
1604922 1604980
1605219 1605510
1605709 1606009
1606320 1606485
1606488 1606839
1607195 1607363
1607579 1607934
1608428 1608505
1608978 1609138
1609254 1609588
1609840 1609887
1610300 1610559
1610750 1611110
1611209 1611604
1611832 1612185
1612654 1612748
1613138 1613285
1613467 1613616
1613792 1613814
1613832 1613957
1614316 1614540
1614810 1614908
1615008 1615315
1615621 1615774
1615785 1616159
1616331 1616586
1616612 1616773
1617102 1617297
1617508 1617887
1617924 1618302
1618434 1618818
1618954 1619341
1619357 1619682
1619900 1619986
1620053 1620224
1620688 1620741
1620820 1621103
1621412 1621715
1622054 1622284
1622475 1622575
1622614 1622688
1622735 1622947
1622987 1622996
1623337 1623338
1623501 1623837
1623867 1624216
1624446 1624741
1624986 1625175
1625626 1625739
1626228 1626503
1626523 1626740
1627180 1627467
1627913 1627944
1628329 1628482
1628706 1628961
1628986 1629355
1629705 1630052
1630059 1630062
1630454 1630644
1630866 1630988
1631014 1631249
1631349 1631497
1631626 1631782
1632012 1632063
1632258 1632424
1632830 1633210
1633434 1633594
1633631 1633685
1633996 1634379
1634519 1634592
1634814 1635150
1635628 1635783
1635826 1636219
1636451 1636640
1636804 1636832
1637265 1637511
1637622 1637633
1638017 1638043
1638404 1638632
1639037 1639103
1639194 1639236
1639288 1639672
1640093 1640407
1640842 1640897
1640976 1641360
1641366 1641598
1641677 1641735
1641947 1642118
1642496 1642507
1642551 1642597
1642892 1643123
1643471 1643504
1643533 1643680
1643774 1644128
1644221 1644396
1644628 1644752
1644844 1644957
1645398 1645594
1645819 1645852
1646095 1646443
1646582 1646918
1647201 1647269
1647679 1648062
1648078 1648448
1648869 1648958
1649184 1649291
1649320 1649599
1650035 1650280
1650416 1650507
1650910 1651003
1651421 1651451
1651627 1651678
1651694 1652087
1652576 1652866
1653072 1653161
1653424 1653780
1653849 1654097
1654486 1654639
1654919 1654944
1655338 1655659
1655899 1656109
1656345 1656621
1656885 1656974
1657448 1657549
1657945 1658284
1658406 1658533
1658850 1658922
1659156 1659365
1659604 1659711
1659743 1660030
1660217 1660425
1660818 1661034
1661070 1661074
1661310 1661642
1661799 1661924
1662311 1662354
1662723 1662816
1663002 1663331
1663644 1663844
1664177 1664350
1664569 1664669
1664910 1665078
1665110 1665329
1665352 1665517
1665810 1665880
1666160 1666433
1666868 1667165
1667433 1667501
1667539 1667550
1667977 1668328
1668702 1668963
1669268 1669446
1669685 1670026
1670196 1670224
1670551 1670714
1670962 1671209
1671467 1671626
1672076 1672389
1672566 1672917
1673215 1673432
1673551 1673644
1673958 1674218
1674567 1674912
1675367 1675507
1675671 1675746
1675976 1676103
1676187 1676355
1676393 1676682
1677035 1677410
1677587 1677603
1678098 1678465
1678475 1678719
1678813 1678843
1679190 1679310
1679610 1679993
1680326 1680699
1681188 1681578
1681778 1681861
1682177 1682561
1683036 1683400
1683850 1683996
1684336 1684574
1684949 1684966
1685324 1685335
1685575 1685824
1685990 1686241
1686463 1686591
1686812 1687158
1687496 1687550
1687674 1688032
1688248 1688492
1688885 1688960
1689090 1689216
1689373 1689521
1689536 1689638
1689729 1690005
1690240 1690618
1690677 1691028
1691199 1691416
1691690 1691698
1692188 1692214
1692653 1692762
1693090 1693198
1693665 1693822
1694000 1694198
1694676 1694709
1695208 1695328
1695808 1696195
1696496 1696756
1696848 1697196
1697599 1697751
1697946 1698233
1698642 1698659
1698834 1699064
1699133 1699465
1699720 1699788
1700068 1700141
1700603 1700941
1701394 1701659
1702095 1702131
1702290 1702354
1702570 1702780
1703031 1703418
1703869 1703876
1704235 1704254
1704422 1704761
1705179 1705285
1705711 1705854
1705890 1706126
1706563 1706793
1707023 1707085
1707556 1707763
1707937 1708003
1708478 1708481
1708527 1708870
1709215 1709425
1709677 1709821
1709836 1710229
1710596 1710995
1711383 1711762
1711889 1712215
1712711 1713095
1713137 1713294
1713777 1713781
1714077 1714268
1714743 1715031
1715067 1715338
1715776 1716024
1716467 1716819
1717096 1717206
1717376 1717623
1718014 1718171
1718353 1718460
1718719 1718729
1718772 1719053
1719290 1719465
1719785 1719947
1720082 1720280
1720522 1720718
1721154 1721239
1721672 1721872
1722352 1722714
1723004 1723210
1723575 1723878
1724363 1724745
1724910 1725009
1725109 1725290
1725437 1725537
1725984 1726213
1726314 1726535
1726880 1727106
1727578 1727708
1727945 1728237
1728631 1729010
1729493 1729784
1730097 1730405
1730866 1731252
1731316 1731569
1731657 1731784
1732154 1732175
1732290 1732300
1732678 1732780
1732969 1733351
1733632 1733765
1734024 1734232
1734616 1734827
1734892 1735114
1735605 1735632
1735855 1736078
1736297 1736586
1736702 1736851
1737014 1737399
1737514 1737655
1738121 1738131
1738133 1738146
1738180 1738325
1738349 1738645
1739086 1739129
1739598 1739889
1740388 1740740
1740840 1740866
1740985 1741267
1741408 1741614
1741809 1742095
1742338 1742550
1742994 1743062
1743121 1743250
1743524 1743914
1744192 1744392
1744487 1744587
1744700 1745086
1745244 1745404
1745779 1745875
1746065 1746392
1746463 1746527
1746934 1747044
1747313 1747329
1747742 1747984
1748060 1748230
1748439 1748604
1748658 1748895
1748972 1749302
1749398 1749667
1749706 1749897
1750328 1750435
1750676 1750782
1751216 1751485
1751705 1751858
1752157 1752232
1752656 1753030
1753467 1753734
1754165 1754534
1754796 1754821
1754945 1755165
1755291 1755568
1755596 1755797
1755931 1756074
1756549 1756750
1757249 1757369
1757556 1757573
1757814 1758066
1758300 1758663
1758741 1759028
1759386 1759452
1759629 1759955
1760274 1760634
1760707 1760884
1760935 1761310
1761549 1761722
1762195 1762356
1762424 1762620
1762956 1763274
1763684 1763838
1764174 1764488
1764916 1764956
1765453 1765758
1765899 1765978
1766021 1766414
1766758 1766808
1766834 1767202
1767532 1767770
1767938 1768128
1768524 1768893
1769143 1769423
1769680 1769755
1770060 1770172
1770556 1770612
1770757 1770985
1770990 1771073
1771116 1771247
1771407 1771787
1772069 1772296
1772631 1772848
1772907 1772975
1773019 1773248
1773481 1773572
1773580 1773961
1774232 1774573
1774748 1775005
1775503 1775867
1775954 1776014
1776320 1776478
1776647 1776966
1777018 1777145
1777391 1777478
1777867 1777938
1778343 1778644
1779136 1779252
1779626 1779940
1780099 1780453
1780779 1781045
1781357 1781380
1781823 1782162
1782650 1782957
1783230 1783619
1783921 1784152
1784475 1784814
1785171 1785552
1785554 1785719
1786183 1786421
1786907 1786940
1787419 1787646
1787845 1787990
1788354 1788602
1788962 1789142
1789197 1789305
1789402 1789506
1789685 1789713
1789944 1790091
1790519 1790691
1790717 1790845
1791330 1791345
1791473 1791504
1791561 1791892
1792388 1792423
1792520 1792657
1792813 1792816
1793215 1793310
1793479 1793816
1794084 1794159
1794418 1794468
1794901 1795135
1795326 1795669
1795773 1796031
1796123 1796451
1796477 1796668
1796965 1797227
1797541 1797718
1797921 1798041
1798185 1798266
1798517 1798703
1799125 1799417
1799724 1799855
1799873 1800010
1800256 1800287
1800522 1800551
1800733 1800821
1801298 1801368
1801773 1801813
1802243 1802301
1802534 1802695
1803080 1803431
1803789 1804062
1804437 1804694
1804754 1804791
1805021 1805350
1805535 1805861
1806326 1806567
1807042 1807065
1807220 1807588
1808001 1808099
1808306 1808489
1808536 1808759
1808935 1809325
1809562 1809673
1810009 1810333
1810496 1810547
1810810 1811016
1811226 1811412
1811682 1811756
1811932 1812117
1812222 1812363
1812504 1812775
1813053 1813157
1813472 1813743
1814099 1814116
1814462 1814631
1814724 1815063
1815426 1815570
1816052 1816239
1816290 1816418
1816740 1816975
1817040 1817160
1817516 1817537
1817869 1817907
1818383 1818459
1818822 1818986
1819019 1819411
1819647 1819833
1820144 1820247
1820462 1820504
1820925 1821262
1821419 1821535
1821692 1821971
1822161 1822403
1822828 1822924
1823133 1823343
1823511 1823880
1824144 1824479
1824679 1825007
1825287 1825329
1825790 1825953
1826088 1826163
1826404 1826558
1826792 1826902
1827255 1827454
1827781 1828060
1828291 1828452
1828511 1828886
1829156 1829355
1829545 1829773
1830016 1830203
1830225 1830389
1830672 1831027
1831237 1831379
1831444 1831626
1831664 1831764
1831932 1832128
1832606 1832736
1832770 1832993
1833286 1833542
1833644 1833879
1833939 1834001
1834003 1834051
1834092 1834316
1834388 1834540
1834679 1834780
1835251 1835508
1835981 1836308
1836320 1836342
1836745 1836925
1837271 1837568
1838061 1838367
1838414 1838703
1838736 1838794
1839209 1839443
1839595 1839716
1840195 1840407
1840751 1841034
1841195 1841584
1841813 1841815
1842068 1842137
1842391 1842396
1842735 1843025
1843038 1843411
1843426 1843813
1843906 1844303
1844447 1844785
1844975 1845142
1845475 1845856
1846278 1846397
1846828 1846955
1847181 1847353
1847408 1847778
1847888 1848240
1848376 1848609
1848792 1849030
1849193 1849421
1849608 1849834
1850158 1850480
1850804 1850822
1851316 1851684
1852136 1852471
1852878 1852942
1853082 1853117
1853338 1853406
1853694 1853744
1853880 1853943
1854199 1854467
1854692 1854694
1854831 1855150
1855642 1855782
1856272 1856361
1856433 1856718
1857028 1857215
1857273 1857557
1857937 1858302
1858663 1859010
1859340 1859570
1859909 1859963
1860373 1860736
1860891 1861186
1861556 1861875
1862259 1862320
1862483 1862600
1862913 1862939
1863260 1863491
1863492 1863513
1863678 1863972
1864138 1864204
1864231 1864604
1864736 1864912
1864958 1865123
1865142 1865180
1865570 1865574
1865593 1865729
1866211 1866286
1866524 1866568
1866808 1867206
1867390 1867626
1868115 1868203
1868533 1868566
1868856 1869107
1869253 1869508
1869989 1870206
1870318 1870540
1870973 1870988
1871131 1871293
1871647 1871961
1872445 1872719
1873196 1873291
1873535 1873640
1873958 1874349
1874734 1875088
1875429 1875683
1875950 1875960
1876070 1876123
1876577 1876923
1877144 1877534
1877583 1877594
1877798 1878186
1878451 1878487
1878949 1879126
1879362 1879506
1879528 1879703
1879733 1879974
1880317 1880387
1880856 1880933
1881099 1881493
1881698 1881952
1882174 1882401
1882553 1882920
1883167 1883470
1883708 1883958
1884112 1884478
1884842 1885192
1885511 1885868
1885896 1885923
1886331 1886700
1887103 1887329
1887490 1887734
1888111 1888184
1888302 1888499
1888730 1889008
1889227 1889561
1889953 1890192
1890332 1890724
1891203 1891599
1891641 1891802
1892060 1892135
1892456 1892472
1892533 1892541
1892642 1892732
1892931 1893281
1893483 1893638
1893724 1893765
1893885 1894003
1894198 1894597
1895000 1895250
1895400 1895421
1895854 1896038
1896446 1896535
1896903 1897188
1897236 1897561
1897996 1898178
1898253 1898455
1898689 1898941
1899208 1899289
1899513 1899595
1899846 1899913
1900295 1900671
1901003 1901055
1901187 1901385
1901691 1901869
1902363 1902405
1902725 1903031
1903117 1903394
1903801 1904095
1904502 1904785
1905073 1905310
1905561 1905594
1905762 1905998
1906278 1906297
1906596 1906619
1906810 1907193
1907583 1907648
1908140 1908467
1908729 1908919
1908927 1909133
1909423 1909707
1909982 1910215
1910535 1910930
1911066 1911386
1911621 1911946
1912127 1912289
1912463 1912597
1912732 1912782
1913147 1913172
1913292 1913672
1914021 1914338
1914804 1915141
1915153 1915432
1915776 1915960
1916093 1916334
1916470 1916849
1917271 1917322
1917419 1917691
1918161 1918528
1918925 1918961
1919397 1919473
1919888 1920278
1920562 1920624
1920743 1920993
1921305 1921582
1921788 1922104
1922404 1922482
1922792 1923055
1923342 1923711
1924043 1924079
1924339 1924569
1924744 1925136
1925587 1925796
1926178 1926350
1926735 1926801
1927025 1927270
1927519 1927665
1927824 1928216
1928356 1928687
1929126 1929492
1929587 1929846
1929979 1930334
1930367 1930550
1930624 1930749
1931059 1931290
1931570 1931734
1931980 1932181
1932271 1932585
1932759 1932996
1933230 1933421
1933460 1933773
1933847 1934083
1934355 1934712
1935138 1935156
1935233 1935619
1935722 1935852
1936313 1936524
1936653 1936667
1936822 1937096
1937551 1937749
1937845 1938158
1938416 1938668
1938847 1939098
1939151 1939415
1939725 1939890
1940123 1940474
1940782 1940921
1941410 1941564
1942016 1942411
1942743 1942828
1943213 1943382
1943435 1943780
1944107 1944358
1944452 1944587
1944760 1944947
1945112 1945503
1945556 1945682
1946158 1946248
1946737 1946927
1947291 1947437
1947755 1947984
1948277 1948590
1948983 1949218
1949221 1949562
1950027 1950044
1950488 1950865
1951294 1951476
1951644 1951937
1952432 1952600
1952663 1952807
1953144 1953297
1953523 1953815
1953966 1954226
1954694 1954712
1954979 1955104
1955173 1955463
1955960 1956268
1956495 1956699
1956771 1956897
1956908 1957251
1957565 1957598
1957615 1957946
1958064 1958205
1958554 1958695
1959133 1959226
1959579 1959960
1960386 1960409
1960766 1960960
1961395 1961616
1962100 1962304
1962780 1962958
1963133 1963416
1963480 1963569
1963856 1963968
1964308 1964339
1964709 1964815
1965236 1965377
1965536 1965856
1965970 1966102
1966118 1966142
1966380 1966656
1967086 1967431
1967883 1968025
1968475 1968581
1968831 1969078
1969489 1969814
1970037 1970413
1970538 1970851
1971261 1971453
1971938 1972007
1972018 1972061
1972551 1972848
1973132 1973358
1973404 1973539
1973578 1973595
1973849 1974130
1974589 1974831
1975174 1975291
1975639 1975770
1975934 1976006
1976041 1976328
1976782 1977142
1977400 1977586
1978076 1978100
1978214 1978342
1978823 1978973
1979327 1979587
1979807 1979995
1980256 1980483
1980484 1980558
1980664 1981000
1981412 1981644
1981820 1981829
1982182 1982378
1982714 1983026
1983524 1983547
1983625 1983821
1983862 1984237
1984736 1984866
1985351 1985710
1985851 1985984
1986326 1986524
1987008 1987091
1987145 1987164
1987596 1987972
1988433 1988558
1988652 1988780
1989056 1989386
1989827 1989984
1990413 1990666
1990924 1991037
1991499 1991699
1991833 1991968
1992300 1992310
1992794 1993018
1993507 1993638
1993907 1993934
1994004 1994310
1994583 1994913
1994982 1994984
1995002 1995163
1995172 1995431
1995549 1995839
1996205 1996246
1996477 1996695
1996912 1997147
1997418 1997726
1998060 1998182
1998664 1998995
1999124 1999321
1999549 1999882
2000073 2000447
2000556 2000578
2000688 2000714
2000764 2000856
2000933 2001108
2001398 2001424
2001772 2002081
2002500 2002729
2002849 2002878
2003198 2003201
2003301 2003522
2004008 2004347
2004631 2005016
2005473 2005649
2006107 2006165
2006316 2006326
2006510 2006765
2007054 2007421
2007732 2008112
2008343 2008361
2008566 2008903
2009363 2009505
2009949 2010319
2010396 2010703
2010845 2011058
2011135 2011508
2011808 2012006
2012084 2012446
2012820 2013114
2013293 2013445
2013700 2013884
2013980 2014362
2014443 2014573
2014857 2014913
2015212 2015441
2015694 2015760
2015792 2015905
2016189 2016347
2016808 2017156
2017428 2017778
2018106 2018404
2018643 2018788
2019070 2019134
2019492 2019517
2019705 2019880
2020195 2020493
2020721 2020943
2021005 2021386
2021397 2021738
2021753 2021965
2022254 2022297
2022420 2022612
2022971 2023053
2023305 2023675
2024048 2024141
2024403 2024634
2024847 2025202
2025397 2025466
2025624 2025927
2026294 2026442
2026566 2026656
2027070 2027214
2027629 2027939
2028344 2028473
2028890 2029087
2029448 2029479
2029788 2029960
2030440 2030515
2030700 2031072
2031509 2031531
2031759 2031819
2032144 2032148
2032253 2032410
2032414 2032681
2032854 2033056
2033119 2033177
2033585 2033657
2033868 2034011
2034264 2034641
2035027 2035167
2035568 2035876
2036185 2036442
2036704 2036814
2037216 2037526
2037875 2038041
2038269 2038624
2039068 2039314
2039334 2039585
2039848 2039990
2040068 2040321
2040448 2040741
2041032 2041248
2041680 2041742
2042035 2042207
2042260 2042364
2042717 2042974
2043316 2043374
2043434 2043716
2044036 2044201
2044406 2044703
2044750 2045121
2045388 2045434
2045522 2045909
2046202 2046226
2046350 2046501
2046585 2046610
2046701 2046998
2047084 2047121
2047618 2047826
2048289 2048673
2048922 2048925
2049400 2049624
2049947 2050069
2050279 2050413
2050828 2051059
2051429 2051470
2051693 2051712
2051989 2052269
2052574 2052925
2053295 2053639
2053775 2053928
2054078 2054358
2054829 2054877
2055014 2055305
2055778 2056002
2056426 2056810
2056827 2057006
2057014 2057331
2057656 2057958
2058152 2058447
2058579 2058662
2059065 2059078
2059404 2059484
2059711 2059736
2060181 2060503
2060777 2061017
2061214 2061569
2061890 2061913
2062125 2062140
2062568 2062710
2062871 2062917
2063120 2063275
2063332 2063529
2063631 2063960
2064410 2064699
2065026 2065098
2065318 2065685
2066126 2066437
2066784 2066925
2066956 2066975
2067285 2067603
2067670 2067960
2068170 2068525
2068713 2068847
2068997 2069374
2069492 2069810
2070154 2070306
2070521 2070893
2071092 2071163
2071281 2071346
2071456 2071493
2071748 2072104
2072136 2072296
2072372 2072646
2073050 2073110
2073189 2073370
2073384 2073407
2073446 2073609
2073802 2074157
2074595 2074906
2075223 2075593
2075855 2076166
2076491 2076846
2076967 2077031
2077462 2077804
2078100 2078338
2078661 2078824
2078953 2079231
2079603 2079991
2080077 2080333
2080739 2081095
2081352 2081568
2081882 2082016
2082337 2082354
2082786 2083113
2083355 2083435
2083822 2084185
2084288 2084413
2084810 2085086
2085298 2085449
2085733 2085834
2086009 2086366
2086778 2087044
2087484 2087647
2087784 2087994
2088017 2088245
2088679 2088997
2089466 2089590
2089845 2089897
2090380 2090434
2090462 2090716
2090752 2091087
2091476 2091549
2091670 2091709
2092043 2092115
2092158 2092368
2092498 2092866
2093332 2093404
2093832 2094045
2094464 2094804
2095246 2095509
2095728 2095762
2096050 2096139
2096244 2096603
2096760 2096898
2097132 2097316
2097580 2097971
2097977 2098092
2098312 2098533
2098987 2099017
2099270 2099342
2099633 2099917
2100010 2100129
2100245 2100516
2100809 2100999
2101464 2101594
2101676 2102027
2102140 2102499
2102755 2102847
2103060 2103211
2103576 2103858
2104075 2104218
2104353 2104419
2104621 2104818
2104987 2105002
2105137 2105408
2105770 2106128
2106506 2106784
2107031 2107415
2107542 2107673
2108098 2108462
2108608 2108994
2109414 2109493
2109591 2109653
2109985 2110006
2110015 2110291
2110356 2110652
2110960 2111235
2111551 2111757
2111806 2112060
2112402 2112702
2112792 2112821
2112828 2112978
2113470 2113508
2113603 2113636
2113800 2113887
2114361 2114433
2114753 2114958
2115443 2115765
2116125 2116399
2116619 2116729
2116864 2116889
2117079 2117398
2117650 2117843
2117992 2118167
2118340 2118676
2118893 2119147
2119494 2119651
2120001 2120155
2120330 2120537
2120814 2120957
2121300 2121652
2121923 2122030
2122526 2122624
2122958 2123072
2123275 2123613
2123998 2124226
2124481 2124791
2125131 2125171
2125593 2125851
2126173 2126293
2126452 2126706
2126834 2126844
2126901 2127094
2127419 2127805
2128158 2128417
2128895 2129019
2129140 2129182
2129406 2129500
2129572 2129581
2129625 2129751
2129881 2129891
2130363 2130579
2130636 2131009
2131226 2131412
2131675 2131939
2132351 2132671
2133075 2133151
2133370 2133483
2133916 2134068
2134457 2134621
2135025 2135103
2135197 2135337
2135680 2135914
2136201 2136492
2136807 2137173
2137367 2137679
2138013 2138392
2138601 2138781
2138826 2139195
2139421 2139593
2140071 2140194
2140548 2140858
2140915 2140985
2141367 2141481
2141651 2141673
2141844 2141964
2142322 2142658
2142665 2142928
2143066 2143463
2143722 2143863
2144313 2144610
2144999 2145305
2145657 2145729
2146089 2146236
2146457 2146757
2146830 2147089
2147583 2147912
2148379 2148772
2149166 2149265
2149567 2149644
2149807 2149865
2149877 2149907
2149972 2150273
2150751 2151119
2151267 2151511
2152005 2152371
2152796 2153183
2153198 2153498
2153594 2153824
2154155 2154432
2154702 2154836
2155023 2155129
2155355 2155711
2156105 2156216
2156332 2156490
2156960 2157152
2157281 2157669
2158109 2158320
2158496 2158625
2158785 2159125
2159267 2159505
2159907 2160233
2160676 2160735
2160957 2161290
2161486 2161657
2161687 2162000
2162474 2162797
2162979 2163237
2163625 2163894
2164156 2164253
2164458 2164623
2165111 2165235
2165388 2165439
2165762 2166102
2166542 2166614
2167008 2167406
2167475 2167695
2167869 2168088
2168380 2168732
2169026 2169377
2169594 2169755
2169841 2169976
2170142 2170428
2170458 2170616
2170945 2171099
2171375 2171763
2172008 2172037
2172367 2172541
2172703 2172860
2172943 2173006
2173460 2173528
2173709 2173981
2174381 2174584
2175034 2175080
2175149 2175264
2175524 2175613
2175972 2176264
2176619 2176855
2177181 2177509
2177736 2177901
2178396 2178516
2178635 2179031
2179281 2179424
2179844 2180136
2180334 2180356
2180646 2180883
2180925 2181239
2181693 2182078
2182506 2182774
2182996 2183311
2183727 2183796
2183962 2184031
2184170 2184471
2184931 2185142
2185580 2185739
2185761 2185921
2186237 2186255
2186318 2186583
2186822 2186887
2187319 2187450
2187457 2187706
2187736 2187898
2187990 2188003
2188465 2188583
2188826 2188868
2189150 2189415
2189767 2189982
2190466 2190690
2190693 2190857
2191342 2191489
2191521 2191816
2191847 2192027
2192488 2192622
2192754 2192975
2193185 2193389
2193573 2193823
2193917 2194128
2194186 2194234
2194531 2194694
2194790 2194947
2195358 2195634
2195974 2196236
2196502 2196669
2196822 2196907
2197104 2197271
2197377 2197703
2197782 2197997
2198356 2198409
2198437 2198527
2198901 2199206
2199460 2199606
2200092 2200215
2200414 2200756
2200761 2201007
2201491 2201696
2201764 2201864
2201928 2202233
2202440 2202668
2202707 2202774
2203174 2203492
2203526 2203867
2204034 2204153
2204159 2204442
2204461 2204685
2204887 2205106
2205384 2205781
2206252 2206392
2206459 2206766
2207075 2207346
2207610 2207846
2208287 2208401
2208889 2208950
2209023 2209380
2209754 2209877
2210003 2210179
2210185 2210370
2210704 2211057
2211156 2211358
2211414 2211560
2211569 2211851
2211956 2212031
2212364 2212572
2212970 2212975
2213130 2213237
2213273 2213551
2213613 2213687
2213706 2214002
2214474 2214816
2215234 2215329
2215611 2215783
2215954 2216318
2216510 2216547
2216955 2217319
2217552 2217667
2217803 2218184
2218331 2218668
2218953 2219059
2219114 2219329
2219529 2219551
2219857 2220130
2220389 2220539
2220757 2221111
2221593 2221668
2221749 2222103
2222353 2222661
2222856 2223125
2223377 2223595
2223828 2223905
2223912 2224099
2224225 2224486
2224681 2224904
2224920 2225275
2225518 2225722
2225977 2225998
2226385 2226657
2226689 2227073
2227145 2227361
2227731 2227973
2228085 2228375
2228794 2228858
2229152 2229246
2229564 2229723
2229730 2229785
2229991 2230228
2230704 2230930
2231074 2231109
2231539 2231668
2232075 2232121
2232407 2232763
2233152 2233352
2233699 2233941
2233967 2234084
2234298 2234346
2234842 2235102
2235106 2235246
2235627 2235688
2236066 2236152
2236242 2236273
2236487 2236765
2237036 2237230
2237336 2237349
2237783 2238094
2238385 2238438
2238450 2238608
2238871 2239008
2239478 2239647
2240015 2240413
2240478 2240788
2240866 2241254
2241311 2241541
2241854 2242145
2242442 2242467
2242794 2242816
2243021 2243035
2243468 2243515
2243801 2244196
2244378 2244733
2245019 2245362
2245691 2246068
2246173 2246240
2246518 2246861
2247001 2247079
2247210 2247596
