37 135
360 477
769 863
868 992
1034 1101
1176 1302
1655 1758
1905 1987
2021 2105
2260 2343
2785 2906
3290 3394
3866 3965
4300 4392
4559 4646
4921 5014
5021 5147
5377 5479
5892 5970
6141 6211
6518 6603
6604 6727
6881 6973
7451 7559
7750 7875
8327 8421
8820 8924
9156 9227
9292 9435
9654 9771
10227 10334
10352 10443
10631 10728
10988 11049
11416 11489
11813 11906
12180 12294
12768 12892
13271 13344
13769 13852
14165 14232
14520 14641
14707 14826
15308 15424
15923 16001
16284 16393
16401 16491
16594 16665
17123 17253
17408 17503
17851 17927
18059 18176
18415 18504
18790 18876
19249 19371
19557 19658
19733 19846
20065 20170
20324 20423
20431 20515
20583 20704
20984 21051
21277 21360
21386 21488
21493 21598
21857 21930
22171 22259
22270 22361
22682 22793
23006 23113
23216 23317
23470 23554
23894 24031
24118 24224
24338 24444
24502 24649
24746 24850
25098 25197
25480 25579
25796 25847
26171 26279
26732 26810
26866 26986
27385 27470
27901 28007
28050 28155
28412 28494
28716 28826
29267 29401
29664 29765
29983 30077
30552 30645
31013 31141
31200 31317
31354 31462
31687 31794
31934 32051
32326 32448
32810 32908
33370 33437
33511 33639
33752 33826
33886 33965
34050 34150
34260 34374
34671 34811
34878 34956
35179 35297
35715 35777
35841 35942
36319 36416
36894 36994
37311 37442
37836 37906
37960 38030
38526 38624
38650 38778
38789 38875
39302 39365
39585 39720
40021 40111
40242 40329
40784 40902
41374 41495
41892 42021
42261 42380
42788 42871
43366 43450
43760 43832
44158 44263
44374 44484
44843 44963
45182 45286
45428 45527
45628 45722
45730 45830
46041 46140
46353 46463
46535 46640
46654 46744
47033 47125
47623 47731
48078 48185
48579 48671
48930 49001
49490 49631
49883 49999
50470 50551
50937 51046
51286 51376
51507 51613
51943 52071
52234 52378
52742 52835
53153 53273
53650 53723
54104 54225
54458 54570
54728 54830
54988 55063
55465 55546
55890 56005
56397 56459
56783 56899
57039 57095
57295 57390
57571 57684
57812 57932
58253 58397
58848 58949
59327 59426
59827 59899
60138 60239
60246 60320
60712 60792
60999 61089
61461 61550
61827 61931
61958 62048
62130 62228
62463 62548
62662 62756
63097 63206
63363 63434
63613 63710
64038 64136
64351 64460
64738 64846
64928 65030
65454 65551
65751 65846
66234 66330
66462 66590
66925 67036
67040 67189
67220 67321
67642 67745
67880 67976
68203 68283
68775 68877
69126 69216
69477 69550
69689 69788
70066 70161
70237 70301
70796 70895
71168 71299
71575 71701
72074 72182
72674 72783
72884 73013
73488 73562
73564 73668
74042 74127
74535 74610
75035 75170
75291 75387
75786 75859
75944 76036
76487 76581
76717 76816
77149 77299
77351 77422
77660 77753
78036 78146
78416 78531
78936 79006
79461 79563
79820 79921
80116 80181
80364 80471
80769 80863
81294 81397
81764 81850
82016 82102
82393 82504
82956 83080
83326 83422
83740 83838
84129 84223
84354 84466
84881 85006
85393 85521
85670 85786
86093 86159
86311 86388
86714 86785
86853 86953
87125 87228
87466 87600
87688 87786
88101 88192
88391 88508
88539 88649
88813 88936
89098 89188
89673 89748
90068 90179
90356 90480
90580 90651
91119 91232
91727 91791
92044 92146
92617 92696
92929 93034
93180 93291
93477 93568
93887 94023
94210 94323
94657 94750
94944 95069
95470 95581
95866 96013
96266 96342
96621 96715
96738 96850
97269 97392
97545 97610
97929 98033
98483 98583
98933 99018
99308 99437
99661 99752
100012 100126
100402 100509
100815 100882
101311 101421
101663 101777
102204 102292
102464 102568
102583 102670
102924 103024
103393 103490
103922 104032
104154 104267
104744 104841
105042 105154
105184 105279
105666 105754
106214 106364
106807 106921
106946 107012
107275 107398
107751 107858
108048 108161
108394 108508
108651 108760
109112 109208
109331 109420
109622 109714
110145 110212
110488 110582
111007 111100
111322 111453
111748 111846
111929 112020
112235 112387
112588 112661
113026 113150
113182 113300
113768 113885
114120 114204
114659 114770
114817 114939
115245 115330
115606 115714
116031 116145
116549 116673
116698 116796
117223 117296
117304 117400
117889 117983
118032 118130
118161 118239
118447 118536
118784 118921
119220 119314
119813 119879
120075 120187
120249 120351
120700 120779
120916 121000
121129 121240
121530 121606
121625 121736
122058 122141
122229 122320
122768 122865
123263 123334
123437 123530
123627 123703
123905 124015
124389 124437
124926 125024
125480 125593
125896 126014
126399 126475
126796 126907
127209 127285
127365 127437
127539 127618
127811 127880
128200 128350
128653 128756
129182 129296
129442 129561
129631 129726
130055 130177
130548 130656
130812 130867
131037 131135
131170 131299
131647 131747
131797 131897
131915 132005
132343 132472
132817 132880
133140 133230
133632 133716
134110 134161
134462 134576
134612 134692
134902 135029
135451 135529
135585 135702
136055 136134
136322 136392
136642 136787
136951 137059
137231 137328
137669 137765
137958 138057
138298 138394
138612 138658
138707 138768
139030 139122
139178 139302
139588 139649
139886 139988
140028 140137
140170 140291
140437 140535
140819 140950
141188 141282
141397 141521
141578 141691
141819 141926
142383 142490
142967 143058
143206 143281
143511 143604
143798 143877
144262 144384
144582 144672
145123 145239
145701 145795
146142 146217
146704 146803
146935 147038
147058 147140
147522 147623
147835 147906
148213 148323
148761 148850
149080 149190
149542 149667
150054 150172
150414 150496
150819 150930
151254 151375
151510 151643
151807 151920
152253 152375
152550 152645
152998 153091
153107 153212
153493 153588
153688 153781
154168 154265
154621 154738
155084 155119
155580 155658
155730 155798
155992 156084
156337 156459
156687 156774
156778 156866
157048 157144
157598 157723
157804 157930
158202 158343
158602 158711
159107 159190
159630 159725
159842 159911
160231 160295
160390 160513
160890 160953
161305 161388
161399 161499
161808 161912
162324 162428
162794 162890
163325 163384
163774 163870
164182 164284
164695 164836
165142 165275
165535 165631
166096 166197
166638 166761
167228 167338
167415 167489
167940 168068
168078 168175
168548 168655
168948 169062
169276 169352
169394 169523
169760 169843
169949 170039
170073 170238
170244 170345
170442 170573
170614 170752
171233 171297
171526 171645
172081 172139
172284 172398
172431 172555
172760 172902
173098 173196
173402 173490
173984 174103
174602 174673
174938 175035
175213 175285
175493 175583
175715 175819
176082 176155
176619 176735
176886 176960
176969 177063
177210 177336
177374 177469
177641 177725
178183 178278
178699 178802
179093 179225
179662 179745
179980 180080
180200 180323
180741 180838
181015 181138
181425 181538
181621 181720
181767 181836
182180 182290
182414 182492
182904 182993
183074 183184
183267 183354
183503 183546
183644 183755
184110 184193
184413 184518
184938 185051
185386 185477
185964 186031
186439 186516
186709 186782
186859 186941
186970 187062
187189 187278
187595 187704
187721 187814
188041 188157
188365 188462
188769 188884
189226 189327
189407 189511
189710 189789
189894 190013
190026 190144
190351 190484
190603 190666
190726 190819
191044 191125
191608 191715
192105 192202
192552 192678
193072 193192
193208 193283
193758 193842
194231 194348
194529 194621
194927 195041
195351 195474
195792 195912
196216 196335
196770 196876
196923 197012
197426 197519
198014 198142
198531 198628
198882 198992
199202 199330
199443 199547
199869 199977
200298 200425
200676 200796
200851 200947
201318 201435
201609 201705
201932 202038
202303 202423
202620 202729
202780 202896
203132 203213
203452 203543
204008 204129
204547 204628
204982 205089
205153 205266
205395 205505
205958 206047
206178 206294
206530 206587
206709 206815
206848 206956
207171 207265
207309 207392
207463 207563
208030 208136
208219 208324
208550 208622
208688 208754
208781 208908
208934 209010
209477 209585
210007 210095
210247 210344
210404 210506
210621 210755
211221 211318
211560 211646
211835 211966
212359 212459
212601 212653
212842 212944
213387 213482
213646 213748
214083 214185
214314 214433
214925 215006
215284 215400
215667 215776
216166 216229
216367 216445
216651 216737
217099 217210
217230 217305
217795 217869
218053 218135
218595 218719
218940 219043
219276 219351
219560 219661
220086 220184
220453 220554
220979 221039
221521 221632
221794 221893
222140 222244
222647 222769
222777 222858
223011 223104
223139 223259
223678 223805
224155 224289
224392 224507
224750 224862
225329 225451
225494 225616
225930 226035
226395 226492
226918 227008
227487 227607
227784 227861
228287 228414
228897 229005
229047 229139
229321 229383
229715 229810
230119 230248
230260 230365
230783 230878
231302 231407
231591 231650
231696 231781
232084 232155
232522 232610
232759 232887
233129 233207
233681 233781
233982 234109
234138 234242
234535 234614
234870 234972
235357 235476
235811 235911
236320 236465
236864 236966
237142 237196
237587 237711
238199 238267
238726 238851
239098 239160
239641 239758
240002 240094
240188 240285
240365 240483
240592 240688
240824 240924
241231 241367
241667 241771
242081 242201
242621 242749
242854 242948
243206 243310
243608 243680
243890 243997
244386 244508
244969 245059
245429 245520
245835 245924
246283 246395
246521 246606
247073 247197
247551 247619
247844 247942
248427 248540
248766 248886
249032 249147
249375 249500
249906 250008
250305 250372
250770 250848
251144 251266
251658 251751
252242 252359
252480 252578
253033 253129
253627 253729
253734 253838
254159 254290
254750 254885
255061 255183
255399 255538
255869 255955
256208 256300
256485 256603
257065 257175
257673 257754
258144 258219
258285 258408
258716 258819
259280 259362
259829 259940
260042 260101
260416 260501
260795 260900
261048 261175
261579 261672
261891 261968
262143 262225
262426 262532
262857 262963
263197 263296
263782 263877
263920 263989
264012 264113
264505 264613
264820 264888
265236 265341
265514 265585
266005 266100
266252 266317
266470 266557
267040 267134
267212 267321
267367 267440
267862 267970
268277 268370
268603 268667
269121 269169
269310 269407
269665 269739
270105 270192
270608 270695
271156 271235
271560 271679
272164 272248
272714 272794
273186 273269
273360 273470
273660 273730
274064 274150
274210 274315
274372 274512
274820 274912
274949 275047
275501 275623
275695 275820
276289 276397
276533 276606
276782 276857
277024 277070
277553 277654
277964 278084
278238 278347
278778 278898
278955 279048
279502 279641
279927 280046
280095 280207
280229 280311
280333 280446
280903 280997
281147 281234
281553 281623
281947 282029
282420 282523
282959 283031
283432 283515
283563 283648
283790 283848
284107 284239
284418 284535
284991 285104
285272 285356
285606 285662
285921 285980
285992 286071
286459 286557
286940 287041
287392 287486
287748 287863
288304 288419
288610 288673
289146 289229
289424 289541
289547 289637
289884 290017
290219 290310
290584 290605
290841 290948
291237 291311
291612 291669
292079 292141
292598 292676
292767 292866
292912 293019
293144 293221
293590 293648
293838 293939
294229 294328
294440 294531
294803 294904
295117 295220
295284 295401
295898 296007
296364 296474
296663 296778
296825 296940
297230 297329
297498 297567
297998 298095
298108 298220
298716 298799
298881 299000
299264 299362
299449 299554
299658 299749
299974 300069
300073 300151
300435 300508
300803 300901
301354 301461
301588 301695
301970 302080
302366 302484
302903 303023
303417 303511
303852 303937
304002 304135
304508 304581
304905 305001
305098 305174
305272 305358
305393 305470
305768 305837
306220 306292
306538 306636
306872 306910
307158 307266
307701 307814
308250 308340
308647 308724
309221 309300
309686 309774
309805 309912
309918 310022
310273 310383
310444 310537
310661 310724
310906 310993
311491 311586
311854 311973
312461 312580
312600 312718
313176 313277
313769 313878
314287 314406
314582 314656
314917 315009
315488 315578
315678 315751
315936 316057
316157 316270
316631 316695
316982 317099
317169 317262
317447 317548
317846 317924
318337 318452
318557 318679
319101 319206
319657 319772
320029 320113
320435 320496
320836 320924
321341 321413
321818 321913
322217 322314
322622 322729
323074 323146
323269 323360
323706 323793
324065 324156
324243 324331
324786 324850
325080 325185
325447 325517
325671 325769
326190 326260
326383 326468
326864 326980
327023 327137
327554 327661
327858 327916
328199 328284
328337 328408
328490 328583
329009 329129
329270 329370
329852 329966
329969 330107
330587 330665
331143 331260
331393 331500
331837 331926
332226 332317
332622 332742
332910 333015
333065 333154
333497 333633
333947 334054
334185 334265
334727 334802
335175 335245
335718 335801
335940 336051
336453 336524
336928 337048
337216 337297
337644 337724
338114 338181
338519 338645
339092 339162
339446 339504
339618 339743
339907 340020
340343 340436
340517 340636
341046 341153
341631 341743
342030 342104
342306 342395
342800 342892
343195 343294
343620 343750
344005 344105
344245 344348
344796 344906
345178 345269
345573 345681
345782 345863
346101 346213
346387 346495
346853 346927
347376 347499
347871 347986
348438 348557
349018 349145
349638 349730
350130 350213
350267 350364
350389 350481
350504 350579
350854 350969
351112 351224
351250 351369
351626 351718
352026 352095
352205 352258
352641 352737
352871 352976
353237 353317
353798 353901
354231 354319
354685 354762
354937 355048
355480 355573
355868 355965
356035 356125
356365 356429
356654 356762
356967 357061
357097 357174
357317 357452
357787 357892
357927 358054
358291 358407
358665 358799
358836 358947
359253 359384
359615 359699
359994 360077
360461 360580
361058 361141
361209 361293
361489 361571
361854 361960
362074 362150
362217 362317
362460 362579
362882 362981
363062 363158
363349 363450
363812 363868
364147 364249
364673 364782
365092 365217
365629 365752
366159 366271
366761 366822
366850 366934
367171 367256
367288 367422
367571 367668
367829 367947
368387 368488
368881 368984
369279 369345
369388 369489
369779 369905
370334 370445
370937 371037
371364 371430
371798 371884
372235 372333
372644 372716
373038 373159
373341 373420
373890 373972
374081 374174
374335 374455
374774 374890
374983 375072
375481 375557
375954 376039
376468 376608
377085 377209
377530 377646
377892 377977
378108 378197
378477 378573
379020 379117
379403 379507
379730 379820
380084 380171
380667 380801
380957 381040
381506 381556
381891 381995
382336 382420
382845 382974
383203 383309
383496 383607
383640 383717
384159 384246
384540 384617
385059 385171
385650 385718
386060 386148
386243 386368
386587 386699
386870 386947
387418 387518
387790 387912
388224 388350
388534 388628
388887 389004
389256 389357
389563 389662
389892 390002
390312 390449
390703 390807
390833 390932
391055 391162
391206 391275
391369 391492
391809 391871
392042 392089
392117 392242
392586 392683
393061 393161
393286 393376
393577 393702
394198 394303
394740 394815
395039 395174
395178 395265
395716 395815
395853 395953
396136 396234
396647 396764
397021 397101
397125 397231
397330 397428
397813 397944
398001 398075
398164 398245
398702 398821
399273 399373
399397 399502
399514 399620
400024 400124
400616 400742
401039 401148
401196 401317
401772 401906
402313 402409
402874 402960
403183 403285
403288 403361
403376 403458
403576 403693
404132 404254
404677 404797
404915 405006
405157 405274
405293 405385
405672 405751
405920 406000
406242 406335
406467 406587
407006 407075
407344 407427
407819 407920
408402 408509
408830 408931
409356 409437
409786 409875
410226 410304
410476 410560
410707 410796
410798 410872
411344 411467
411852 411944
412212 412302
412735 412848
413175 413242
413289 413355
413405 413547
413583 413680
413707 413813
414270 414394
414863 415002
415058 415156
415336 415456
415837 415895
416171 416280
416473 416560
416657 416779
417021 417119
417363 417470
417914 418034
418472 418567
418710 418785
418894 418989
419343 419405
419678 419776
419872 419964
420218 420310
420676 420763
421219 421346
421694 421808
421861 421989
422430 422528
422806 422919
423163 423252
423351 423420
423539 423634
423656 423736
424125 424199
424413 424532
425024 425120
425170 425283
425773 425880
425997 426116
426408 426536
426673 426777
427215 427356
427620 427750
428240 428312
428513 428577
429055 429163
429221 429341
429501 429617
430105 430208
430557 430620
430843 430938
431014 431129
431521 431647
431677 431785
432255 432303
432412 432462
432634 432744
432998 433118
433464 433528
433717 433849
433963 434056
434480 434574
434611 434688
434973 435039
435073 435201
435294 435383
435545 435651
435778 435896
435957 436041
436383 436466
436929 437009
437242 437353
437764 437846
437959 438065
438255 438385
438657 438736
438997 439106
439450 439519
439547 439608
439998 440047
440379 440508
440667 440780
441189 441274
441316 441394
441770 441862
442284 442364
442485 442602
442990 443120
443236 443328
443351 443420
443573 443654
443882 443983
444442 444546
444969 445075
445175 445229
445648 445764
445983 446088
446220 446305
446595 446684
447102 447215
447332 447444
447603 447631
448026 448104
448118 448212
448556 448643
448742 448848
448931 449012
449392 449488
449649 449739
449993 450097
450202 450304
450367 450480
450671 450725
451005 451069
451132 451267
451754 451892
452062 452168
452232 452331
452700 452856
453230 453310
453412 453528
453776 453847
454113 454176
454505 454613
455005 455118
455202 455284
455321 455404
455881 455943
456106 456195
456255 456344
456441 456539
456902 457022
457127 457216
457344 457456
457812 457890
458133 458238
458249 458318
458360 458433
458489 458590
458615 458714
458838 458932
459190 459305
459775 459885
460095 460178
460411 460509
460820 460935
461273 461345
461722 461813
461992 462082
462211 462320
462788 462852
462915 463016
463125 463207
463637 463741
463861 463944
464037 464148
464189 464288
464628 464710
464813 464887
465188 465248
465655 465740
465813 465870
466033 466090
466247 466304
466370 466480
466578 466684
466831 466940
467414 467516
467717 467792
468248 468340
468804 468887
469292 469374
469633 469691
470025 470143
470467 470561
471015 471139
471448 471542
471704 471771
471786 471920
472099 472183
472531 472611
472966 473055
473204 473308
473337 473432
473565 473674
473863 473971
474206 474299
474381 474528
474963 475090
475188 475333
475344 475463
475472 475574
475746 475827
476041 476151
476460 476535
476696 476781
476789 476897
477282 477411
477667 477778
477908 478028
478150 478244
478327 478433
478662 478790
479155 479238
479419 479541
479625 479742
480210 480318
480590 480722
481164 481263
481592 481700
481866 481943
482120 482210
482464 482583
482770 482848
483171 483239
483335 483431
483634 483721
483974 484084
484408 484541
484796 484860
484944 485039
485185 485267
485447 485551
485615 485706
486189 486260
486706 486809
487020 487139
487163 487251
487708 487812
488046 488150
488398 488491
488802 488883
488905 489006
489293 489413
489614 489704
490102 490176
490524 490626
490926 491008
491400 491544
491761 491842
492273 492348
492820 492905
493125 493254
493657 493767
493956 494103
494443 494559
494712 494809
494936 495051
495438 495550
495677 495772
496158 496255
496543 496637
496646 496759
496822 496953
497056 497174
497521 497621
497672 497781
498136 498223
498367 498472
498482 498554
498857 498951
498971 499049
499406 499514
499517 499632
499867 499985
500052 500173
500350 500459
500617 500685
500863 500933
501370 501476
501953 502090
502321 502410
502871 502973
503066 503142
503156 503298
503722 503789
503803 503940
504334 504455
504726 504821
505128 505275
505660 505800
505821 505902
506314 506397
506807 506899
507095 507190
507405 507516
507853 507952
507981 508081
508088 508151
508489 508579
508743 508822
508916 509015
509255 509344
509414 509522
509672 509777
510245 510322
510724 510816
511093 511210
511440 511548
511826 511902
512042 512138
512551 512670
513018 513143
513496 513603
513941 514049
514057 514134
514452 514530
514582 514615
514897 514983
515279 515392
515710 515821
516224 516314
516408 516514
516825 516950
517198 517300
517607 517728
517924 518023
518145 518219
518335 518430
518843 518945
519302 519418
519597 519704
520202 520311
520582 520640
521054 521165
521486 521563
522006 522154
522478 522577
522853 522944
523069 523148
523152 523259
523608 523712
524017 524076
524544 524656
524928 525026
525259 525362
525430 525531
525725 525787
525910 526002
526118 526214
526713 526810
526852 526978
527298 527403
527839 527953
528387 528439
528570 528657
528941 529020
529251 529372
529779 529899
530165 530244
530265 530352
530414 530494
530675 530764
530965 531052
531111 531195
531488 531569
531576 531632
531958 532023
532315 532400
532817 532889
533273 533376
533668 533813
534000 534104
534514 534616
534622 534742
534807 534891
535069 535186
535648 535769
536158 536297
536701 536782
537156 537250
537307 537403
537662 537723
537935 537998
538101 538207
538285 538382
538570 538651
538785 538930
539048 539112
539353 539442
539572 539654
539829 539902
540227 540309
540696 540812
541130 541209
541541 541619
541835 541940
542384 542488
542844 542968
543254 543353
543388 543474
543955 544048
544532 544623
544958 545085
545379 545460
545874 545956
546402 546479
546535 546618
546657 546735
547147 547223
547569 547708
548070 548206
548347 548406
548506 548595
548934 549017
549516 549625
549992 550075
550356 550465
550925 550995
551056 551081
551209 551286
551529 551602
551800 551894
551895 551998
552031 552146
552394 552478
552887 553000
553257 553343
553527 553610
553742 553815
553974 554082
554175 554272
554314 554401
554804 554902
555286 555404
555504 555607
555912 556009
556461 556580
556840 556952
557257 557371
557493 557577
557796 557866
558135 558212
558643 558723
559150 559240
559539 559650
559955 560049
560481 560617
560856 560926
560935 561015
561501 561607
561689 561795
562113 562201
562418 562570
562926 563040
563534 563634
563730 563832
564299 564380
564610 564737
565038 565124
565372 565483
565594 565674
566163 566261
566504 566592
566626 566729
567180 567251
567501 567575
567611 567719
567885 567952
568155 568227
568661 568743
569063 569153
569395 569487
569639 569747
569987 570094
570097 570202
570393 570478
570651 570742
571001 571115
571126 571271
571554 571695
572130 572223
572417 572521
572545 572664
572842 572939
573341 573438
573834 573900
574290 574412
574901 575001
575092 575185
575622 575710
575986 576079
576301 576423
576605 576698
577101 577203
577491 577589
577969 578066
578400 578492
578803 578885
579210 579298
579408 579508
579619 579700
579875 579973
580396 580464
580669 580781
581278 581339
581769 581909
582360 582448
582724 582853
583118 583259
583678 583742
583853 583964
584021 584115
584135 584227
584419 584535
584767 584834
585069 585159
585167 585252
585257 585380
585512 585614
585964 586098
586426 586530
586661 586772
586804 586894
586939 587051
587100 587225
587393 587451
587496 587581
587781 587868
588119 588267
588449 588543
588691 588769
588908 589047
589452 589569
589805 589872
590330 590396
590661 590752
591236 591330
591459 591535
591587 591705
591750 591832
592154 592243
592463 592565
592995 593101
593293 593405
593544 593664
593990 594077
594561 594681
594762 594882
595179 595243
595440 595538
596002 596060
596156 596252
596332 596441
596600 596698
597117 597216
597489 597638
597700 597811
598064 598165
598462 598585
598615 598705
598786 598877
599253 599340
599587 599666
599868 599967
600082 600161
600373 600479
600942 601009
601021 601104
601267 601388
601792 601874
601936 602036
602147 602283
602473 602560
602765 602851
603148 603244
603581 603717
604204 604320
604669 604790
605221 605310
605417 605539
606009 606113
606361 606484
606920 606988
607297 607386
607754 607871
608094 608194
608552 608623
608847 608944
609040 609137
609570 609657
609765 609888
609897 610000
610013 610125
610599 610716
611018 611097
611177 611281
611676 611773
611948 612016
612494 612611
612759 612865
613271 613375
613865 613979
614381 614505
614561 614663
614818 614894
615054 615164
615423 615571
616038 616152
616591 616691
617118 617221
617371 617463
617631 617750
618103 618248
618536 618654
618883 619019
619046 619158
619257 619364
619565 619672
620052 620130
620228 620310
620518 620613
620809 620889
621220 621328
621671 621766
622129 622265
622674 622787
622841 622931
623351 623386
623735 623841
624273 624413
624721 624828
625325 625418
625508 625612
625808 625890
626187 626279
626476 626598
626851 626942
626956 627055
627491 627619
628008 628101
628206 628326
628461 628594
628692 628804
629078 629176
629470 629592
629970 630070
630167 630256
630659 630751
631167 631292
631319 631419
631889 631947
632002 632089
632225 632316
632385 632461
632657 632772
632950 633017
633333 633427
633527 633620
633872 633956
634240 634338
634512 634615
634690 634767
634864 634935
635414 635536
635649 635750
635967 636058
636109 636191
636561 636654
636995 637068
637519 637624
637888 637983
638315 638393
638838 638931
639268 639396
639398 639492
639681 639802
640227 640346
640527 640614
640781 640874
641191 641287
641308 641412
641776 641867
642332 642419
642550 642671
642742 642844
643291 643366
643747 643847
644241 644335
644412 644501
644993 645091
645559 645673
646103 646196
646344 646469
646502 646575
646960 647087
647311 647400
647549 647637
647733 647815
647896 647942
648183 648305
648688 648800
648937 649034
649114 649207
649663 649731
650079 650158
650442 650543
650962 651095
651376 651459
651832 651948
652290 652432
652923 653026
653375 653470
653782 653880
654353 654433
654637 654737
655050 655148
655248 655349
655684 655797
655974 656081
656209 656305
656510 656580
656647 656781
657225 657330
657712 657767
657844 657928
658071 658192
658542 658626
658725 658801
658938 659041
659230 659326
659596 659708
659822 659926
660233 660318
660815 660878
661330 661461
661715 661797
662278 662345
662421 662526
662546 662641
663046 663184
663288 663387
663547 663651
663946 664032
664054 664137
664342 664455
664829 664919
665296 665411
665498 665604
665859 665937
666196 666328
666569 666660
667036 667186
667279 667407
667846 667952
668324 668441
668778 668894
669089 669187
669196 669335
669729 669823
669833 669930
670377 670475
670925 671013
671146 671258
671535 671634
671944 672056
672230 672323
672715 672836
673112 673194
673637 673778
674084 674183
674321 674462
674640 674741
674970 675078
675303 675374
675652 675754
676049 676144
676298 676412
676594 676720
676859 676928
677215 677295
677634 677721
678075 678194
678506 678626
678873 678961
678966 679071
679563 679683
680158 680245
680465 680602
680963 681049
681539 681632
682103 682190
682193 682291
682405 682513
682537 682654
682767 682881
682971 683076
683255 683345
683406 683489
683616 683710
683964 684079
684084 684192
684582 684702
684934 685010
685291 685372
685445 685518
685706 685829
686264 686361
686388 686489
686657 686766
687246 687314
687428 687543
687936 688081
688476 688569
688635 688709
688793 688909
689313 689413
689752 689864
690172 690280
690732 690819
690832 690966
691107 691228
691480 691578
692001 692095
692542 692630
693107 693224
693565 693689
693866 693982
694390 694491
694699 694796
695088 695202
695693 695810
696167 696241
696622 696729
697177 697278
697628 697728
698110 698223
698233 698328
698548 698628
698989 699072
699210 699317
699407 699500
699929 700046
700075 700163
700280 700397
700824 700927
701330 701444
701520 701611
701781 701875
702031 702134
702318 702433
702839 702914
703014 703130
703192 703290
703694 703800
704059 704142
704452 704534
704984 705098
705326 705421
705464 705531
705618 705736
705799 705925
706234 706330
706439 706534
706840 706954
707182 707267
707521 707622
707998 708085
708428 708536
708693 708766
708915 709009
709271 709351
709393 709482
709953 710039
710534 710629
710737 710813
711185 711306
711674 711769
712251 712307
712577 712643
713121 713169
713357 713442
713540 713622
713685 713774
714185 714275
714624 714715
714953 715039
715178 715266
715689 715773
716078 716168
716536 716591
716974 717115
717467 717626
717963 718052
718503 718610
719081 719197
719256 719341
719834 719956
720241 720345
720590 720696
720859 720955
721027 721117
721614 721721
721745 721852
722214 722298
722447 722542
722724 722844
723305 723372
723475 723609
723847 723960
724070 724165
724216 724298
724439 724544
724906 725028
725411 725545
725631 725714
725983 726106
726592 726683
726689 726814
727299 727371
727749 727865
727984 728081
728338 728443
728785 728866
729214 729295
729428 729513
729885 729990
730274 730384
730550 730651
730822 730887
731032 731135
731471 731598
731610 731685
731889 732009
732011 732124
732559 732682
732798 732934
733239 733320
733558 733647
733714 733826
734279 734406
734423 734491
734759 734839
735239 735330
735478 735589
735967 736084
736090 736182
736462 736566
736708 736814
737007 737101
737291 737391
737551 737689
737862 737983
738053 738185
738400 738493
738758 738869
739175 739258
739620 739719
740102 740217
740230 740313
740504 740617
740735 740811
741023 741083
741289 741417
741818 741919
742101 742220
742286 742365
742686 742772
742890 742993
743141 743226
743295 743396
743572 743647
743732 743838
743932 744040
744271 744379
744824 744944
745410 745499
745561 745659
745686 745778
746048 746152
746591 746697
746981 747096
747385 747500
747923 748027
748238 748323
748403 748506
748703 748814
749043 749162
749636 749748
750193 750317
750608 750685
750764 750873
751025 751123
751440 751545
751999 752095
752439 752534
752644 752745
752856 752963
753264 753325
753728 753799
753868 753970
754097 754168
754574 754666
755080 755151
755236 755336
755712 755814
755975 756078
756408 756509
756906 757025
757282 757362
757732 757807
758182 758282
758740 758824
759287 759403
759877 759956
760431 760525
760668 760750
760818 760936
761333 761437
761721 761832
761839 761948
762292 762414
762530 762637
763053 763143
763268 763364
763496 763585
763954 764032
764055 764127
764561 764668
765134 765242
765548 765667
765902 766015
766026 766122
766277 766385
766779 766867
767102 767182
767578 767683
767854 767950
768336 768437
768682 768747
768847 768960
769411 769519
769641 769728
770056 770135
770346 770407
770736 770877
771060 771180
771255 771330
771473 771556
771638 771749
772050 772154
772156 772245
772659 772774
773128 773245
773555 773690
773892 773988
774071 774188
774657 774744
774756 774898
775100 775193
775530 775661
776149 776218
776268 776346
776816 776924
777024 777136
777383 777437
777871 777985
778041 778165
778460 778565
778736 778782
779229 779343
779528 779635
780127 780221
780690 780807
780939 781072
781392 781499
781771 781870
782253 782360
782615 782732
783128 783228
783483 783586
783779 783884
784213 784318
784608 784702
784851 784948
785077 785154
785651 785758
785805 785899
786043 786148
786450 786536
786546 786640
787136 787250
787708 787822
788307 788440
788665 788790
788883 788974
788990 789101
789126 789247
789298 789361
789696 789784
790234 790357
790358 790472
790763 790845
790983 791087
791157 791265
791528 791643
791993 792076
792425 792526
792651 792750
792817 792915
793127 793249
793560 793660
793770 793857
794111 794197
794529 794648
794845 794928
795034 795174
795532 795647
795833 795966
796318 796425
796493 796629
797093 797153
797378 797497
797579 797697
797708 797811
798251 798349
798605 798707
798910 798987
799180 799274
799603 799718
799738 799822
799946 799998
800413 800534
800874 800959
801067 801199
801319 801411
801416 801510
801950 802042
802196 802296
802389 802496
802856 802948
802967 803037
803283 803365
803518 803662
804139 804202
804546 804643
804660 804728
804805 804917
804935 805015
805098 805160
805477 805579
805898 805986
806379 806502
806621 806722
806729 806837
806927 806992
807189 807306
807348 807470
807616 807697
807766 807857
808143 808252
808416 808513
808529 808611
809098 809188
809231 809343
809808 809946
810157 810235
810327 810434
810818 810934
811042 811129
811274 811384
811813 811919
812201 812291
812293 812398
812877 812985
813183 813292
813463 813581
814068 814152
814446 814540
815011 815108
815450 815520
815717 815832
816080 816176
816454 816595
816991 817113
817372 817443
817727 817844
818003 818074
818204 818294
818614 818708
818801 818890
819066 819149
819226 819327
819417 819505
819649 819721
819915 820028
820252 820325
820330 820424
820591 820718
821122 821244
821635 821715
822200 822285
822644 822776
823032 823096
823302 823395
823828 823942
824404 824489
824712 824785
824826 824958
824986 825065
825097 825201
825634 825729
826135 826246
826603 826717
826992 827072
827322 827389
827482 827590
827980 828093
828171 828307
828451 828547
828653 828736
829041 829137
829423 829509
829912 830016
830267 830366
830503 830621
830680 830780
830827 830935
831319 831473
831943 832043
832089 832165
832564 832659
833156 833257
833457 833544
833984 834087
834457 834557
834733 834828
835238 835367
835534 835642
835754 835826
836084 836193
836650 836737
836852 836961
837350 837493
837900 837991
838038 838134
838385 838467
838941 839033
839091 839203
839224 839343
839653 839786
840140 840258
840415 840536
840589 840684
840990 841124
841187 841282
841677 841767
841814 841934
841949 842056
842137 842235
842605 842677
843025 843116
843355 843435
843804 843908
844314 844383
844699 844828
844957 845031
845057 845184
845337 845470
845965 846046
846200 846313
846337 846434
846840 846944
847429 847519
847706 847815
848109 848186
848350 848454
848799 848947
849237 849375
849862 849960
850366 850465
850587 850698
850880 850938
851382 851479
851616 851704
851764 851859
852068 852183
852278 852403
852703 852801
853131 853244
853433 853517
853948 854029
854111 854216
854343 854441
854893 854995
855090 855152
855372 855452
855826 855934
856085 856177
856472 856563
856858 856946
857163 857227
857697 857792
858176 858248
858533 858640
858662 858772
859180 859268
859558 859647
859685 859783
859993 860112
860400 860485
860631 860716
861104 861195
861660 861751
862157 862258
862532 862643
862967 863064
863119 863238
863735 863848
864014 864097
864502 864626
864803 864930
864940 865061
865334 865413
865444 865543
865845 865912
865997 866107
866534 866619
866720 866809
867173 867258
867301 867429
867902 868056
868542 868657
868989 869056
869476 869560
870056 870164
870286 870395
870776 870895
870977 871109
871321 871415
871663 871791
872054 872143
872434 872556
872686 872769
873260 873329
873448 873544
873751 873881
873963 874039
874402 874499
874809 874947
875413 875521
875790 875865
876169 876256
876299 876381
876398 876530
876698 876800
876943 877014
877199 877293
877599 877680
877941 878055
878324 878414
878441 878574
879058 879132
879605 879715
879755 879850
880062 880182
880535 880625
881039 881140
881300 881387
881480 881567
881779 881855
881889 881957
882041 882124
882241 882299
882332 882437
882914 882995
883357 883477
883594 883698
883989 884126
884208 884285
884306 884425
884778 884884
885025 885096
885212 885370
885425 885538
885546 885609
885980 886077
886568 886682
886853 886990
887064 887151
887460 887559
887637 887744
888157 888283
888380 888498
888792 888913
889328 889433
889737 889827
890055 890150
890187 890316
890456 890539
890918 891012
891340 891456
891687 891776
892237 892343
892375 892464
892527 892647
893070 893177
893242 893328
893804 893878
894195 894300
894403 894492
894617 894760
895052 895140
895448 895527
895848 895942
896088 896205
896307 896392
896776 896851
897327 897399
897738 897871
898170 898275
898594 898679
898817 898981
899066 899186
899529 899628
900118 900232
900630 900727
901058 901177
901563 901659
901759 901839
902170 902264
902594 902688
903029 903147
903571 903647
904146 904240
904392 904511
904930 905011
905210 905346
905407 905481
905808 905912
906365 906444
906642 906737
907098 907219
907354 907453
907590 907725
907931 908036
908483 908623
908899 908972
909213 909332
909416 909541
909602 909692
910072 910171
910304 910440
910723 910838
911217 911270
911722 911819
911897 912017
912476 912614
912750 912872
913060 913158
913462 913547
913579 913671
914046 914110
914488 914597
914850 914928
915058 915161
915346 915442
915815 915891
916050 916161
916264 916378
916518 916618
916745 916830
917058 917142
917472 917543
917723 917810
918048 918168
918596 918712
918983 919086
919302 919401
919721 919847
920250 920333
920449 920588
920850 920970
921282 921394
921521 921601
921895 921999
922075 922193
922600 922726
922776 922897
922989 923072
923314 923418
923670 923793
923794 923887
923995 924079
924533 924623
924650 924746
925201 925329
925674 925763
926096 926187
926250 926322
926339 926420
926515 926614
926624 926729
926932 927042
927320 927410
927593 927724
927979 928088
928182 928290
928648 928753
929241 929336
929403 929495
929682 929787
930071 930178
930563 930682
931167 931275
931307 931418
931473 931546
931549 931663
931794 931847
932197 932303
932550 932657
933078 933128
933578 933660
933898 933964
934322 934458
934470 934555
934747 934863
934899 935015
935382 935483
935775 935878
935916 936009
936243 936344
936697 936784
937227 937331
937410 937501
937871 937962
938417 938557
938858 938914
939379 939453
939723 939806
940266 940387
940569 940676
940748 940853
941089 941161
941165 941232
941330 941451
941815 941892
942143 942232
942588 942674
942867 942941
943033 943136
943415 943511
943934 944050
944370 944480
944877 944959
944999 945082
945492 945603
945771 945874
946126 946247
946325 946409
946594 946669
947135 947225
947484 947596
948050 948136
948489 948635
948869 948970
949252 949334
949719 949846
950259 950344
950354 950455
950610 950696
951155 951261
951305 951427
951866 951971
952000 952141
952250 952394
952567 952655
952829 952925
953047 953130
953148 953255
953407 953533
953745 953847
954109 954212
954475 954553
954858 954971
955033 955170
955643 955761
955783 955868
955923 956044
956188 956277
956563 956635
956917 957001
957478 957606
957829 957917
958005 958089
958159 958245
958352 958483
958556 958670
958860 958966
959388 959493
959567 959659
959817 959961
960201 960312
960387 960479
960893 961004
961047 961155
961389 961489
961949 962076
962565 962674
963049 963163
963223 963353
963406 963517
963971 964097
964278 964373
964722 964792
965175 965284
965449 965552
965605 965723
966118 966206
966598 966693
966715 966811
966940 967034
967209 967295
967352 967447
967797 967880
968063 968192
968322 968404
968671 968775
968908 969011
969068 969174
969551 969653
969910 969980
970015 970143
970401 970498
970760 970882
971272 971393
971767 971877
972250 972383
972731 972821
973066 973155
973470 973565
973743 973856
974007 974081
974210 974303
974371 974461
974471 974592
974972 975082
975273 975369
975485 975567
975730 975794
976261 976397
976496 976592
976862 976949
977368 977481
977616 977732
977894 978024
978286 978374
978682 978802
979009 979100
979261 979339
979495 979550
979788 979903
980333 980405
980486 980560
980618 980748
980847 980933
981191 981286
981649 981736
982212 982324
982528 982627
982982 983072
983198 983305
983463 983586
984084 984170
984332 984435
984554 984664
984911 985002
985273 985384
985542 985622
985900 985982
986259 986352
986649 986735
987059 987153
987368 987448
987885 987959
988410 988554
988609 988705
988859 988944
989432 989549
989900 989989
990384 990502
990528 990614
990982 991098
991171 991287
991310 991408
991652 991784
991962 992068
992274 992370
992844 992943
993378 993496
993669 993785
994079 994188
994521 994627
994910 995008
995340 995463
995570 995673
995868 995963
996089 996195
996275 996342
996535 996655
996709 996789
997051 997151
997444 997523
997689 997806
998124 998249
998414 998503
998556 998668
998680 998791
998811 998891
999142 999263
999698 999771
999822 999954
1000317 1000406
1000611 1000743
1000830 1000933
1000946 1001026
1001105 1001217
1001359 1001473
1001700 1001813
1002192 1002272
1002324 1002453
1002856 1002964
1003278 1003380
1003511 1003621
1003992 1004082
1004497 1004613
1004775 1004875
1005175 1005248
1005339 1005398
1005407 1005498
1005612 1005697
1005901 1005978
1006145 1006256
1006533 1006666
1006798 1006899
1007222 1007306
1007569 1007680
1007944 1008062
1008285 1008338
1008833 1008928
1008951 1009061
1009105 1009173
1009332 1009423
1009715 1009792
1009925 1010043
1010190 1010265
1010685 1010766
1010948 1011041
1011422 1011518
1011520 1011585
1011763 1011844
1012019 1012129
1012276 1012373
1012836 1012927
1013085 1013181
1013434 1013549
1013807 1013904
1014365 1014483
1014599 1014657
1014955 1015070
1015104 1015202
1015635 1015691
1016185 1016275
1016429 1016528
1016819 1016913
1016963 1017060
1017499 1017610
1017771 1017873
1018221 1018311
1018769 1018893
1019208 1019284
1019395 1019520
1019886 1020011
1020366 1020496
1020889 1020994
1021180 1021241
1021420 1021496
1021556 1021632
1021692 1021788
1022196 1022293
1022573 1022698
1023180 1023280
1023704 1023803
1023880 1023995
1024257 1024336
1024352 1024430
1024565 1024657
1024797 1024885
1025310 1025413
1025889 1026003
1026018 1026091
1026491 1026587
1026790 1026892
1026903 1027017
1027084 1027181
1027189 1027286
1027656 1027777
1027902 1028003
1028401 1028494
1028565 1028696
1029180 1029301
1029570 1029668
1030063 1030184
1030345 1030460
1030794 1030909
1031316 1031394
1031863 1031951
1032254 1032394
1032776 1032876
1033089 1033218
1033498 1033581
1034059 1034150
1034184 1034295
1034525 1034587
1034937 1035033
1035318 1035435
1035778 1035898
1036120 1036246
1036353 1036452
1036477 1036540
1036678 1036794
1037180 1037270
1037275 1037366
1037639 1037785
1038139 1038270
1038323 1038450
1038783 1038873
1039284 1039378
1039522 1039619
1040000 1040069
1040170 1040259
1040482 1040577
1040734 1040839
1041082 1041188
1041664 1041757
1041895 1041967
1042196 1042265
1042387 1042510
1042709 1042821
1042952 1043031
1043431 1043519
1043824 1043921
1044358 1044489
1044522 1044655
1044716 1044802
1044915 1045018
1045353 1045486
1045523 1045610
1045629 1045683
1045698 1045749
1046074 1046177
1046370 1046474
1046741 1046840
1047132 1047228
1047262 1047338
1047490 1047592
1048078 1048165
1048600 1048703
1048718 1048791
1049018 1049096
1049400 1049470
1049906 1049979
1050284 1050398
1050473 1050591
1050773 1050906
1050960 1051046
1051374 1051467
1051841 1051938
1052253 1052375
1052644 1052750
1053081 1053186
1053216 1053322
1053656 1053742
1053802 1053904
1054020 1054145
1054212 1054297
1054677 1054784
1055181 1055288
1055291 1055407
1055733 1055860
1056181 1056265
1056591 1056682
1056996 1057108
1057213 1057321
1057416 1057493
1057851 1057929
1058289 1058382
1058731 1058827
1059030 1059136
1059448 1059550
1059959 1060065
1060187 1060281
1060466 1060602
1061035 1061161
1061614 1061722
1062055 1062145
1062173 1062253
1062723 1062835
1063054 1063168
1063264 1063365
1063400 1063478
1063494 1063611
1064026 1064135
1064150 1064237
1064372 1064483
1064608 1064672
1064708 1064797
1064837 1064932
1065109 1065212
1065439 1065548
1065709 1065813
1066043 1066133
1066574 1066670
1066743 1066842
1067020 1067112
1067389 1067467
1067901 1067983
1068058 1068179
1068305 1068414
1068628 1068711
1069080 1069230
1069285 1069404
1069764 1069847
1070029 1070149
1070473 1070595
1070850 1070952
1071296 1071407
1071741 1071838
1072076 1072169
1072435 1072546
1072882 1072984
1073024 1073126
1073577 1073694
1073833 1073934
1074091 1074225
1074588 1074685
1074862 1074940
1075043 1075139
1075468 1075562
1075781 1075856
1076019 1076092
1076522 1076621
1076636 1076732
1076782 1076864
1076940 1077019
1077292 1077412
1077825 1077897
1078111 1078195
1078384 1078467
1078530 1078637
1078966 1079109
1079144 1079261
1079661 1079736
1079935 1080027
1080041 1080125
1080597 1080672
1081014 1081126
1081173 1081246
1081655 1081760
1081992 1082094
1082486 1082585
1082748 1082870
1083134 1083251
1083650 1083762
1084236 1084326
1084579 1084702
1085127 1085241
1085355 1085452
1085551 1085638
1085918 1085991
1086176 1086275
1086670 1086789
1087044 1087157
1087575 1087687
1088008 1088153
1088632 1088727
1089082 1089211
1089703 1089825
1089991 1090092
1090237 1090355
1090490 1090575
1090908 1090985
1091120 1091241
1091423 1091519
1091574 1091667
1092153 1092251
1092635 1092738
1092937 1093040
1093539 1093629
1094046 1094152
1094557 1094677
1094692 1094816
1095217 1095335
1095764 1095835
1095874 1095985
1096447 1096534
1096940 1097024
1097225 1097333
1097568 1097638
1098111 1098241
1098693 1098792
1098874 1098969
1099291 1099364
1099698 1099797
1100122 1100192
1100388 1100510
1100716 1100830
1100997 1101103
1101165 1101282
1101436 1101566
1101944 1102045
1102105 1102193
1102244 1102364
1102522 1102628
1102784 1102890
1102971 1103073
1103088 1103158
1103367 1103463
1103717 1103832
1104037 1104123
1104409 1104543
1104864 1104944
1105382 1105504
1105745 1105839
1105992 1106062
1106164 1106259
1106541 1106609
1106768 1106851
1107087 1107161
1107448 1107554
1107601 1107704
1107811 1107929
1107967 1108074
1108442 1108554
1108778 1108830
1108914 1109034
1109191 1109282
1109747 1109865
1109936 1110042
1110533 1110608
1110854 1110956
1111248 1111388
1111559 1111650
1111902 1111991
1112044 1112139
1112378 1112459
1112500 1112621
1112965 1113120
1113122 1113210
1113525 1113626
1113830 1113921
1114115 1114175
1114569 1114672
1115163 1115309
1115663 1115755
1116079 1116209
1116379 1116465
1116925 1116964
1117240 1117311
1117628 1117749
1117787 1117903
1118102 1118211
1118618 1118765
1119125 1119242
1119615 1119719
1119862 1119957
1120032 1120156
1120214 1120298
1120603 1120663
1120840 1120962
1121433 1121564
1121844 1121935
1122359 1122430
1122551 1122656
1123067 1123166
1123299 1123399
1123791 1123922
1124061 1124137
1124229 1124308
1124617 1124689
1125056 1125150
1125644 1125764
1126162 1126269
1126602 1126710
1126856 1126956
1127149 1127249
1127321 1127437
1127584 1127689
1127900 1128002
1128352 1128446
1128834 1128896
1129037 1129118
1129136 1129239
1129407 1129483
1129692 1129794
1130291 1130413
1130872 1130971
1131338 1131464
1131868 1131955
1132197 1132270
1132688 1132829
1133166 1133271
1133424 1133562
1133972 1134128
1134155 1134251
1134354 1134433
1134672 1134787
1134959 1135066
1135271 1135361
1135563 1135689
1136101 1136183
1136320 1136422
1136521 1136582
1136678 1136771
1136865 1136950
1137028 1137136
1137627 1137703
1137712 1137842
1138280 1138404
1138479 1138589
1138825 1138907
1139367 1139437
1139683 1139826
1140051 1140146
1140639 1140758
1140876 1140977
1140994 1141101
1141383 1141448
1141745 1141836
1142323 1142441
1142629 1142724
1142894 1142979
1143423 1143514
1143823 1143918
1143946 1144046
1144192 1144274
1144460 1144573
1144765 1144879
1144954 1145059
1145210 1145269
1145738 1145853
1146269 1146398
1146548 1146668
1146760 1146893
1147031 1147119
1147617 1147748
1148160 1148249
1148275 1148364
1148480 1148547
1148955 1149056
1149184 1149253
1149493 1149549
1149637 1149758
1149814 1149913
1149994 1150118
1150605 1150683
1151060 1151184
1151411 1151520
1151521 1151612
1151680 1151784
1151888 1151988
1152118 1152221
1152249 1152333
1152370 1152455
1152795 1152929
1153200 1153274
1153420 1153505
1153622 1153693
1153841 1153933
1154347 1154406
1154493 1154599
1154724 1154818
1154940 1155045
1155243 1155341
1155713 1155810
1156031 1156155
1156258 1156387
1156772 1156866
1157038 1157151
1157371 1157420
1157506 1157637
1157805 1157920
1158154 1158256
1158552 1158632
1158766 1158873
1159253 1159339
1159620 1159713
1160036 1160139
1160572 1160686
1161049 1161159
1161215 1161304
1161618 1161713
1162207 1162302
1162349 1162430
1162477 1162574
1162938 1163050
1163462 1163560
1163629 1163711
1164046 1164179
1164529 1164629
1164735 1164797
1165253 1165358
1165820 1165944
1166091 1166212
1166283 1166353
1166459 1166600
1166642 1166747
1167023 1167097
1167566 1167711
1167749 1167886
1168006 1168101
1168137 1168242
1168669 1168797
1169220 1169321
1169449 1169536
1169537 1169617
1169891 1169988
1170400 1170490
1170828 1170912
1171077 1171172
1171281 1171369
1171699 1171822
1171867 1171953
1172163 1172258
1172479 1172551
1172928 1172996
1173331 1173428
1173698 1173841
1174232 1174329
1174703 1174789
1174818 1174937
1175261 1175370
1175695 1175800
1175913 1175998
1176133 1176224
1176293 1176388
1176808 1176912
1177074 1177147
1177268 1177335
1177804 1177891
1177997 1178098
1178342 1178414
1178693 1178826
1179008 1179101
1179348 1179416
1179474 1179619
1180068 1180147
1180278 1180355
1180706 1180808
1181075 1181150
1181555 1181649
1181872 1182003
1182386 1182510
1182842 1182916
1183341 1183417
1183749 1183821
1184094 1184177
1184195 1184326
1184371 1184470
1184693 1184781
1184822 1184932
1185298 1185413
1185847 1185950
1186231 1186341
1186547 1186652
1187130 1187241
1187624 1187717
1188046 1188151
1188276 1188365
1188760 1188844
1188853 1188951
1189208 1189288
1189471 1189563
1189621 1189733
1189832 1189932
1190206 1190287
1190508 1190624
1190693 1190806
1190885 1191004
1191381 1191483
1191549 1191622
1191647 1191771
1192250 1192405
1192607 1192720
1193215 1193314
1193542 1193650
1193724 1193802
1194265 1194365
1194684 1194762
1195048 1195152
1195223 1195300
1195728 1195835
1196091 1196190
1196214 1196286
1196522 1196638
1196796 1196910
1196967 1197044
1197309 1197432
1197676 1197775
1198129 1198216
1198295 1198383
1198776 1198875
1198923 1199072
1199368 1199515
1199830 1199934
1200128 1200205
1200550 1200626
1201082 1201196
1201233 1201360
1201485 1201539
1201953 1202037
1202397 1202483
1202718 1202817
1203247 1203377
1203654 1203761
1203885 1203994
1204056 1204184
1204471 1204574
1204988 1205081
1205172 1205281
1205374 1205483
1205643 1205756
1206112 1206224
1206475 1206577
1206940 1207033
1207060 1207174
1207388 1207481
1207770 1207899
1208173 1208284
1208703 1208807
1208989 1209080
1209483 1209604
1209752 1209895
1210389 1210480
1210623 1210730
1211047 1211127
1211275 1211333
1211742 1211879
1212233 1212334
1212604 1212706
1213060 1213151
1213592 1213694
1213921 1214037
1214134 1214200
1214292 1214416
1214767 1214914
1215017 1215136
1215446 1215557
1215891 1215996
1216084 1216169
1216413 1216499
1216576 1216679
1217095 1217204
1217411 1217533
1217875 1217983
1218321 1218432
1218462 1218542
1218911 1219017
1219165 1219278
1219452 1219562
1219785 1219858
1220257 1220333
1220760 1220833
1221258 1221358
1221806 1221926
1222055 1222145
1222560 1222647
1222727 1222860
1222883 1222978
1223053 1223182
1223575 1223665
1224128 1224215
1224660 1224767
1224960 1225060
1225410 1225522
1225625 1225716
1225893 1226010
1226375 1226491
1226511 1226593
1226602 1226698
1226931 1227028
1227093 1227194
1227463 1227568
1227898 1228021
1228342 1228485
1228693 1228781
1229162 1229268
1229686 1229777
1229967 1230060
1230086 1230184
1230265 1230347
1230659 1230781
1231203 1231252
1231568 1231659
1231724 1231827
1231868 1231976
1232452 1232572
1232961 1233052
1233317 1233425
1233746 1233844
1234109 1234223
1234497 1234575
1234680 1234797
1234815 1234901
1235044 1235154
1235382 1235496
1235989 1236100
1236158 1236286
1236477 1236590
1236889 1236995
1237345 1237471
1237672 1237735
1237916 1238002
1238462 1238562
1239000 1239104
1239473 1239537
1239938 1240038
1240288 1240366
1240461 1240559
1240560 1240635
1240643 1240737
1240837 1240936
1241204 1241325
1241636 1241740
1241979 1242098
1242297 1242391
1242702 1242779
1242782 1242873
1243229 1243340
1243556 1243619
1244113 1244270
1244743 1244838
1244954 1245074
1245326 1245403
1245816 1245947
1246138 1246255
1246354 1246476
1246704 1246790
1247259 1247363
1247753 1247845
1248027 1248133
1248309 1248388
1248406 1248498
1248857 1248964
1249234 1249362
1249462 1249565
1249871 1249953
1249964 1250093
1250265 1250381
1250407 1250492
1250821 1250885
1251096 1251218
1251255 1251302
1251434 1251520
1251656 1251754
1251770 1251852
1252070 1252151
1252218 1252300
1252764 1252886
1252965 1253023
1253332 1253469
1253808 1253903
1254094 1254211
1254250 1254356
1254403 1254506
1254546 1254618
1254959 1255045
1255208 1255312
1255342 1255467
1255697 1255781
1256026 1256109
1256560 1256651
1257140 1257239
1257259 1257321
1257761 1257874
1258320 1258400
1258785 1258854
1259078 1259184
1259209 1259288
1259638 1259733
1259740 1259869
1260261 1260341
1260563 1260661
1260687 1260747
1260847 1260950
1261079 1261172
1261402 1261483
1261678 1261743
1262149 1262227
1262451 1262557
1262594 1262718
1263029 1263161
1263301 1263412
1263634 1263744
1264222 1264324
1264367 1264480
1264712 1264842
1265006 1265110
1265543 1265593
1265704 1265823
1266207 1266312
1266673 1266761
1267166 1267292
1267383 1267510
1267562 1267655
1268076 1268172
1268607 1268709
1268788 1268894
1268900 1268984
1269063 1269154
1269366 1269460
1269838 1269944
1269988 1270092
1270387 1270492
1270840 1270882
1270911 1271024
1271118 1271241
1271334 1271428
1271660 1271737
1271829 1271955
1272396 1272495
1272720 1272852
1273095 1273170
1273309 1273392
1273675 1273757
1274167 1274263
1274279 1274396
1274817 1274880
1275106 1275163
1275192 1275318
1275754 1275807
1275943 1276036
1276439 1276513
1276931 1277017
1277193 1277266
1277282 1277379
1277868 1277970
1278176 1278266
1278529 1278632
1278701 1278797
1279186 1279290
1279570 1279655
1280049 1280125
1280365 1280486
1280722 1280823
1281087 1281173
1281647 1281728
1282124 1282214
1282336 1282467
1282784 1282893
1283127 1283221
1283460 1283559
1283591 1283667
1283854 1283922
1284315 1284417
1284453 1284503
1284739 1284805
1284962 1285069
1285456 1285565
1285934 1286030
1286216 1286363
1286676 1286777
1287110 1287213
1287432 1287557
1287798 1287918
1287950 1288032
1288055 1288138
1288431 1288533
1288813 1288934
1289369 1289443
1289711 1289846
1289884 1289992
1290419 1290514
1290888 1291004
1291309 1291407
1291646 1291757
1291927 1292073
1292400 1292490
1292738 1292810
1293068 1293129
1293579 1293689
1293866 1293954
1294252 1294395
1294514 1294616
1294930 1295036
1295385 1295510
1295965 1296049
1296213 1296310
1296540 1296640
1296724 1296830
1296868 1296971
1297324 1297427
1297604 1297714
1298209 1298302
1298312 1298399
1298493 1298612
1298959 1299106
1299406 1299460
1299793 1299857
1300346 1300457
1300657 1300764
1301080 1301174
1301649 1301690
1302140 1302227
1302567 1302664
1303039 1303131
1303489 1303647
1303887 1303953
1304119 1304213
1304435 1304516
1304737 1304860
1305198 1305279
1305403 1305500
1305716 1305818
1306211 1306279
1306409 1306493
1306650 1306744
1306759 1306869
1306960 1307091
1307326 1307477
1307536 1307661
1307832 1307934
1308208 1308286
1308776 1308892
1309331 1309457
1309785 1309862
1310329 1310402
1310580 1310683
1311161 1311223
1311722 1311836
1312316 1312420
1312721 1312783
1312875 1312963
1313366 1313455
1313650 1313774
1314183 1314281
1314456 1314570
1314639 1314691
1314946 1315039
1315319 1315371
1315833 1315924
1316377 1316469
1316905 1317009
1317168 1317275
1317491 1317590
1317841 1317915
1318366 1318440
1318799 1318924
1319092 1319200
1319618 1319718
1320144 1320242
1320278 1320373
1320810 1320943
1321173 1321251
1321722 1321827
1322001 1322099
1322574 1322707
1322753 1322870
1323215 1323272
1323524 1323651
1323666 1323791
1324158 1324239
1324627 1324735
1324862 1324922
1325418 1325513
1325555 1325686
1326169 1326268
1326564 1326655
1327130 1327232
1327268 1327363
1327801 1327912
1328355 1328448
1328725 1328829
1328999 1329069
1329460 1329559
1329741 1329851
1330110 1330228
1330271 1330372
1330609 1330711
1331031 1331119
1331254 1331379
1331621 1331737
1332173 1332295
1332728 1332817
1333297 1333438
1333728 1333835
1334200 1334297
1334782 1334870
1335035 1335121
1335221 1335304
1335451 1335553
1336000 1336126
1336227 1336342
1336687 1336780
1337252 1337344
1337581 1337664
1338058 1338186
1338669 1338765
1339078 1339175
1339636 1339776
1339840 1339916
1340004 1340091
1340461 1340554
1340669 1340786
1341164 1341240
1341429 1341535
1341816 1341895
1342154 1342276
1342660 1342792
1342857 1342945
1343436 1343530
1343753 1343878
1344097 1344200
1344316 1344408
1344571 1344675
1344790 1344899
1345365 1345440
1345442 1345539
1345573 1345654
1345678 1345770
1346211 1346292
1346761 1346800
1347299 1347397
1347497 1347589
1347708 1347826
1347967 1348069
1348264 1348388
1348631 1348722
1349166 1349287
1349346 1349486
1349760 1349859
1350137 1350197
1350292 1350381
1350494 1350582
1350740 1350842
1351217 1351270
1351460 1351585
1351656 1351771
1352178 1352274
1352543 1352638
1353051 1353159
1353235 1353345
1353554 1353639
1353693 1353797
1353874 1353967
1354063 1354153
1354192 1354326
1354757 1354857
1355098 1355195
1355629 1355759
1355979 1356066
1356365 1356485
1356909 1357025
1357462 1357519
1357950 1358024
1358286 1358436
1358560 1358680
1358806 1358922
1358950 1359061
1359195 1359307
1359782 1359906
1360405 1360486
1360673 1360763
1361004 1361114
1361348 1361454
1361532 1361628
1361986 1362096
1362273 1362396
1362715 1362823
1362896 1363006
1363057 1363149
1363388 1363477
1363950 1364028
1364096 1364202
1364538 1364612
1365022 1365119
1365455 1365588
1366016 1366102
1366599 1366689
1366830 1366915
1366958 1367078
1367422 1367500
1367526 1367652
1367982 1368068
1368236 1368377
1368773 1368852
1369102 1369197
1369454 1369542
1369847 1369931
1370315 1370395
1370540 1370628
1370633 1370742
1370785 1370874
1371034 1371145
1371427 1371555
1371890 1371951
1372010 1372097
1372141 1372244
1372477 1372550
1372558 1372657
1372928 1373037
1373212 1373305
1373803 1373915
1374002 1374094
1374400 1374526
1374695 1374822
1374874 1375001
1375247 1375369
1375758 1375873
1376278 1376382
1376874 1376965
1377339 1377449
1377608 1377722
1378048 1378129
1378441 1378527
1378970 1379076
1379564 1379632
1379905 1379978
1380280 1380387
1380710 1380811
1381168 1381260
1381262 1381358
1381822 1381931
1382417 1382523
1383002 1383095
1383294 1383365
1383729 1383817
1384177 1384288
1384343 1384434
1384531 1384610
1384789 1384898
1385129 1385218
1385646 1385750
1385776 1385879
1386364 1386466
1386594 1386684
1386741 1386833
1387329 1387419
1387516 1387621
1387777 1387860
1388259 1388352
1388521 1388593
1388861 1388945
1389204 1389310
1389743 1389837
1390028 1390118
1390222 1390338
1390430 1390527
1390553 1390666
1390963 1391034
1391348 1391463
1391666 1391769
1391913 1392016
1392267 1392363
1392785 1392886
1393193 1393291
1393309 1393392
1393638 1393729
1393964 1394064
1394246 1394349
1394826 1394924
1395329 1395414
1395844 1395958
1396191 1396287
1396672 1396740
1397098 1397190
1397565 1397669
1397729 1397802
1398032 1398137
1398322 1398440
1398905 1398998
1399473 1399558
1399713 1399840
1400253 1400359
1400566 1400679
1400726 1400808
1400984 1401082
1401319 1401437
1401773 1401896
1402059 1402168
1402431 1402562
1402772 1402895
1403165 1403254
1403430 1403536
1403641 1403735
1403876 1403980
1404258 1404351
1404666 1404779
1405135 1405220
1405566 1405656
1405749 1405901
1406264 1406393
1406875 1406976
1407027 1407139
1407461 1407518
1407583 1407704
1408060 1408171
1408503 1408578
1409054 1409199
1409562 1409671
1409704 1409781
1410017 1410092
1410403 1410501
1410716 1410829
1411250 1411337
1411494 1411561
1411718 1411818
1412008 1412085
1412510 1412584
1412793 1412889
1413057 1413165
1413429 1413525
1413725 1413835
1414115 1414203
1414664 1414763
1414898 1414994
1415235 1415316
1415550 1415637
1415990 1416090
1416417 1416546
1416777 1416918
1416977 1417125
1417395 1417494
1417684 1417797
1418040 1418166
1418188 1418271
1418554 1418629
1418839 1418956
1419021 1419120
1419158 1419250
1419418 1419530
1420008 1420101
1420135 1420253
1420546 1420649
1420751 1420854
1420914 1421008
1421010 1421096
1421137 1421241
1421313 1421411
1421550 1421674
1422145 1422229
1422702 1422774
1422786 1422862
1423265 1423349
1423695 1423779
1424272 1424394
1424441 1424519
1424552 1424638
1425053 1425150
1425302 1425399
1425878 1425979
1426323 1426436
1426597 1426718
1426947 1427070
1427323 1427407
1427661 1427749
1428088 1428196
1428209 1428282
1428297 1428390
1428483 1428564
1428708 1428807
1428997 1429103
1429436 1429535
1429957 1430039
1430470 1430572
1430798 1430904
1430959 1431062
1431172 1431287
1431423 1431519
1431702 1431810
1431973 1432038
1432225 1432283
1432607 1432720
1433044 1433147
1433641 1433738
1434190 1434242
1434649 1434779
1434919 1435013
1435234 1435315
1435603 1435687
1435823 1435915
1436171 1436291
1436516 1436610
1436747 1436812
1437304 1437400
1437890 1437983
1438055 1438149
1438459 1438568
1438626 1438721
1439101 1439210
1439571 1439659
1439989 1440104
1440443 1440534
1440944 1441063
1441218 1441290
1441660 1441756
1442140 1442246
1442409 1442490
1442803 1442918
1443239 1443334
1443335 1443438
1443603 1443658
1443824 1443914
1443941 1444048
1444180 1444249
1444295 1444424
1444443 1444516
1444906 1445031
1445050 1445133
1445615 1445686
1445924 1446034
1446274 1446397
1446581 1446701
1447190 1447325
1447655 1447765
1448055 1448114
1448260 1448371
1448852 1448948
1449060 1449133
1449566 1449676
1449819 1449905
1450259 1450378
1450862 1450952
1451429 1451526
1451770 1451846
1452164 1452271
1452656 1452760
1453101 1453243
1453510 1453611
1453721 1453831
1454285 1454386
1454607 1454701
1454750 1454836
1455040 1455145
1455410 1455540
1456002 1456099
1456335 1456396
1456418 1456505
1456535 1456614
1456957 1457063
1457532 1457662
1457828 1457898
1458103 1458203
1458425 1458500
1458652 1458740
1458987 1459089
1459327 1459432
1459586 1459697
1460061 1460169
1460488 1460583
1460611 1460712
1461120 1461234
1461637 1461723
1461884 1462019
1462396 1462474
1462592 1462710
1462941 1463043
1463262 1463379
1463771 1463884
1464024 1464133
1464612 1464716
1464758 1464873
1465131 1465250
1465571 1465667
1465728 1465801
1465902 1465997
1466196 1466341
1466543 1466628
1466714 1466804
1466924 1467017
1467212 1467314
1467717 1467861
1468011 1468116
1468549 1468648
1469056 1469129
1469497 1469605
1469653 1469751
1470186 1470270
1470345 1470414
1470648 1470763
1471030 1471138
1471362 1471466
1471717 1471792
1472174 1472260
1472592 1472675
1472807 1472905
1473211 1473301
1473795 1473884
1474204 1474301
1474387 1474473
1474880 1474988
1475395 1475508
1475796 1475898
1476149 1476253
1476421 1476534
1476814 1476882
1477181 1477297
1477488 1477617
1478007 1478145
1478637 1478728
1478990 1479096
1479104 1479214
1479504 1479657
1479932 1480015
1480335 1480430
1480566 1480688
1480923 1480979
1481160 1481246
1481420 1481499
1481634 1481731
1482096 1482182
1482302 1482412
1482761 1482882
1483348 1483479
1483491 1483573
1483917 1484020
1484153 1484213
1484349 1484442
1484864 1484951
1485048 1485181
1485651 1485740
1486137 1486222
1486658 1486753
1487168 1487276
1487560 1487661
1487780 1487891
1488203 1488303
1488509 1488586
1488886 1489007
1489317 1489434
1489721 1489836
1490168 1490273
1490533 1490632
1490807 1490940
1491391 1491477
1491859 1491936
1492321 1492421
1492645 1492779
1493028 1493110
1493269 1493370
1493510 1493613
1494052 1494159
1494254 1494361
1494494 1494577
1494610 1494714
1494788 1494893
1495203 1495273
1495553 1495643
1495889 1495971
1496061 1496172
1496346 1496439
1496673 1496774
1496813 1496930
1497004 1497115
1497387 1497504
1497930 1498018
1498095 1498189
1498292 1498403
1498864 1498946
1499075 1499168
1499323 1499452
1499907 1499983
1500079 1500166
1500424 1500496
1500675 1500783
1500836 1500932
1501242 1501355
1501588 1501692
1502000 1502067
1502556 1502703
1503155 1503267
1503599 1503687
1504072 1504165
1504218 1504334
1504661 1504777
1504871 1505010
1505183 1505294
1505459 1505554
1505607 1505685
1506161 1506238
1506727 1506857
1507221 1507295
1507613 1507776
1508069 1508146
1508539 1508623
1508626 1508724
1509189 1509291
1509735 1509801
1510230 1510340
1510508 1510605
1511100 1511177
1511240 1511366
1511703 1511816
1512042 1512142
1512293 1512387
1512855 1512966
1513233 1513334
1513403 1513479
1513976 1514085
1514312 1514391
1514463 1514566
1514577 1514636
1514950 1515078
1515095 1515193
1515311 1515398
1515747 1515853
1516291 1516366
1516719 1516813
1517239 1517351
1517708 1517785
1518220 1518337
1518821 1518941
1519417 1519543
1519718 1519810
1519874 1520019
1520306 1520392
1520732 1520849
1521219 1521342
1521763 1521881
1522040 1522151
1522265 1522362
1522378 1522439
1522677 1522782
1523212 1523303
1523755 1523858
1524308 1524424
1524674 1524789
1525200 1525321
1525544 1525668
1525793 1525858
1526268 1526372
1526857 1526947
1526958 1527057
1527547 1527623
1527907 1528008
1528054 1528186
1528225 1528362
1528616 1528697
1529156 1529289
1529632 1529712
1530060 1530166
1530330 1530436
1530471 1530602
1531056 1531152
1531410 1531537
1532027 1532139
1532253 1532339
1532820 1532947
1533301 1533384
1533604 1533713
1533974 1534076
1534077 1534182
1534288 1534367
1534779 1534911
1535087 1535200
1535553 1535652
1535988 1536089
1536587 1536654
1536732 1536843
1536884 1536989
1537488 1537606
1538091 1538175
1538316 1538406
1538748 1538815
1539299 1539390
1539444 1539571
1540003 1540108
1540569 1540669
1540763 1540886
1541162 1541232
1541673 1541761
1542190 1542302
1542560 1542675
1543137 1543249
1543383 1543463
1543795 1543908
1544392 1544505
1544994 1545109
1545378 1545471
1545541 1545637
1545910 1546059
1546128 1546242
1546260 1546380
1546389 1546498
1546616 1546713
1547079 1547184
1547415 1547521
1547738 1547826
1548097 1548200
1548534 1548640
1549122 1549259
1549388 1549444
1549672 1549745
1549936 1550038
1550147 1550283
1550393 1550491
1550541 1550645
1550722 1550837
1551127 1551252
1551600 1551752
1552171 1552319
1552439 1552533
1552853 1552966
1553066 1553177
1553663 1553761
1554045 1554117
1554574 1554652
1555110 1555184
1555335 1555414
1555598 1555733
1556022 1556169
1556480 1556578
1556809 1556919
1557124 1557205
1557665 1557754
1558198 1558297
1558374 1558458
1558600 1558724
1558801 1558888
1559188 1559299
1559377 1559487
1559861 1559955
1560134 1560214
1560469 1560581
1560677 1560748
1560829 1560915
1561199 1561284
1561583 1561654
1561907 1562031
1562063 1562164
1562448 1562535
1562996 1563104
1563376 1563446
1563774 1563869
1564108 1564208
1564490 1564562
1564920 1565029
1565217 1565360
1565675 1565761
1565989 1566100
1566162 1566240
1566251 1566335
1566350 1566468
1566757 1566864
1566987 1567064
1567423 1567541
1567793 1567899
1568272 1568407
1568669 1568794
1569007 1569122
1569317 1569439
1569597 1569695
1570062 1570157
1570281 1570387
1570801 1570865
1571280 1571398
1571803 1571870
1572287 1572366
1572727 1572833
1573142 1573248
1573728 1573832
1574017 1574084
1574521 1574645
1574873 1574969
1575294 1575380
1575485 1575553
1575557 1575649
1575822 1575946
1576009 1576111
1576519 1576630
1576841 1576947
1577200 1577295
1577681 1577778
1578179 1578239
1578548 1578627
1578889 1578995
1579397 1579490
1579839 1579948
1580176 1580275
1580719 1580817
1580837 1580926
1581189 1581268
1581346 1581444
1581571 1581707
1581998 1582085
1582517 1582649
1582942 1583055
1583108 1583179
1583532 1583604
1583946 1584021
1584081 1584182
1584502 1584587
1584792 1584862
1584909 1585043
1585310 1585433
1585521 1585661
1585954 1586067
1586191 1586288
1586372 1586459
1586550 1586658
1586744 1586895
1587392 1587451
1587914 1588019
1588268 1588365
1588840 1588955
1589278 1589351
1589561 1589653
1590068 1590171
1590541 1590602
1590825 1590927
1591204 1591287
1591592 1591708
1592078 1592198
1592334 1592454
1592604 1592698
1593169 1593259
1593396 1593497
1593970 1594078
1594502 1594613
1594630 1594722
1594730 1594808
1595133 1595237
1595431 1595550
1595682 1595811
1596214 1596343
1596669 1596757
1596984 1597079
1597524 1597625
1597899 1598006
1598203 1598278
1598599 1598693
1598905 1599004
1599432 1599561
1599722 1599808
1600011 1600114
1600171 1600266
1600368 1600446
1600896 1600984
1601311 1601373
1601593 1601730
1602171 1602248
1602595 1602684
1602715 1602799
1603109 1603236
1603303 1603399
1603609 1603728
1603916 1604024
1604174 1604265
1604383 1604474
1604818 1604939
1605154 1605238
1605437 1605553
1605671 1605787
1605897 1606031
1606286 1606367
1606399 1606500
1606576 1606651
1607055 1607154
1607233 1607340
1607354 1607465
1607504 1607611
1607804 1607890
1608328 1608456
1608773 1608896
1609158 1609245
1609570 1609668
1609789 1609893
1610324 1610462
1610758 1610845
1611168 1611247
1611376 1611476
1611848 1611928
1612014 1612107
1612513 1612629
1612886 1612966
1613280 1613369
1613690 1613793
1614225 1614370
1614612 1614725
1615112 1615238
1615341 1615459
1615856 1615956
1616168 1616270
1616554 1616658
1616833 1616936
1617348 1617504
1617944 1618034
1618171 1618237
1618260 1618382
1618816 1618900
1619369 1619456
1619711 1619833
1620316 1620407
1620435 1620527
1620563 1620705
1621094 1621213
1621334 1621401
1621735 1621836
1621879 1621981
1622111 1622228
1622694 1622787
1623215 1623293
1623712 1623797
1624239 1624326
1624545 1624672
1624960 1625090
1625195 1625294
1625451 1625546
1625780 1625887
1626151 1626244
1626250 1626343
1626563 1626643
1627097 1627213
1627466 1627593
1627884 1628003
1628096 1628204
1628320 1628421
1628714 1628824
1629289 1629388
1629470 1629590
1629703 1629824
1630080 1630180
1630393 1630486
1630851 1630989
1631206 1631338
1631473 1631562
1631764 1631858
1632027 1632144
1632279 1632381
1632743 1632820
1633198 1633312
1633559 1633615
1633742 1633827
1634252 1634346
1634492 1634583
1635003 1635096
1635194 1635296
1635628 1635724
1635733 1635833
1635898 1635993
1636301 1636379
1636695 1636802
1636851 1636944
1637286 1637375
1637465 1637532
1637539 1637652
1638144 1638239
1638334 1638447
1638611 1638727
1639201 1639317
1639637 1639734
1640219 1640306
1640666 1640791
1641011 1641097
1641232 1641285
1641475 1641599
1641851 1641964
1642113 1642191
1642364 1642472
1642689 1642794
1643141 1643245
1643595 1643679
1643854 1643974
1644251 1644376
1644719 1644837
1645108 1645157
1645653 1645742
1646076 1646167
1646370 1646448
1646833 1646940
1647195 1647306
1647646 1647733
1648155 1648261
1648583 1648655
1648814 1648922
1649050 1649129
1649186 1649268
1649593 1649706
1650059 1650184
1650662 1650750
1650871 1650972
1651196 1651291
1651363 1651457
1651501 1651632
1651762 1651868
1652340 1652433
1652490 1652583
1652800 1652932
1653195 1653362
1653774 1653888
1654292 1654376
1654595 1654672
1655105 1655216
1655605 1655749
1656153 1656252
1656346 1656389
1656732 1656845
1657132 1657232
1657547 1657628
1657822 1657885
1658219 1658348
1658557 1658606
1658651 1658755
1658981 1659083
1659561 1659684
1660038 1660157
1660214 1660301
1660683 1660809
1660979 1661059
1661230 1661319
1661677 1661774
1661781 1661885
1662023 1662122
1662381 1662482
1662932 1663040
1663429 1663496
1663848 1663971
1664331 1664384
1664605 1664687
1664760 1664888
1665382 1665475
1665942 1666029
1666423 1666526
1666828 1666922
1667085 1667201
1667213 1667337
1667402 1667535
1668013 1668098
1668246 1668330
1668824 1668919
1669344 1669454
1669469 1669596
1669692 1669757
1670088 1670203
1670473 1670576
1670763 1670873
1671099 1671238
1671632 1671725
1671841 1671926
1672396 1672504
1672633 1672759
1673199 1673308
1673484 1673611
1673771 1673862
1674004 1674090
1674492 1674607
1675050 1675131
1675353 1675445
1675641 1675726
1675756 1675884
1676358 1676442
1676624 1676735
1677123 1677214
1677476 1677559
1677764 1677920
1678408 1678461
1678614 1678725
1679048 1679150
1679590 1679686
1680080 1680162
1680231 1680347
1680521 1680625
1680917 1680996
1681290 1681389
1681606 1681689
1681775 1681881
1682047 1682141
1682171 1682245
1682574 1682682
1682958 1683039
1683284 1683374
1683704 1683795
1683957 1684041
1684124 1684218
1684672 1684799
1684980 1685083
1685483 1685556
1686006 1686134
1686203 1686280
1686540 1686620
1686979 1687088
1687443 1687566
1687892 1687999
1688226 1688310
1688805 1688925
1689044 1689158
1689408 1689458
1689878 1689978
1690176 1690273
1690563 1690649
1690691 1690802
1691256 1691367
1691795 1691871
1692093 1692207
1692623 1692725
1692891 1692970
1693109 1693196
1693656 1693786
1694224 1694306
1694328 1694463
1694779 1694896
1694959 1695009
1695248 1695346
1695778 1695903
1695910 1695980
1696010 1696094
1696186 1696303
1696765 1696898
1697141 1697244
1697526 1697656
1698008 1698082
1698566 1698658
1698661 1698778
1699263 1699355
1699387 1699513
1699544 1699643
1700104 1700197
1700329 1700416
1700626 1700730
1700914 1701028
1701122 1701210
1701268 1701380
1701677 1701780
1701876 1701957
1702368 1702429
1702769 1702869
1703135 1703230
1703383 1703476
1703673 1703793
1703899 1704012
1704091 1704197
1704556 1704664
1704692 1704776
1705150 1705260
1705514 1705644
1706130 1706259
1706458 1706588
1706593 1706684
1707168 1707275
1707343 1707430
1707494 1707599
1707806 1707909
1707948 1708036
1708436 1708512
1708546 1708645
1708812 1708928
1708934 1709074
1709093 1709206
1709408 1709475
1709753 1709877
1710348 1710421
1710488 1710575
1710884 1710991
1711255 1711367
1711808 1711890
1712378 1712459
1712532 1712623
1712997 1713081
1713207 1713318
1713324 1713427
1713761 1713882
1713981 1714084
1714140 1714222
1714231 1714329
1714434 1714517
1714850 1714972
1715370 1715451
1715606 1715682
1715718 1715822
1715884 1715981
1716000 1716060
1716532 1716637
1717055 1717120
1717402 1717472
1717643 1717788
1717980 1718087
1718495 1718599
1718832 1718940
1719076 1719156
1719303 1719390
1719675 1719767
1719822 1719891
1720091 1720183
1720489 1720546
1720805 1720928
1721146 1721218
1721700 1721831
1721912 1722036
1722286 1722383
1722578 1722666
1722918 1723018
1723251 1723350
1723357 1723433
1723559 1723676
1723871 1723966
1723982 1724068
1724311 1724373
1724628 1724713
1725100 1725203
1725235 1725314
1725386 1725504
1725874 1725979
1726091 1726170
1726589 1726694
1726988 1727083
1727401 1727481
1727488 1727564
1727770 1727900
1728376 1728473
1728617 1728746
1729176 1729294
1729701 1729816
1730102 1730199
1730588 1730709
1731056 1731162
1731188 1731290
1731504 1731605
1732101 1732196
1732200 1732280
1732661 1732784
1733162 1733235
1733325 1733395
1733609 1733723
1733994 1734087
1734193 1734247
1734681 1734786
1735077 1735175
1735187 1735282
1735545 1735681
1736151 1736267
1736635 1736722
1736787 1736860
1736938 1737081
1737138 1737208
1737521 1737585
1737882 1737974
1738301 1738386
1738591 1738663
1739096 1739194
1739480 1739571
1739753 1739867
1740153 1740258
1740587 1740680
1740785 1740899
1741177 1741245
1741385 1741544
1741675 1741798
