37 124
349 487
779 839
844 952
994 1145
1220 1265
1618 1720
1867 2025
2059 2101
2256 2357
2799 2970
3354 3388
3860 3948
4283 4439
4606 4642
4917 5015
5022 5183
5413 5455
5868 5962
6133 6280
6587 6628
6629 6726
6880 7045
7523 7573
7764 7846
8298 8453
8852 8902
9134 9254
9319 9485
9704 9764
10220 10338
10356 10507
10695 10730
10990 11101
11468 11603
11927 11984
12258 12360
12834 12991
13370 13421
13846 13953
14266 14424
14712 14747
14813 14917
15399 15528
16027 16079
16362 16459
16467 16617
16720 16779
17237 17335
17490 17639
17987 18027
18159 18268
18507 18644
18930 18983
19356 19455
19641 19800
19875 19930
20149 20242
20396 20550
20558 20598
20666 20758
21038 21184
21410 21462
21488 21586
21591 21735
21994 22045
22286 22384
22395 22547
22868 22930
23143 23250
23353 23497
23650 23704
24044 24139
24226 24376
24490 24526
24584 24682
24779 24935
25183 25229
25512 25636
25853 26016
26340 26391
26844 26944
27000 27119
27518 27586
28017 28121
28164 28317
28574 28615
28837 28918
29359 29507
29770 29839
30057 30173
30648 30794
31162 31213
31272 31379
31416 31572
31797 31842
31982 32103
32378 32520
32882 32928
33390 33485
33559 33715
33828 33892
33952 34059
34144 34279
34389 34407
34704 34788
34855 35019
35242 35277
35695 35783
35847 35983
36360 36406
36884 36977
37294 37446
37840 37908
37962 38078
38574 38742
38768 38811
38822 38925
39352 39494
39714 39764
40065 40151
40282 40446
40901 40952
41424 41529
41926 42065
42305 42362
42770 42886
43381 43527
43837 43898
44224 44323
44434 44573
44932 44990
45209 45327
45469 45620
45721 45776
45784 45888
46099 46259
46472 46512
46584 46692
46706 46867
47156 47209
47707 47809
48156 48304
48698 48729
48988 49085
49574 49719
49971 50036
50507 50612
50998 51134
51374 51421
51552 51650
51980 52149
52312 52374
52738 52832
53150 53303
53680 53711
54092 54196
54429 54583
54741 54782
54940 55036
55438 55577
55921 55988
56380 56474
56798 56938
57078 57118
57318 57428
57609 57766
57894 57950
58271 58373
58824 58973
59351 59401
59802 59905
60144 60302
60309 60369
60761 60848
61055 61195
61567 61611
61888 61977
62004 62157
62239 62301
62536 62621
62735 62880
63221 63277
63434 63539
63718 63863
64191 64239
64454 64566
64844 64988
65070 65118
65542 65651
65851 66001
66389 66436
66568 66660
66995 67143
67147 67187
67218 67321
67642 67795
67930 67987
68214 68315
68807 68955
69204 69261
69522 69634
69773 69927
70205 70270
70346 70457
70952 71110
71383 71428
71704 71811
72184 72314
72806 72871
72972 73081
73556 73712
73714 73747
74121 74209
74617 74763
75188 75248
75369 75482
75881 76036
76121 76167
76618 76708
76844 76996
77329 77373
77425 77521
77759 77898
78181 78230
78500 78601
79006 79168
79623 79666
79923 80012
80207 80364
80547 80598
80896 81002
81433 81589
81956 81992
82158 82247
82538 82674
83126 83166
83412 83509
83827 83959
84250 84315
84446 84558
84973 85113
85500 85557
85706 85792
86099 86250
86402 86442
86768 86860
86928 87072
87244 87282
87520 87605
87693 87852
88167 88221
88420 88530
88561 88713
88877 88930
89092 89195
89680 89826
90146 90198
90375 90488
90588 90735
91203 91250
91745 91836
92089 92232
92703 92736
92969 93058
93204 93341
93527 93565
93884 93985
94172 94317
94651 94704
94898 95005
95406 95556
95841 95871
96124 96227
96506 96658
96681 96734
97153 97244
97397 97552
97871 97920
98370 98468
98818 98970
99260 99303
99527 99640
99900 100041
100317 100349
100655 100742
101171 101308
101550 101606
102033 102130
102302 102458
102473 102507
102761 102863
103232 103385
103817 103881
104003 104110
104587 104736
104937 104986
105016 105134
105521 105673
106133 106183
106626 106731
106756 106914
107177 107230
107583 107685
107875 108020
108253 108305
108448 108548
108900 109031
109154 109206
109408 109495
109926 110068
110344 110408
110833 110928
111150 111296
111591 111658
111741 111840
112055 112201
112402 112455
112820 112919
112951 113103
113571 113599
113834 113946
114401 114564
114611 114652
114958 115063
115339 115488
115805 115847
116251 116361
116386 116522
116949 116995
117003 117097
117586 117725
117774 117823
117854 117952
118160 118306
118554 118612
118911 119011
119510 119666
119862 119915
119977 120087
120436 120603
120740 120806
120935 121017
121307 121461
121480 121550
121872 121965
122053 122205
122653 122719
123117 123204
123307 123462
123559 123612
123814 123933
124307 124458
124947 124995
125451 125555
125858 126015
126400 126446
126767 126870
127172 127326
127406 127462
127564 127668
127861 128001
128321 128377
128680 128776
129202 129360
129506 129552
129622 129720
130049 130179
130550 130615
130771 130877
131047 131183
131218 131273
131621 131706
131756 131897
131915 131969
132307 132389
132734 132874
133134 133183
133585 133691
134085 134220
134521 134561
134597 134697
134907 135057
135479 135512
135568 135683
136036 136192
136380 136432
136682 136760
136924 137072
137244 137299
137640 137745
137938 138089
138330 138367
138585 138692
138741 138895
139157 139196
139252 139364
139650 139798
140035 140081
140121 140223
140256 140401
140547 140608
140892 140980
141218 141387
141502 141560
141617 141705
141833 141974
142431 142475
142952 143039
143187 143320
143550 143617
143811 143905
144290 144420
144618 144680
145131 145227
145689 145841
146188 146238
146725 146821
146953 147098
147118 147174
147556 147673
147885 148031
148338 148387
148825 148920
149150 149296
149648 149677
150064 150165
150407 150550
150873 150913
151237 151343
151478 151630
151794 151856
152189 152288
152463 152609
152962 153014
153030 153137
153418 153581
153681 153733
154120 154228
154584 154741
155087 155149
155610 155701
155773 155919
156113 156173
156426 156531
156759 156898
156902 156944
157126 157227
157681 157848
157929 157961
158233 158325
158584 158723
159119 159171
159611 159713
159830 159975
160295 160340
160435 160519
160896 161047
161399 161436
161447 161543
161852 162004
162416 162460
162826 162927
163362 163493
163883 163931
164243 164343
164754 164916
165222 165260
165520 165623
166088 166240
166681 166730
167197 167298
167375 167516
167967 168032
168042 168163
168536 168711
169004 169064
169278 169378
169420 169575
169812 169863
169969 170080
170114 170269
170275 170332
170429 170518
170559 170705
171186 171214
171443 171547
171983 172130
172275 172325
172358 172468
172673 172812
173008 173048
173254 173333
173827 173960
174459 174511
174776 174887
175065 175225
175433 175453
175585 175687
175950 176105
176569 176622
176773 176878
176887 177031
177178 177240
177278 177383
177555 177707
178165 178212
178633 178719
179010 179157
179594 179635
179870 179949
180069 180213
180631 180688
180865 180967
181254 181394
181477 181541
181588 181696
182040 182193
182317 182383
182795 182898
182979 183133
183216 183267
183416 183513
183611 183765
184120 184160
184380 184500
184920 185081
185416 185462
185949 186044
186452 186606
186799 186861
186938 187034
187063 187210
187337 187392
187709 187822
187839 187993
188220 188245
188453 188568
188875 189030
189372 189424
189504 189596
189795 189954
190059 190113
190126 190232
190439 190595
190714 190766
190826 190926
191151 191298
191781 191817
192207 192315
192665 192809
193203 193274
193290 193415
193890 194032
194421 194460
194641 194759
195065 195205
195515 195580
195898 196003
196307 196485
196920 196975
197022 197126
197540 197690
198185 198233
198622 198730
198984 199127
199337 199390
199503 199602
199924 200047
200368 200430
200681 200771
200826 200982
201353 201389
201563 201657
201884 202028
202293 202338
202535 202624
202675 202836
203072 203144
203383 203482
203947 204087
204505 204561
204915 205017
205081 205234
205363 205405
205858 205971
206102 206257
206493 206531
206653 206729
206762 206901
207116 207158
207202 207309
207380 207533
208000 208061
208144 208249
208475 208626
208692 208738
208765 208864
208890 209043
209510 209544
209966 210071
210223 210369
210429 210495
210610 210713
211179 211331
211573 211597
211786 211882
212275 212423
212565 212620
212809 212913
213356 213485
213649 213683
214018 214116
214245 214386
214878 214940
215218 215302
215569 215712
216102 216143
216281 216400
216606 216747
217109 217143
217163 217279
217769 217914
218098 218148
218608 218684
218905 219052
219285 219338
219547 219646
220071 220199
220468 220521
220946 221059
221541 221702
221864 221918
222165 222275
222678 222822
222830 222879
223032 223130
223165 223285
223704 223738
224088 224200
224303 224447
224690 224743
225210 225322
225365 225518
225832 225875
226235 226321
226747 226872
227351 227393
227570 227666
228092 228239
228722 228771
228813 228908
229090 229241
229573 229630
229939 230050
230062 230191
230609 230665
231089 231186
231370 231541
231587 231640
231943 232036
232403 232543
232692 232736
232978 233081
233555 233706
233907 233924
233953 234045
234338 234472
234728 234769
235154 235255
235590 235734
236143 236186
236585 236691
236867 237002
237393 237449
237937 238035
238494 238647
238894 238956
239437 239528
239772 239907
240001 240037
240117 240227
240336 240483
240619 240666
240973 241066
241366 241518
241828 241883
242303 242411
242516 242653
242911 242953
243251 243349
243559 243712
244101 244155
244616 244713
245083 245240
245555 245593
245952 246058
246184 246325
246792 246831
247185 247286
247511 247659
248144 248191
248417 248510
248656 248800
249028 249080
249486 249581
249878 250012
250410 250453
250749 250849
251241 251399
251890 251941
252062 252150
252605 252758
253256 253305
253310 253420
253741 253904
254364 254418
254594 254694
254910 255047
255378 255430
255683 255785
255970 256103
256565 256619
257117 257210
257600 257760
257826 257885
258193 258288
258749 258899
259366 259419
259521 259613
259928 260072
260366 260408
260556 260641
261045 261176
261395 261446
261621 261710
261911 262066
262391 262443
262677 262776
263262 263415
263458 263488
263511 263607
263999 264145
264352 264403
264751 264861
265034 265195
265615 265670
265822 265922
266075 266209
266692 266739
266817 266898
266944 267107
267529 267575
267882 267970
268203 268346
268800 268853
268994 269105
269363 269519
269885 269940
270356 270452
270913 271068
271393 271441
271926 272020
272486 272649
273041 273088
273179 273284
273474 273624
273958 274015
274075 274153
274210 274351
274659 274717
274754 274863
275317 275456
275528 275570
276039 276136
276272 276424
276600 276649
276816 276943
277426 277579
277889 277949
278103 278205
278636 278780
278837 278875
279329 279423
279709 279869
279918 279988
280010 280106
280128 280283
280740 280774
280924 281037
281356 281507
281831 281853
282244 282357
282793 282929
283330 283386
283434 283536
283678 283830
284089 284145
284324 284409
284865 285001
285169 285218
285468 285569
285828 286006
286018 286077
286465 286560
286943 287077
287428 287475
287737 287843
288284 288450
288641 288706
289179 289291
289486 289639
289645 289696
289943 290047
290249 290410
290684 290731
290967 291074
291363 291502
291803 291856
292266 292382
292839 292990
293081 293140
293186 293291
293416 293565
293934 293973
294163 294269
294559 294711
294823 294874
295146 295248
295461 295590
295654 295691
296188 296302
296659 296789
296978 297039
297086 297186
297476 297625
297794 297824
298255 298360
298373 298506
299002 299067
299149 299247
299511 299654
299741 299780
299884 299976
300201 300343
300347 300397
300681 300775
301070 301216
301669 301718
301845 301942
302217 302373
302659 302704
303123 303209
303603 303744
304085 304142
304207 304306
304679 304838
305162 305205
305302 305396
305494 305647
305682 305725
306023 306125
306508 306657
306903 306939
307175 307286
307534 307678
308113 308176
308612 308696
309003 309167
309664 309706
310092 310182
310213 310343
310349 310373
310624 310726
310787 310937
311061 311102
311284 311384
311882 312031
312299 312355
312843 312936
312956 313103
313561 313616
314108 314192
314601 314753
314929 314985
315246 315350
315829 315981
316081 316119
316304 316405
316505 316653
317014 317067
317354 317458
317528 317669
317854 317904
318202 318312
318725 318878
318983 319029
319451 319542
319993 320172
320429 320463
320785 320872
321212 321366
321783 321852
322257 322361
322665 322825
323133 323176
323521 323633
323756 323906
324252 324295
324567 324667
324754 324908
325363 325402
325632 325703
325965 326131
326285 326353
326774 326877
327000 327128
327524 327576
327619 327716
328133 328295
328492 328535
328818 328928
328981 329129
329211 329256
329682 329796
329937 330089
330571 330599
330602 330695
331175 331327
331805 331863
331996 332090
332427 332591
332891 332934
333239 333349
333517 333685
333735 333784
334127 334222
334536 334684
334815 334883
335345 335457
335830 335994
336467 336516
336655 336758
337160 337307
337711 337756
337924 338035
338382 338545
338935 338986
339324 339449
339896 340032
340316 340365
340479 340593
340757 340914
341237 341291
341372 341474
341884 342035
342513 342544
342831 342936
343138 343303
343708 343761
344064 344166
344492 344653
344908 344963
345103 345205
345653 345807
346079 346138
346442 346520
346621 346779
347017 347082
347256 347358
347716 347842
348291 348320
348692 348803
349255 349407
349868 349908
350401 350494
350894 351047
351101 351133
351158 351248
351271 351427
351702 351749
351892 351981
352007 352147
352404 352452
352760 352868
352978 353123
353506 353542
353676 353753
354014 354179
354660 354713
355043 355138
355504 355660
355835 355901
356333 356441
356736 356878
356948 356992
357232 357327
357552 357680
357885 357929
357965 358062
358205 358367
358702 358744
358779 358889
359126 359278
359536 359587
359624 359715
360021 360168
360399 360460
360755 360855
361239 361364
361842 361903
361971 362081
362277 362437
362720 362763
362877 362984
363051 363202
363345 363390
363693 363795
363876 364034
364225 364281
364643 364767
365046 365200
365624 365670
365980 366079
366491 366639
367046 367088
367578 367671
367699 367843
368080 368139
368171 368280
368429 368578
368739 368791
369231 369326
369719 369868
370163 370219
370262 370361
370651 370801
371230 371284
371776 371869
372196 372361
372729 372780
373131 373235
373546 373686
374008 374052
374234 374329
374799 374943
375052 375105
375266 375368
375687 375841
375934 376006
376415 376511
376908 377061
377490 377539
378016 378123
378444 378592
378838 378880
379011 379106
379386 379528
379975 380023
380309 380389
380612 380769
381033 381094
381590 381701
381857 381993
382459 382518
382853 382946
383287 383447
383872 383918
384147 384243
384430 384593
384626 384683
385125 385214
385508 385653
386095 386145
386624 386718
387060 387206
387301 387358
387577 387678
387849 387997
388468 388526
388798 388908
389220 389373
389557 389592
389851 389966
390218 390370
390576 390625
390855 390952
391262 391402
391656 391707
391733 391826
391949 392108
392152 392212
392306 392408
392725 392868
393039 393098
393126 393241
393585 393735
394113 394165
394290 394392
394593 394758
395254 395310
395747 395844
396068 396213
396217 396273
396724 396840
396878 397037
397220 397265
397678 397773
398030 398178
398202 398255
398354 398461
398846 398982
399039 399088
399177 399289
399746 399912
400364 400419
400443 400529
400541 400687
401091 401129
401621 401703
402000 402162
402210 402281
402736 402830
403237 403367
403832 403879
404102 404200
404203 404351
404366 404417
404535 404640
405079 405232
405655 405722
405840 405939
406090 406236
406255 406312
406599 406696
406865 407021
407263 407301
407433 407524
407943 408085
408354 408403
408795 408906
409388 409526
409847 409902
410327 410431
410780 410949
411300 411341
411513 411619
411766 411908
411910 411954
412426 412536
412921 413079
413347 413415
413848 413958
414285 414439
414486 414535
414585 414686
414722 414872
414899 414954
415411 415519
415988 416141
416197 416231
416411 416508
416889 417032
417308 417364
417557 417654
417751 417901
418143 418186
418430 418535
418979 419129
419567 419628
419771 419852
419961 420117
420471 420528
420801 420892
420988 421130
421384 421429
421795 421887
422343 422500
422848 422891
422944 423043
423484 423622
423900 423948
424192 424280
424379 424555
424674 424721
424743 424844
425233 425380
425594 425663
426155 426253
426303 426446
426936 426977
427094 427187
427479 427606
427743 427815
428253 428350
428614 428768
429258 429310
429511 429625
430103 430245
430303 430355
430515 430589
431077 431249
431598 431648
431871 431978
432054 432191
432583 432615
432645 432736
433206 433363
433472 433518
433690 433787
434041 434194
434540 434586
434775 434870
434984 435134
435558 435603
435640 435735
436020 436171
436205 436271
436364 436465
436627 436768
436895 436953
437014 437113
437455 437602
438065 438110
438343 438448
438859 439007
439120 439159
439349 439433
439705 439837
440098 440148
440492 440599
440627 440765
441155 441208
441540 441645
441804 441955
442364 442392
442434 442516
442892 443054
443476 443518
443639 443726
444114 444267
444383 444417
444440 444540
444693 444852
445080 445135
445594 445694
446117 446269
446369 446428
446847 446958
447177 447316
447448 447511
447801 447897
448315 448466
448583 448610
448769 448872
449267 449411
449425 449470
449814 449915
450014 450162
450245 450271
450651 450772
450933 451052
451306 451351
451456 451564
451627 451771
451962 452010
452290 452392
452455 452577
453064 453131
453301 453389
453453 453608
453977 454023
454397 454512
454614 454764
455012 455048
455314 455418
455747 455888
456280 456332
456416 456525
456562 456707
457184 457213
457376 457488
457548 457688
457785 457844
458207 458322
458427 458562
458690 458746
459102 459205
459448 459593
459604 459631
459673 459762
459818 459985
460010 460048
460172 460259
460517 460670
461140 461190
461400 461521
461754 461889
462200 462256
462594 462703
463080 463221
463400 463453
463582 463673
464141 464285
464348 464403
464512 464633
465063 465201
465321 465369
465462 465575
465616 465781
466121 466167
466270 466367
466668 466817
467224 467264
467337 467431
467594 467743
467900 467947
468013 468105
468203 468344
468491 468534
469008 469105
469306 469455
469911 469958
470422 470522
470927 471066
471325 471377
471711 471825
472149 472287
472741 472798
473107 473201
473363 473521
473536 473595
473774 473867
474215 474367
474722 474768
474917 475022
475051 475199
475332 475388
475577 475676
475911 476051
476133 476182
476617 476716
476814 476935
476946 476984
476993 477083
477255 477412
477626 477673
477982 478091
478252 478388
478396 478446
478831 478958
479214 479358
479488 479546
479668 479779
479862 479999
480228 480289
480654 480756
480937 481078
481162 481205
481673 481768
482040 482203
482645 482713
483042 483128
483294 483459
483636 483681
483935 484056
484243 484400
484723 484789
484885 484997
485200 485347
485600 485623
485947 486050
486305 486449
486533 486579
486725 486814
486994 487163
487227 487276
487759 487844
488290 488455
488666 488718
488742 488847
489304 489454
489688 489743
489991 490075
490386 490535
490557 490592
490879 490976
491177 491328
491726 491775
492123 492211
492511 492641
493033 493054
493271 493364
493795 493950
494422 494464
494684 494772
495175 495326
495515 495572
495912 496003
496156 496304
496431 496467
496854 496944
497071 497211
497597 497655
497943 498048
498057 498215
498278 498324
498427 498527
498874 499028
499079 499137
499492 499581
499725 499884
499894 499939
500242 500345
500365 500494
500851 500910
500913 501006
501241 501383
501450 501505
501682 501764
501922 502080
502258 502320
502757 502877
503354 503509
503740 503795
504256 504356
504449 504603
504617 504666
505090 505189
505203 505346
505740 505778
506049 506149
506456 506590
506975 507023
507044 507144
507556 507719
508129 508184
508380 508475
508690 508833
509170 509223
509252 509347
509354 509512
509850 509917
510081 510175
510269 510420
510660 510699
510769 510875
511025 511176
511644 511696
512098 512216
512493 512637
512867 512912
513190 513283
513423 513564
513977 514034
514382 514492
514845 514986
515324 515373
515381 515478
515796 515953
516005 516052
516334 516423
516719 516857
517175 517229
517632 517713
517807 517964
518275 518331
518579 518685
518992 519146
519342 519392
519514 519621
519737 519891
520304 520346
520703 520795
520974 521141
521639 521684
521955 522048
522462 522603
522924 522976
523419 523528
523852 524014
524290 524332
524457 524566
524570 524721
525070 525115
525420 525511
525979 526139
526411 526456
526689 526794
526862 527018
527212 527267
527390 527498
527614 527773
528272 528341
528383 528472
528792 528945
529381 529416
529850 529952
530083 530228
530512 530559
530790 530889
531296 531456
531722 531770
531791 531893
531955 532098
532279 532324
532525 532626
532685 532819
533112 533167
533174 533268
533594 533751
534043 534086
534503 534602
534986 535119
535411 535462
535649 535758
536168 536305
536311 536340
536405 536503
536681 536820
537282 537321
537710 537782
538186 538338
538712 538765
538822 538906
539165 539322
539534 539580
539683 539766
539844 539982
540170 540228
540362 540464
540582 540741
540982 541018
541148 541248
541423 541556
541881 541955
542342 542435
542753 542902
543234 543289
543505 543590
544034 544211
544567 544624
544910 545009
545044 545188
545669 545720
546204 546299
546634 546793
547087 547127
547541 547642
548088 548228
548284 548343
548382 548485
548897 549042
549388 549436
549798 549879
550020 550172
550272 550320
550659 550746
551245 551389
551756 551806
552087 552162
552622 552795
552856 552889
553017 553103
553346 553494
553692 553732
553733 553841
553874 554041
554289 554330
554739 554836
555093 555230
555414 555464
555596 555711
555870 556007
556100 556141
556183 556295
556698 556827
557211 557266
557366 557467
557772 557933
558385 558435
558695 558794
559099 559268
559390 559447
559666 559756
560025 560154
560585 560636
561063 561148
561447 561589
561894 561950
562382 562481
562720 562875
562884 562923
563409 563535
563617 563771
564089 564140
564357 564442
564798 564954
565448 565516
565612 565718
566185 566330
566560 566615
566916 567021
567269 567431
567542 567592
568081 568191
568434 568587
568621 568680
569131 569240
569490 569644
569680 569738
569904 569997
570200 570338
570772 570816
571136 571240
571482 571624
571776 571817
572057 572157
572160 572296
572487 572529
572702 572788
573047 573194
573205 573259
573542 573647
574082 574238
574432 574461
574485 574591
574769 574919
575321 575377
575773 575864
576254 576398
576887 576927
577018 577108
577545 577685
577961 578010
578232 578322
578504 578653
579056 579096
579384 579496
579876 580041
580375 580417
580728 580838
581163 581303
581413 581449
581560 581652
581827 581980
582403 582443
582648 582750
583247 583399
583829 583883
584334 584419
584695 584858
585123 585185
585604 585685
585796 585961
586018 586055
586075 586171
586363 586508
586740 586788
587023 587118
587126 587267
587272 587323
587455 587563
587913 588081
588409 588460
588591 588705
588737 588892
588937 588985
589034 589150
589318 589471
589516 589577
589777 589874
590125 590294
590476 590537
590685 590783
590922 591076
591481 591551
591787 591890
592348 592496
592761 592824
593308 593382
593511 593657
593709 593758
593803 593912
594234 594397
594617 594653
595083 595187
595379 595537
595676 595715
596041 596143
596627 596789
596870 596920
597217 597324
597521 597664
598128 598173
598269 598359
598439 598560
598719 598774
599193 599296
599569 599725
599787 599842
600095 600181
600478 600630
600660 600715
600796 600894
601270 601419
601666 601726
601928 602047
602162 602297
602509 602572
603035 603131
603143 603287
603450 603490
603894 604012
604074 604230
604341 604383
604573 604677
604882 605011
605308 605368
605705 605799
606286 606440
606789 606837
607268 607380
607487 607634
608104 608162
608410 608498
608934 609082
609391 609441
609809 609927
610150 610303
610661 610727
610951 611043
611139 611289
611722 611774
611882 611990
611999 612146
612159 612204
612678 612792
613094 613224
613304 613353
613748 613846
614021 614169
614647 614713
614861 614974
615380 615534
616024 616055
616457 616548
616604 616738
616893 616939
617099 617212
617471 617608
618075 618126
618565 618650
619077 619227
619377 619427
619595 619694
620047 620202
620490 620511
620740 620839
620866 621005
621104 621142
621343 621461
621841 622014
622112 622170
622378 622472
622668 622819
623150 623192
623535 623636
623999 624166
624575 624633
624687 624792
625212 625370
625719 625773
626205 626309
626617 626776
627273 627331
627421 627533
627729 627884
628181 628212
628409 628495
628748 628900
628914 628970
629406 629491
629880 630019
630124 630185
630320 630432
630530 630672
630946 631001
631295 631399
631777 631936
632033 632083
632486 632581
632997 633150
633177 633213
633683 633780
633835 633984
634120 634165
634234 634346
634542 634693
634871 634908
635224 635311
635411 635567
635819 635855
636139 636214
636388 636547
636622 636667
636764 636870
637349 637493
637606 637656
637873 637972
638023 638166
638536 638581
638922 639029
639480 639625
639889 639932
640264 640355
640800 640958
641295 641348
641350 641448
641637 641813
642238 642292
642473 642577
642744 642880
643197 643247
643268 643380
643744 643895
644360 644412
644543 644651
644722 644856
645303 645354
645735 645837
646231 646381
646458 646507
646999 647106
647574 647724
648154 648208
648356 648458
648491 648654
649039 649094
649318 649402
649551 649708
649804 649849
649930 650010
650251 650424
650807 650849
650986 651080
651160 651306
651762 651808
652156 652264
652548 652689
653108 653167
653448 653560
653933 654075
654417 654469
654960 655082
655431 655588
655900 655949
656422 656507
656711 656877
657190 657229
657329 657425
657760 657912
658089 658131
658259 658337
658542 658689
658756 658796
659240 659346
659728 659880
659957 660017
660160 660262
660612 660783
660882 660929
661066 661149
661338 661489
661759 661810
661924 662021
662328 662464
662961 663003
663455 663551
663805 663960
664441 664495
664571 664666
664686 664823
665228 665264
665368 665477
665637 665786
666081 666137
666159 666254
666459 666612
666986 667040
667417 667520
667607 667747
668002 668039
668298 668410
668651 668792
669168 669235
669328 669421
669860 670005
670377 670437
670774 670864
671059 671205
671214 671249
671643 671739
671749 671907
672354 672406
672856 672962
673095 673256
673533 673569
673879 673973
674147 674318
674710 674766
675042 675146
675589 675742
676048 676104
676242 676348
676526 676674
676903 676965
677190 677294
677572 677729
678024 678087
678241 678331
678513 678658
678797 678839
679126 679240
679579 679714
680068 680123
680435 680515
680762 680913
680918 680962
681454 681570
682045 682197
682417 682470
682831 682933
683423 683568
684039 684085
684088 684182
684296 684431
684455 684517
684630 684730
684820 684965
685144 685176
685237 685332
685459 685600
685854 685895
685900 685993
686383 686542
686774 686831
687112 687221
687294 687424
687612 687656
688091 688193
688220 688377
688545 688604
689084 689187
689301 689447
689840 689889
690284 690385
690451 690603
690687 690731
691135 691237
691576 691730
692038 692084
692536 692640
692653 692806
692947 693001
693253 693351
693774 693905
694352 694407
694884 694986
695327 695477
695654 695713
696121 696229
696437 696589
696881 696918
697409 697521
697878 698020
698401 698457
698905 698996
699346 699500
699882 699926
699936 700054
700274 700430
700791 700858
700996 701082
701172 701321
701750 701787
701816 701897
702014 702176
702603 702654
703057 703157
703233 703381
703551 703612
703768 703864
704048 704198
704604 704654
704754 704849
704911 705060
705464 705528
705787 705897
706207 706332
706782 706827
707055 707154
707197 707347
707434 707497
707560 707651
707960 708100
708209 708256
708562 708648
708876 709022
709276 709316
709692 709793
710136 710296
710453 710509
710658 710751
711013 711165
711207 711266
711737 711841
712336 712492
712600 712649
713021 713106
713474 713615
714097 714163
714433 714543
715021 715182
715370 715426
715524 715627
715690 715832
716243 716297
716646 716746
716984 717110
717249 717316
717739 717853
718158 718307
718675 718740
719123 719216
719568 719707
720044 720087
720538 720637
721108 721275
721334 721393
721886 721981
722266 722407
722652 722713
722876 722974
723046 723191
723688 723744
723768 723875
724237 724387
724536 724597
724779 724885
725346 725509
725612 725652
725890 726004
726114 726254
726305 726348
726489 726589
726951 727112
727495 727540
727626 727724
727993 728130
728616 728674
728680 728771
729256 729408
729786 729825
729944 730024
730281 730422
730764 730824
731172 731265
731398 731545
731917 731962
732246 732345
732511 732681
732852 732913
733058 733159
733495 733641
733653 733712
733916 733998
734000 734150
734585 734624
734740 734832
735137 735285
735523 735577
735644 735729
736182 736338
736355 736395
736663 736757
737157 737319
737467 737498
737876 737971
737977 738122
738402 738464
738606 738690
738883 739033
739223 739278
739438 739538
739711 739856
739926 739980
740195 740285
740550 740702
741008 741050
741412 741514
741897 742038
742051 742096
742287 742387
742505 742662
742874 742921
743127 743214
743615 743769
743951 744004
744070 744177
744498 744651
744769 744818
744966 745070
745139 745270
745446 745503
745588 745693
745787 745938
746169 746214
746659 746753
747219 747369
747431 747488
747515 747621
747891 748033
748472 748521
748805 748913
749202 749349
749772 749822
750033 750124
750204 750353
750550 750583
750812 750907
751381 751529
751974 752070
752361 752456
752535 752679
752831 752875
753192 753300
753754 753889
754233 754280
754390 754490
754601 754746
755047 755102
755505 755620
755689 755817
755944 755996
756402 756517
756931 757086
757171 757248
757624 757711
757872 758024
758354 758409
758806 758915
759172 759335
759705 759773
760148 760238
760696 760845
761308 761358
761832 761929
762404 762555
762698 762749
762817 762898
763295 763436
763720 763762
763769 763875
764219 764358
764474 764535
764951 765035
765160 765312
765444 765486
765855 765951
765974 766123
766557 766622
767088 767187
767493 767641
767876 767916
767927 768019
768174 768326
768720 768768
769003 769111
769507 769639
769810 769846
770232 770323
770568 770714
770814 770861
771312 771410
771532 771669
771997 772032
772243 772341
772670 772822
773005 773069
773144 773239
773382 773533
773615 773654
773955 774043
774045 774201
774615 774654
775008 775091
775401 775568
775770 775823
775906 776011
776480 776636
776648 776692
776894 776982
777319 777485
777973 778028
778078 778179
778649 778799
778899 778954
779201 779312
779746 779898
779954 780008
780303 780406
780577 780721
781168 781218
781403 781494
781986 782149
782618 782651
782783 782886
783206 783359
783631 783673
784056 784167
784422 784567
784963 785001
785256 785352
785545 785704
786033 786087
786377 786478
786627 786781
786910 786947
787444 787540
787587 787740
787884 787954
788256 788355
788365 788517
789013 789069
789527 789629
790114 790276
790501 790548
790641 790743
790759 790905
790930 790977
791028 791132
791467 791625
792075 792144
792145 792233
792524 792663
792801 792860
792930 793028
793291 793441
793791 793831
794180 794286
794411 794567
794634 794677
794889 794989
795300 795428
795538 795594
795848 795963
796295 796448
796645 796697
796803 796890
797248 797404
797590 797635
797987 798091
798159 798318
798782 798834
799059 799146
799228 799360
799371 799411
799851 799933
800189 800346
800549 800583
800776 800895
801224 801357
801377 801417
801541 801639
802054 802216
802556 802607
802715 802793
802913 803047
803052 803128
803568 803662
803816 803964
804057 804099
804459 804573
804592 804731
804977 805020
805173 805261
805738 805876
806220 806286
806303 806417
806494 806646
806664 806717
806800 806907
807224 807362
807681 807722
808115 808228
808347 808507
808514 808564
808654 808741
808938 809080
809122 809190
809336 809428
809497 809658
809944 810002
810166 810277
810293 810450
810937 810968
811011 811111
811576 811736
811947 812009
812101 812204
812588 812744
812852 812899
813044 813134
813563 813723
814005 814043
814045 814138
814617 814770
814968 815024
815195 815300
815787 815948
816242 816283
816754 816860
817202 817351
817548 817610
817858 817946
818224 818400
818796 818844
819103 819182
819466 819620
819779 819828
819958 820074
820394 820540
820633 820671
820847 820947
821024 821154
821244 821303
821447 821537
821731 821890
822114 822155
822160 822266
822433 822603
823007 823058
823449 823556
824041 824170
824529 824574
824830 824930
825136 825270
825703 825744
826206 826305
826528 826679
826720 826762
826790 826902
826934 827072
827505 827557
827963 828054
828411 828543
828818 828870
829120 829220
829313 829465
829855 829943
830021 830113
830257 830386
830492 830547
830852 830959
831245 831415
831818 831868
832119 832221
832358 832495
832554 832578
832625 832716
833100 833245
833715 833775
833821 833914
834313 834455
834952 835003
835203 835297
835737 835891
836261 836313
836489 836589
836999 837151
837318 837367
837479 837589
837847 837993
838450 838508
838623 838707
839096 839238
839645 839694
839741 839830
840081 840233
840707 840738
840796 840897
840918 841065
841375 841432
841786 841900
842057 842209
842262 842327
842633 842720
842783 842939
843334 843380
843427 843511
843526 843668
843749 843806
844176 844270
844618 844773
845012 845057
845426 845527
845933 846068
846384 846432
846561 846678
846704 846848
847001 847060
847555 847645
847799 847936
847960 848004
848410 848493
848978 849124
849311 849373
849667 849766
849930 850071
850416 850454
850744 850832
851319 851457
851863 851898
852020 852137
852319 852465
852909 852960
853097 853198
853258 853418
853627 853677
853772 853872
854172 854327
854657 854710
854899 854985
855416 855563
855645 855689
855816 855918
856370 856515
856610 856670
856890 856979
857353 857502
857653 857711
858006 858108
858403 858554
858771 858810
859280 859386
859770 859917
860202 860264
860286 860380
860788 860962
861252 861298
861336 861440
861650 861801
862089 862147
862293 862377
862765 862916
863381 863412
863818 863911
864185 864335
864659 864719
864774 864877
865374 865538
865704 865748
866153 866242
866419 866561
866571 866608
866881 866998
867029 867153
867455 867505
867590 867693
868120 868268
868369 868422
868786 868895
868938 869082
869555 869587
870073 870192
870524 870687
871107 871176
871672 871779
871901 872064
872445 872480
872562 872676
872888 873019
873267 873317
873580 873680
873971 874134
874264 874306
874797 874885
875004 875157
875364 875420
875502 875607
875970 876115
876425 876488
876954 877057
877326 877468
877772 877824
877867 877977
877994 878141
878309 878347
878490 878580
878765 878917
879223 879267
879528 879637
879906 880052
880079 880128
880612 880721
881194 881336
881376 881425
881637 881746
882099 882241
882655 882709
882869 882959
883052 883192
883404 883460
883494 883591
883675 883833
883950 883982
884015 884112
884589 884747
885109 885160
885277 885396
885687 885843
885925 885983
886004 886105
886458 886610
886751 886809
886925 887037
887092 887223
887231 887293
887664 887760
888251 888421
888592 888645
888719 888834
889143 889305
889383 889427
889840 889936
890033 890168
890462 890516
890931 891032
891336 891487
891715 891759
891796 891866
892006 892151
892530 892586
892914 893013
893244 893398
893859 893912
893944 894044
894107 894256
894679 894741
894806 894895
895371 895531
895848 895906
896009 896110
896235 896382
896674 896741
897049 897147
897468 897625
897771 897807
897909 898000
898384 898533
899009 899059
899398 899491
899790 899943
900262 900320
900458 900557
900642 900800
901143 901202
901692 901784
902182 902328
902659 902696
903082 903171
903271 903421
903752 903817
904147 904238
904579 904727
905151 905210
905709 905792
905944 906097
906516 906584
906783 906889
906950 907117
907444 907499
907952 908048
908246 908382
908743 908789
908924 909026
909163 909317
909523 909579
910026 910131
910407 910556
910797 910821
910905 911011
911072 911211
911591 911635
911768 911853
912136 912303
912682 912719
913171 913286
913364 913503
913962 913999
914135 914242
914430 914578
914882 914922
914954 915051
915426 915579
915957 915992
916245 916332
916462 916619
916804 916863
917236 917338
917497 917654
917757 917828
917968 918071
918198 918344
918572 918624
918954 919059
919239 919399
919637 919693
920121 920227
920498 920648
920864 920926
921246 921347
921750 921903
922019 922061
922323 922414
922726 922865
922992 923036
923330 923428
923504 923649
924056 924088
924138 924230
924322 924460
924702 924763
925015 925113
925114 925263
925371 925446
925900 926003
926030 926189
926644 926688
927033 927131
927464 927603
927666 927713
927730 927838
927933 928083
928093 928142
928345 928453
928731 928878
929061 929108
929363 929464
929558 929715
930073 930130
930618 930721
930788 930941
931128 931173
931457 931560
931945 932077
932562 932607
932639 932727
932782 932915
932918 932960
933091 933191
933541 933699
933946 933993
934414 934501
934951 935101
935339 935403
935761 935842
935854 935989
936181 936229
936265 936356
936723 936857
937149 937189
937227 937311
937545 937713
938066 938100
938543 938640
938719 938891
939261 939304
939759 939862
940163 940308
940773 940821
941091 941201
941661 941808
941990 942032
942104 942203
942439 942582
942586 942650
942748 942837
943201 943338
943589 943631
943987 944087
944280 944436
944528 944581
944860 944968
945391 945551
945871 945914
946311 946406
946446 946603
947013 947061
947229 947332
947584 947728
947806 947847
948032 948135
948601 948770
949029 949080
949534 949642
949995 950143
950377 950417
950699 950784
951169 951294
951707 951752
951762 951864
952019 952175
952634 952673
952717 952809
953248 953388
953417 953474
953583 953698
953871 954012
954186 954232
954354 954455
954473 954632
954784 954821
955033 955132
955394 955555
955818 955873
956178 956270
956332 956489
956962 957010
957032 957116
957171 957317
957461 957488
957774 957886
958168 958315
958792 958850
959073 959162
959250 959391
959461 959504
959611 959712
959785 959942
960132 960185
960607 960706
960780 960945
961103 961132
961372 961476
961551 961711
962125 962192
962235 962338
962572 962720
963180 963249
963738 963842
964217 964367
964427 964459
964512 964600
965054 965193
965374 965432
965781 965890
966273 966440
966605 966638
966691 966801
967196 967349
967741 967782
967804 967889
968018 968174
968349 968382
968439 968542
968892 969064
969247 969292
969422 969510
969777 969939
970072 970132
970189 970299
970676 970811
971068 971121
971156 971263
971521 971666
971928 971964
972354 972459
972833 972981
973354 973401
973749 973840
974085 974228
974543 974587
974765 974883
975034 975201
975330 975367
975435 975541
975551 975699
976079 976142
976333 976430
976546 976691
976854 976891
977358 977460
977559 977689
977959 978001
978420 978516
978651 978806
978968 979024
979286 979389
979697 979844
980051 980094
980255 980371
980527 980680
980918 980972
981402 981498
981579 981703
981761 981810
981909 981999
982257 982417
982780 982824
983300 983402
983606 983743
984098 984135
984261 984363
984521 984689
985187 985229
985391 985487
985606 985755
986002 986065
986336 986406
986564 986702
986980 987030
987307 987402
987699 987857
988181 988232
988447 988555
988992 989121
989572 989613
989668 989754
989908 990052
990540 990601
990952 991052
991447 991604
991630 991669
992037 992142
992215 992372
992395 992438
992682 992776
992954 993084
993290 993347
993821 993920
994355 994506
994679 994735
995029 995130
995463 995604
995887 995941
996273 996374
996481 996629
996824 996873
996999 997108
997188 997347
997540 997589
997643 997729
997991 998155
998448 998486
998652 998762
999080 999215
999380 999438
999491 999580
999592 999733
999753 999791
1000042 1000149
1000584 1000730
1000781 1000832
1001195 1001285
1001490 1001627
1001714 1001782
1001795 1001895
1001974 1002119
1002261 1002324
1002551 1002652
1003031 1003194
1003246 1003310
1003713 1003827
1004141 1004280
1004411 1004459
1004830 1004951
1005366 1005503
1005665 1005742
1006042 1006150
1006241 1006393
1006402 1006447
1006561 1006662
1006866 1007011
1007178 1007222
1007499 1007597
1007729 1007891
1008214 1008266
1008529 1008627
1008891 1009040
1009263 1009315
1009810 1009912
1009935 1010082
1010126 1010184
1010343 1010447
1010739 1010883
1011016 1011075
1011222 1011295
1011715 1011873
1012055 1012113
1012494 1012605
1012607 1012765
1012943 1012974
1013149 1013258
1013405 1013552
1014015 1014057
1014215 1014310
1014563 1014722
1014980 1015025
1015486 1015594
1015710 1015851
1016149 1016185
1016219 1016326
1016759 1016924
1017418 1017463
1017617 1017709
1018000 1018148
1018198 1018249
1018688 1018769
1018930 1019072
1019420 1019478
1019936 1020045
1020360 1020503
1020614 1020669
1021035 1021143
1021498 1021645
1022038 1022079
1022265 1022362
1022541 1022689
1022749 1022795
1022855 1022951
1023359 1023505
1023785 1023841
1024323 1024423
1024847 1025008
1025085 1025135
1025397 1025518
1025534 1025685
1025820 1025864
1026004 1026109
1026534 1026693
1027169 1027212
1027227 1027326
1027726 1027869
1028072 1028126
1028137 1028230
1028297 1028447
1028455 1028481
1028851 1028958
1029083 1029239
1029637 1029679
1029750 1029861
1030345 1030499
1030768 1030810
1031205 1031314
1031475 1031634
1031968 1032018
1032425 1032524
1032993 1033161
1033464 1033500
1033882 1033991
1034204 1034349
1034629 1034689
1035167 1035279
1035313 1035436
1035666 1035726
1036076 1036167
1036452 1036604
1036947 1036981
1037203 1037310
1037417 1037571
1037596 1037650
1037788 1037883
1038269 1038400
1038405 1038458
1038731 1038823
1039177 1039322
1039375 1039439
1039772 1039868
1040279 1040431
1040575 1040636
1041017 1041125
1041226 1041368
1041591 1041636
1041793 1041895
1042138 1042279
1042755 1042795
1042933 1043040
1043269 1043420
1043542 1043591
1043790 1043886
1044017 1044159
1044559 1044611
1044916 1045023
1045460 1045620
1045653 1045700
1045761 1045858
1045971 1046119
1046454 1046501
1046538 1046650
1046669 1046817
1046832 1046874
1047199 1047296
1047489 1047641
1047908 1047936
1048228 1048345
1048379 1048531
1048683 1048739
1049225 1049323
1049758 1049921
1049936 1049979
1050206 1050309
1050613 1050759
1051195 1051252
1051557 1051653
1051728 1051879
1052061 1052100
1052154 1052263
1052591 1052731
1053105 1053141
1053456 1053566
1053835 1053988
1054319 1054393
1054423 1054522
1054856 1055006
1055066 1055108
1055224 1055331
1055398 1055531
1055911 1055970
1056367 1056470
1056473 1056629
1056955 1056998
1057319 1057423
1057749 1057899
1058213 1058260
1058365 1058474
1058569 1058737
1059095 1059156
1059516 1059583
1059932 1060111
1060314 1060346
1060658 1060766
1061175 1061303
1061425 1061488
1061673 1061793
1062226 1062360
1062813 1062863
1063196 1063296
1063324 1063478
1063948 1063981
1064200 1064313
1064409 1064525
1064560 1064602
1064618 1064714
1065129 1065289
1065304 1065348
1065483 1065578
1065703 1065851
1065887 1065939
1065979 1066068
1066245 1066392
1066619 1066672
1066833 1066937
1067167 1067318
1067759 1067810
1067883 1067977
1068155 1068300
1068577 1068624
1069058 1069160
1069235 1069385
1069511 1069555
1069769 1069871
1070240 1070387
1070442 1070497
1070857 1070956
1071138 1071296
1071620 1071658
1071913 1072028
1072372 1072525
1072859 1072913
1073151 1073258
1073524 1073649
1073985 1074025
1074065 1074157
1074608 1074760
1074899 1074947
1075104 1075209
1075572 1075732
1075909 1075949
1076052 1076155
1076484 1076634
1076853 1076905
1077068 1077179
1077609 1077738
1077753 1077791
1077841 1077938
1078014 1078180
1078453 1078504
1078917 1079023
1079237 1079385
1079574 1079638
1079701 1079811
1080140 1080286
1080321 1080376
1080776 1080861
1081060 1081198
1081212 1081267
1081739 1081837
1082179 1082327
1082374 1082411
1082820 1082922
1083154 1083307
1083699 1083749
1083912 1084007
1084271 1084425
1084824 1084877
1085351 1085437
1085690 1085833
1086258 1086294
1086408 1086503
1086602 1086766
1087046 1087090
1087275 1087371
1087766 1087917
1088172 1088217
1088635 1088713
1089034 1089188
1089667 1089712
1090067 1090169
1090661 1090807
1090973 1091023
1091168 1091259
1091394 1091535
1091868 1091913
1092048 1092138
1092320 1092470
1092525 1092568
1093054 1093151
1093535 1093677
1093876 1093923
1094422 1094524
1094941 1095101
1095506 1095536
1095551 1095631
1096032 1096185
1096614 1096655
1096694 1096790
1097252 1097417
1097823 1097869
1098070 1098172
1098407 1098548
1099021 1099088
1099540 1099632
1099714 1099863
1100185 1100234
1100568 1100680
1101005 1101153
1101349 1101405
1101611 1101711
1101878 1102020
1102082 1102127
1102281 1102395
1102773 1102915
1102975 1103007
1103058 1103174
1103332 1103482
1103638 1103687
1103768 1103868
1103883 1104049
1104258 1104304
1104558 1104667
1104872 1105024
1105310 1105349
1105670 1105759
1106197 1106347
1106588 1106617
1106770 1106878
1106980 1107116
1107398 1107458
1107617 1107728
1107964 1108110
1108397 1108430
1108477 1108579
1108686 1108835
1108873 1108919
1109287 1109374
1109598 1109742
1109826 1109865
1110022 1110118
1110583 1110733
1110804 1110863
1111354 1111452
1111698 1111835
1112127 1112159
1112330 1112425
1112677 1112831
1112884 1112939
1113178 1113273
1113314 1113463
1113807 1113853
1113855 1113966
1114281 1114427
1114631 1114674
1114868 1114973
1115367 1115523
1116014 1116053
1116407 1116510
1116834 1116991
1117161 1117190
1117650 1117756
1118032 1118178
1118495 1118563
1118601 1118685
1118884 1119024
1119431 1119493
1119853 1119961
1120334 1120483
1120626 1120682
1120757 1120848
1120906 1121052
1121357 1121394
1121571 1121665
1122136 1122267
1122547 1122591
1123015 1123122
1123243 1123391
1123802 1123865
1123998 1124090
1124482 1124640
1124779 1124856
1124948 1125034
1125343 1125508
1125875 1125919
1126413 1126527
1126925 1127098
1127431 1127469
1127615 1127707
1127900 1128050
1128122 1128184
1128331 1128424
1128635 1128781
1129131 1129160
1129548 1129645
1129786 1129949
1129967 1130017
1130185 1130279
1130488 1130640
1131137 1131190
1131649 1131742
1132109 1132234
1132638 1132674
1132916 1133005
1133423 1133561
1133898 1133948
1134101 1134211
1134621 1134772
1134799 1134849
1134952 1135060
1135299 1135449
1135621 1135657
1135862 1135960
1136162 1136315
1136727 1136791
1136928 1137018
1137117 1137266
1137362 1137410
1137504 1137598
1137676 1137840
1138331 1138384
1138393 1138489
1138927 1139080
1139155 1139200
1139436 1139545
1140005 1140156
1140402 1140449
1140674 1140760
1141253 1141422
1141540 1141588
1141605 1141687
1141969 1142108
1142405 1142468
1142955 1143054
1143242 1143390
1143560 1143613
1144057 1144149
1144458 1144606
1144634 1144687
1144833 1144942
1145128 1145285
1145477 1145521
1145596 1145681
1145832 1145981
1146450 1146502
1146918 1147025
1147175 1147314
1147406 1147451
1147589 1147698
1148196 1148339
1148751 1148801
1148827 1148924
1149040 1149189
1149597 1149664
1149792 1149908
1150148 1150300
1150388 1150450
1150506 1150617
1150698 1150841
1151328 1151375
1151752 1151852
1152079 1152246
1152247 1152305
1152373 1152464
1152568 1152707
1152837 1152886
1152914 1153012
1153049 1153210
1153550 1153592
1153863 1153980
1154126 1154283
1154400 1154463
1154611 1154725
1155139 1155308
1155395 1155444
1155569 1155678
1155800 1155932
1156130 1156177
1156549 1156647
1156868 1157018
1157121 1157169
1157554 1157642
1157814 1157984
1158204 1158254
1158340 1158458
1158626 1158770
1159004 1159046
1159342 1159430
1159564 1159715
1160095 1160164
1160445 1160550
1160873 1161026
1161459 1161509
1161872 1161973
1162029 1162181
1162495 1162553
1163047 1163146
1163193 1163357
1163404 1163456
1163820 1163913
1164325 1164477
1164546 1164597
1164932 1165036
1165386 1165525
1165631 1165681
1166137 1166253
1166715 1166869
1167016 1167082
1167153 1167242
1167348 1167497
1167539 1167579
1167855 1167950
1168419 1168570
1168608 1168670
1168790 1168882
1168918 1169072
1169499 1169550
1169973 1170081
1170209 1170353
1170354 1170412
1170686 1170778
1171190 1171327
1171665 1171722
1171887 1171975
1172084 1172232
1172562 1172597
1172642 1172733
1172943 1173091
1173312 1173369
1173746 1173837
1174172 1174319
1174589 1174630
1175021 1175138
1175512 1175693
1175722 1175773
1176097 1176185
1176510 1176663
1176776 1176815
1176950 1177049
1177118 1177277
1177697 1177756
1177918 1178013
1178134 1178273
1178742 1178781
1178887 1179003
1179247 1179392
1179671 1179728
1179910 1179998
1180245 1180400
1180458 1180510
1180959 1181054
1181185 1181320
1181671 1181739
1182006 1182111
1182516 1182650
1182873 1182930
1183313 1183410
1183742 1183896
1184321 1184370
1184702 1184791
1185064 1185199
1185217 1185261
1185306 1185407
1185630 1185783
1185824 1185877
1186243 1186350
1186784 1186941
1187222 1187285
1187491 1187578
1188056 1188222
1188605 1188668
1188997 1189099
1189224 1189377
1189772 1189821
1189830 1189930
1190187 1190369
1190552 1190610
1190668 1190771
1190870 1191006
1191280 1191321
1191542 1191627
1191696 1191833
1191912 1191956
1192333 1192432
1192498 1192669
1192694 1192746
1193225 1193330
1193532 1193686
1194181 1194207
1194435 1194550
1194624 1194757
1195220 1195270
1195589 1195685
1195971 1196122
1196193 1196226
1196654 1196739
1196995 1197155
1197179 1197242
1197478 1197595
1197753 1197900
1197957 1198029
1198294 1198395
1198639 1198782
1199136 1199202
1199281 1199377
1199770 1199915
1199963 1199999
1200295 1200381
1200696 1200838
1201032 1201079
1201424 1201527
1201983 1202125
1202162 1202217
1202342 1202443
1202857 1203024
1203384 1203431
1203666 1203769
1204199 1204341
1204618 1204655
1204779 1204887
1204949 1205110
1205397 1205446
1205860 1205959
1206050 1206199
1206292 1206338
1206498 1206582
1206938 1207089
1207340 1207383
1207746 1207865
1207892 1208037
1208251 1208309
1208598 1208675
1208949 1209108
1209527 1209575
1209757 1209836
1210239 1210395
1210543 1210587
1211081 1211199
1211342 1211466
1211783 1211841
1211989 1212086
1212495 1212639
1212993 1213035
1213305 1213413
1213767 1213907
1214348 1214387
1214614 1214728
1214825 1214957
1215049 1215103
1215454 1215544
1215647 1215790
1216100 1216158
1216492 1216576
1216664 1216813
1217057 1217111
1217188 1217274
1217690 1217842
1218049 1218116
1218458 1218558
1218896 1219044
1219074 1219121
1219490 1219590
1219738 1219895
1220069 1220105
1220328 1220421
1220820 1220983
1221410 1221457
1221882 1221988
1222436 1222594
1222723 1222760
1223175 1223274
1223354 1223493
1223516 1223563
1223638 1223748
1224141 1224295
1224758 1224806
1225251 1225353
1225546 1225692
1226042 1226097
1226200 1226309
1226486 1226634
1226999 1227048
1227068 1227159
1227168 1227296
1227529 1227605
1227670 1227772
1228041 1228186
1228516 1228581
1228902 1229007
1229215 1229376
1229757 1229808
1230226 1230327
1230517 1230657
1230683 1230728
1230809 1230908
1231220 1231388
1231810 1231842
1232158 1232247
1232312 1232455
1232496 1232533
1233009 1233093
1233482 1233628
1233893 1233936
1234257 1234347
1234612 1234769
1235043 1235105
1235210 1235312
1235330 1235482
1235625 1235668
1235896 1235986
1236479 1236619
1236677 1236731
1236922 1237027
1237326 1237471
1237821 1237879
1238080 1238166
1238347 1238482
1238942 1238997
1239435 1239552
1239921 1240075
1240476 1240528
1240778 1240875
1240970 1241126
1241127 1241182
1241190 1241265
1241365 1241506
1241774 1241826
1242137 1242229
1242468 1242626
1242825 1242872
1243183 1243288
1243291 1243445
1243801 1243852
1244068 1244149
1244643 1244790
1245263 1245308
1245424 1245530
1245782 1245929
1246342 1246409
1246600 1246690
1246789 1246943
1247171 1247228
1247697 1247796
1248186 1248337
1248519 1248555
1248731 1248837
1248855 1249015
1249374 1249427
1249697 1249805
1249905 1250055
1250361 1250414
1250425 1250526
1250698 1250860
1250886 1250948
1251277 1251376
1251587 1251735
1251772 1251830
1251962 1252054
1252190 1252339
1252355 1252406
1252624 1252718
1252785 1252933
1253397 1253447
1253526 1253639
1253948 1254101
1254440 1254486
1254677 1254794
1254833 1254985
1255032 1255080
1255120 1255229
1255570 1255747
1255910 1255967
1255997 1256091
1256321 1256470
1256715 1256761
1257212 1257310
1257799 1257953
1257973 1258018
1258458 1258558
1259004 1259149
1259534 1259592
1259816 1259918
1259943 1260091
1260441 1260480
1260487 1260581
1260973 1261114
1261336 1261393
1261419 1261528
1261628 1261777
1261906 1261932
1262162 1262248
1262443 1262585
1262991 1263043
1263267 1263357
1263394 1263537
1263848 1263906
1264046 1264141
1264363 1264512
1264990 1265034
1265077 1265180
1265412 1265565
1265729 1265786
1266219 1266314
1266425 1266588
1266972 1267018
1267379 1267482
1267887 1268038
1268129 1268182
1268234 1268338
1268759 1268895
1269330 1269389
1269468 1269559
1269565 1269709
1269788 1269848
1270060 1270160
1270538 1270694
1270738 1270796
1271091 1271182
1271530 1271688
1271717 1271760
1271854 1271935
1272028 1272169
1272401 1272454
1272546 1272641
1273082 1273212
1273437 1273490
1273733 1273824
1273963 1274123
1274406 1274463
1274873 1274969
1274985 1275140
1275561 1275624
1275850 1275951
1275980 1276125
1276561 1276602
1276738 1276820
1277223 1277357
1277775 1277832
1278008 1278112
1278128 1278274
1278763 1278821
1279027 1279125
1279388 1279533
1279602 1279663
1280052 1280144
1280424 1280580
1280974 1281028
1281268 1281376
1281612 1281765
1282029 1282060
1282534 1282630
1283026 1283192
1283314 1283363
1283680 1283771
1284005 1284137
1284376 1284414
1284446 1284548
1284735 1284883
1285276 1285320
1285356 1285439
1285675 1285825
1285982 1286023
1286410 1286520
1286889 1287033
1287219 1287268
1287581 1287687
1288020 1288163
1288382 1288439
1288680 1288784
1288816 1288946
1288969 1289002
1289295 1289412
1289692 1289837
1290272 1290303
1290571 1290675
1290713 1290865
1291292 1291329
1291703 1291793
1292098 1292227
1292466 1292522
1292692 1292797
1293124 1293276
1293524 1293551
1293809 1293908
1294358 1294497
1294674 1294718
1295016 1295113
1295232 1295380
1295694 1295754
1296103 1296194
1296649 1296788
1296952 1297015
1297245 1297340
1297424 1297554
1297592 1297660
1298013 1298116
1298293 1298457
1298952 1298997
1299007 1299115
1299209 1299368
1299715 1299763
1300063 1300160
1300493 1300643
1301132 1301181
1301381 1301474
1301790 1301932
1302407 1302461
1302911 1303006
1303346 1303491
1303866 1303916
1304274 1304377
1304617 1304771
1304937 1304978
1305200 1305297
1305518 1305658
1305996 1306043
1306167 1306288
1306504 1306656
1307049 1307094
1307224 1307314
1307471 1307622
1307637 1307691
1307782 1307895
1308130 1308282
1308341 1308392
1308563 1308653
1308927 1309082
1309572 1309629
1310068 1310173
1310501 1310643
1311110 1311163
1311341 1311438
1311916 1312062
1312561 1312610
1313090 1313194
1313495 1313648
1313740 1313788
1314191 1314290
1314485 1314636
1315045 1315096
1315271 1315365
1315434 1315581
1315836 1315878
1316158 1316249
1316711 1316864
1317317 1317366
1317802 1317901
1318060 1318202
1318418 1318465
1318716 1318824
1319275 1319417
1319776 1319822
1319990 1320091
1320509 1320667
1321093 1321147
1321183 1321282
1321719 1321871
1322101 1322131
1322602 1322697
1322871 1323024
1323499 1323543
1323589 1323727
1324072 1324218
1324470 1324520
1324535 1324634
1325001 1325164
1325552 1325586
1325713 1325813
1326309 1326468
1326510 1326562
1327045 1327133
1327429 1327582
1328057 1328108
1328144 1328257
1328695 1328864
1329307 1329349
1329626 1329725
1329895 1330051
1330442 1330481
1330663 1330752
1331011 1331155
1331198 1331255
1331492 1331579
1331899 1332048
1332183 1332226
1332468 1332565
1333001 1333144
1333577 1333626
1334106 1334194
1334484 1334647
1335012 1335058
1335543 1335642
1335807 1335957
1336057 1336097
1336244 1336351
1336798 1336954
1337055 1337102
1337447 1337553
1338025 1338189
1338426 1338466
1338860 1338950
1339433 1339582
1339895 1339950
1340411 1340511
1340575 1340722
1340810 1340856
1341226 1341341
1341456 1341589
1341967 1342016
1342205 1342302
1342583 1342725
1342984 1343022
1343406 1343478
1343543 1343687
1344178 1344223
1344446 1344554
1344773 1344930
1345046 1345094
1345257 1345373
1345488 1345630
1346096 1346139
1346141 1346252
1346286 1346442
1346466 1346531
1346972 1347071
1347540 1347692
1348191 1348235
1348335 1348455
1348574 1348722
1348863 1348922
1349117 1349235
1349478 1349636
1350080 1350137
1350196 1350302
1350576 1350727
1351005 1351045
1351140 1351238
1351351 1351498
1351656 1351709
1352084 1352190
1352380 1352524
1352595 1352646
1353053 1353161
1353430 1353572
1353985 1354032
1354108 1354203
1354412 1354563
1354617 1354699
1354776 1354874
1354970 1355121
1355160 1355207
1355638 1355740
1355981 1356110
1356544 1356599
1356819 1356931
1357230 1357384
1357808 1357875
1358312 1358428
1358859 1359012
1359274 1359339
1359463 1359579
1359705 1359844
1359872 1359922
1360056 1360183
1360658 1360804
1361303 1361345
1361532 1361648
1361889 1362046
1362280 1362318
1362396 1362482
1362840 1362989
1363166 1363199
1363518 1363637
1363710 1363857
1363908 1363970
1364209 1364320
1364793 1364947
1365015 1365058
1365394 1365491
1365901 1366047
1366383 1366435
1366863 1366970
1367467 1367608
1367749 1367781
1367824 1367930
1368274 1368413
1368439 1368489
1368819 1368915
1369083 1369222
1369618 1369682
1369932 1370046
1370303 1370453
1370758 1370808
1371192 1371290
1371435 1371578
1371583 1371622
1371665 1371753
1371913 1372056
1372338 1372394
1372729 1372831
1372890 1373042
1373086 1373140
1373373 1373468
1373476 1373625
1373896 1373928
1374103 1374214
1374712 1374869
1374956 1375000
1375306 1375405
1375574 1375731
1375783 1375833
1376079 1376165
1376554 1376700
1377105 1377134
1377626 1377730
1378104 1378263
1378422 1378462
1378788 1378882
1379194 1379355
1379798 1379858
1380346 1380445
1380718 1380855
1381157 1381207
1381530 1381621
1381978 1382118
1382120 1382165
1382629 1382727
1383213 1383371
1383850 1383891
1384090 1384184
1384548 1384703
1385063 1385109
1385164 1385269
1385366 1385488
1385667 1385709
1385940 1386048
1386476 1386624
1386650 1386699
1387184 1387281
1387409 1387562
1387619 1387658
1388154 1388236
1388333 1388491
1388647 1388680
1389079 1389190
1389359 1389501
1389769 1389798
1390057 1390144
1390577 1390727
1390918 1390974
1391078 1391179
1391271 1391416
1391442 1391489
1391786 1391909
1392223 1392371
1392574 1392604
1392748 1392850
1393101 1393259
1393681 1393733
1394040 1394126
1394144 1394267
1394513 1394558
1394793 1394896
1395078 1395224
1395701 1395732
1396137 1396223
1396653 1396786
1397019 1397072
1397457 1397563
1397921 1398072
1398447 1398496
1398556 1398647
1398877 1399021
1399206 1399259
1399724 1399820
1400295 1400434
1400589 1400643
1401056 1401155
1401362 1401507
1401554 1401609
1401785 1401885
1402122 1402266
1402602 1402628
1402791 1402876
1403139 1403295
1403505 1403564
1403834 1403944
1404120 1404250
1404355 1404397
1404538 1404624
1404902 1405056
1405371 1405420
1405776 1405881
1406227 1406372
1406465 1406517
1406880 1406995
1407477 1407627
1407678 1407720
1408042 1408136
1408201 1408331
1408687 1408742
1409074 1409173
1409649 1409788
1410151 1410188
1410221 1410324
1410560 1410716
1411027 1411071
1411286 1411386
1411807 1411964
1412121 1412181
1412338 1412435
1412625 1412780
1413205 1413244
1413453 1413536
1413704 1413867
1414131 1414174
1414374 1414475
1414755 1414905
1415366 1415412
1415547 1415634
1415875 1416012
1416246 1416312
1416665 1416760
1417087 1417246
1417477 1417544
1417603 1417692
1417962 1418094
1418284 1418344
1418587 1418691
1418713 1418873
1419156 1419209
1419419 1419530
1419595 1419739
1419777 1419834
1420002 1420087
1420565 1420733
1420767 1420817
1421110 1421216
1421318 1421476
1421536 1421602
1421604 1421699
1421740 1421892
1421964 1422021
1422160 1422251
1422722 1422873
1423346 1423381
1423393 1423490
1423893 1424026
1424372 1424442
1424935 1425025
1425072 1425220
1425253 1425320
1425735 1425831
1425983 1426130
1426609 1426666
1427010 1427107
1427268 1427414
1427643 1427688
1427941 1428039
1428293 1428444
1428783 1428841
1428854 1428964
1428979 1429132
1429225 1429286
1429430 1429543
1429733 1429892
1430225 1430286
1430708 1430815
1431246 1431408
1431634 1431681
1431736 1431826
1431936 1432076
1432212 1432249
1432432 1432545
1432708 1432866
1433053 1433095
1433419 1433516
1433840 1433987
1434481 1434538
1434990 1435094
1435501 1435660
1435800 1435824
1436045 1436132
1436420 1436571
1436707 1436761
1437017 1437117
1437342 1437512
1437649 1437707
1438199 1438295
1438785 1438929
1439001 1439050
1439360 1439458
1439516 1439679
1440059 1440124
1440485 1440586
1440916 1441068
1441407 1441462
1441872 1441979
1442134 1442285
1442655 1442693
1443077 1443177
1443340 1443482
1443795 1443844
1444165 1444247
1444248 1444369
1444534 1444574
1444740 1444837
1444864 1445028
1445160 1445226
1445272 1445360
1445379 1445523
1445913 1445982
1446001 1446092
1446574 1446709
1446947 1447010
1447250 1447340
1447524 1447670
1448159 1448208
1448538 1448647
1448937 1449081
1449227 1449285
1449766 1449862
1449974 1450131
1450564 1450617
1450760 1450862
1451216 1451375
1451859 1451889
1452366 1452478
1452722 1452866
1453184 1453227
1453612 1453709
1454050 1454199
1454466 1454506
1454616 1454734
1455188 1455341
1455562 1455621
1455670 1455776
1455980 1456146
1456411 1456456
1456918 1457010
1457246 1457402
1457424 1457474
1457504 1457600
1457943 1458087
1458556 1458619
1458785 1458885
1459090 1459262
1459484 1459529
1459681 1459796
1460043 1460182
1460420 1460479
1460633 1460745
1461109 1461252
1461571 1461621
1461649 1461758
1462166 1462307
1462710 1462768
1462929 1463025
1463402 1463546
1463664 1463722
1463953 1464038
1464257 1464410
1464802 1464837
1464977 1465084
1465563 1465716
1465758 1465811
1466069 1466175
1466496 1466631
1466692 1466760
1466861 1466951
1467150 1467285
1467487 1467544
1467630 1467744
1467864 1468009
1468204 1468254
1468657 1468743
1468893 1469058
1469491 1469526
1469934 1470032
1470400 1470566
1470614 1470658
1471093 1471196
1471271 1471423
1471657 1471702
1471969 1472044
1472268 1472418
1472669 1472706
1473088 1473189
1473521 1473668
1473800 1473842
1474148 1474255
1474749 1474905
1475225 1475284
1475370 1475477
1475884 1476023
1476430 1476486
1476774 1476872
1477123 1477289
1477457 1477502
1477782 1477872
1478171 1478316
1478507 1478550
1478940 1479025
1479517 1479656
1479918 1479971
1479979 1480089
1480379 1480535
1480810 1480854
1481174 1481266
1481402 1481541
1481776 1481815
1481996 1482100
1482274 1482436
1482571 1482622
1482987 1483075
1483195 1483355
1483704 1483758
1484224 1484339
1484351 1484499
1484843 1484890
1485023 1485122
1485258 1485399
1485821 1485869
1485966 1486051
1486521 1486665
1487062 1487079
1487515 1487618
1488033 1488192
1488476 1488507
1488626 1488717
1489029 1489182
1489388 1489431
1489731 1489833
1490143 1490301
1490588 1490642
1490974 1491084
1491344 1491507
1491682 1491744
1492195 1492298
1492680 1492814
1493199 1493235
1493459 1493557
1493806 1493957
1494116 1494168
1494308 1494396
1494835 1494988
1495083 1495142
1495275 1495391
1495424 1495588
1495662 1495714
1496024 1496114
1496394 1496562
1496808 1496853
1496943 1497050
1497224 1497379
1497613 1497658
1497697 1497813
1497887 1498025
1498297 1498339
1498765 1498866
1498943 1499089
1499192 1499247
1499708 1499787
1499916 1500060
1500215 1500255
1500710 1500825
1500921 1501076
1501334 1501402
1501581 1501677
1501730 1501873
1502183 1502236
1502469 1502557
1502865 1503022
1503511 1503554
1504006 1504103
1504435 1504585
1504970 1505010
1505063 1505167
1505494 1505638
1505732 1505776
1505949 1506045
1506210 1506339
1506392 1506437
1506913 1507007
1507496 1507656
1508020 1508075
1508393 1508496
1508789 1508927
1509320 1509369
1509372 1509475
1509940 1510074
1510518 1510558
1510987 1511074
1511242 1511376
1511871 1511933
1511996 1512108
1512445 1512588
1512814 1512861
1513012 1513114
1513582 1513734
1514001 1514045
1514114 1514218
1514715 1514862
1515089 1515125
1515197 1515305
1515316 1515470
1515784 1515819
1515836 1515939
1516057 1516230
1516579 1516619
1517057 1517151
1517504 1517650
1518076 1518127
1518484 1518584
1519019 1519166
1519650 1519688
1520164 1520254
1520429 1520582
1520646 1520719
1521006 1521096
1521436 1521606
1521976 1522038
1522459 1522535
1522694 1522842
1522956 1522988
1523004 1523117
1523355 1523505
1523935 1523987
1524439 1524543
1524993 1525162
1525412 1525450
1525861 1525958
1526181 1526328
1526453 1526509
1526919 1527027
1527512 1527644
1527655 1527707
1528197 1528301
1528585 1528739
1528785 1528835
1528874 1528974
1529228 1529369
1529828 1529879
1530222 1530323
1530671 1530829
1530993 1531036
1531071 1531183
1531637 1531794
1532052 1532108
1532598 1532687
1532801 1532934
1533415 1533475
1533829 1533932
1534152 1534297
1534558 1534600
1534601 1534694
1534800 1534954
1535366 1535427
1535603 1535712
1536065 1536210
1536546 1536581
1537079 1537178
1537256 1537402
1537443 1537477
1537976 1538069
1538554 1538699
1538840 1538904
1539246 1539342
1539826 1539981
1540035 1540078
1540510 1540607
1541068 1541233
1541327 1541369
1541645 1541755
1542196 1542344
1542773 1542834
1543092 1543202
1543664 1543806
1543940 1543996
1544328 1544439
1544923 1545078
1545567 1545609
1545878 1545987
1546057 1546225
1546498 1546546
1546615 1546720
1546738 1546912
1546921 1546946
1547064 1547154
1547520 1547655
1547886 1547928
1548145 1548256
1548527 1548683
1549017 1549057
1549539 1549639
1549768 1549917
1550145 1550177
1550368 1550467
1550576 1550716
1550826 1550873
1550923 1551022
1551099 1551242
1551532 1551579
1551927 1552027
1552446 1552589
1552709 1552774
1553094 1553189
1553289 1553433
1553919 1553975
1554259 1554370
1554827 1554975
1555433 1555475
1555626 1555712
1555896 1556048
1556337 1556388
1556699 1556776
1557007 1557158
1557363 1557404
1557864 1557974
1558418 1558577
1558654 1558724
1558866 1558945
1559022 1559184
1559484 1559536
1559614 1559713
1560087 1560234
1560413 1560461
1560716 1560822
1560918 1561079
1561160 1561197
1561481 1561594
1561893 1562029
1562282 1562320
1562352 1562449
1562733 1562883
1563344 1563383
1563655 1563753
1564081 1564226
1564465 1564526
1564808 1564894
1565252 1565393
1565581 1565628
1565943 1566040
1566268 1566430
1566492 1566543
1566554 1566661
1566676 1566838
1567127 1567197
1567320 1567434
1567793 1567921
1568173 1568218
1568591 1568671
1568933 1569088
1569301 1569341
1569536 1569642
1569800 1569967
1570334 1570394
1570518 1570620
1571034 1571178
1571593 1571660
1572065 1572161
1572578 1572730
1573091 1573161
1573470 1573571
1574051 1574189
1574374 1574419
1574856 1574942
1575170 1575315
1575640 1575691
1575796 1575901
1575905 1576070
1576243 1576293
1576356 1576447
1576855 1577005
1577216 1577271
1577524 1577624
1578010 1578169
1578570 1578615
1578924 1579035
1579297 1579451
1579853 1579881
1580230 1580306
1580534 1580690
1581134 1581173
1581193 1581283
1581546 1581680
1581758 1581813
1581940 1582036
1582327 1582470
1582902 1582955
1583248 1583348
1583401 1583545
1583898 1583967
1584309 1584409
1584469 1584622
1584942 1584980
1585185 1585268
1585315 1585454
1585721 1585759
1585847 1585944
1586237 1586386
1586510 1586557
1586641 1586766
1586857 1586986
1587072 1587120
1587617 1587704
1588167 1588332
1588581 1588631
1589106 1589206
1589529 1589695
1589905 1589960
1590375 1590481
1590851 1590987
1591210 1591248
1591525 1591638
1591943 1592099
1592469 1592509
1592645 1592757
1592907 1593057
1593528 1593581
1593718 1593825
1594298 1594425
1594849 1594898
1594915 1595021
1595029 1595187
1595512 1595545
1595739 1595848
1595980 1596119
1596522 1596568
1596894 1597006
1597233 1597394
1597839 1597888
1598162 1598240
1598437 1598577
1598898 1598933
1599145 1599254
1599682 1599828
1599989 1600056
1600259 1600357
1600414 1600579
1600681 1600728
1601178 1601296
1601623 1601772
1601992 1602038
1602479 1602596
1602943 1603089
1603120 1603177
1603487 1603569
1603636 1603798
1604008 1604047
1604235 1604325
1604475 1604631
1604749 1604805
1605149 1605258
1605473 1605633
1605832 1605885
1606003 1606107
1606217 1606345
1606600 1606648
1606680 1606774
1606850 1606994
1607398 1607437
1607516 1607621
1607635 1607782
1607821 1607881
1608074 1608176
1608614 1608775
1609092 1609142
1609404 1609510
1609835 1609978
1610099 1610152
1610583 1610664
1610960 1611094
1611417 1611467
1611596 1611696
1612068 1612233
1612319 1612392
1612798 1612908
1613165 1613311
1613625 1613675
1613996 1614106
1614538 1614701
1614943 1614988
1615375 1615485
1615588 1615735
1616132 1616192
1616404 1616493
1616777 1616913
1617088 1617146
1617558 1617667
1618107 1618249
1618386 1618444
1618467 1618563
1618997 1619151
1619620 1619683
1619938 1620014
1620497 1620648
1620676 1620713
1620749 1620840
1621229 1621373
1621494 1621527
1621861 1621974
1622017 1622161
1622291 1622336
1622802 1622901
1623329 1623486
1623905 1623956
1624398 1624502
1624721 1624864
1625152 1625209
1625314 1625402
1625559 1625708
1625942 1625994
1626258 1626380
1626386 1626538
1626758 1626806
1627260 1627365
1627618 1627752
1628043 1628104
1628197 1628299
1628415 1628581
1628874 1628924
1629389 1629481
1629563 1629712
1629825 1629885
1630141 1630221
1630434 1630573
1630938 1630968
1631185 1631296
1631431 1631582
1631784 1631836
1632005 1632097
1632232 1632385
1632747 1632791
1633169 1633264
1633511 1633653
1633780 1633838
1634263 1634357
1634503 1634657
1635077 1635128
1635226 1635323
1635655 1635807
1635816 1635859
1635924 1636022
1636330 1636474
1636790 1636841
1636890 1636996
1637338 1637467
1637557 1637615
1637622 1637718
1638210 1638350
1638445 1638481
1638645 1638738
1639212 1639354
1639674 1639723
1640208 1640306
1640666 1640831
1641051 1641111
1641246 1641333
1641523 1641649
1641901 1641948
1642097 1642198
1642371 1642518
1642735 1642786
1643133 1643227
1643577 1643721
1643896 1643959
1644236 1644339
1644682 1644835
1645106 1645176
1645672 1645753
1646087 1646240
1646443 1646502
1646887 1646978
1647233 1647390
1647730 1647777
1648199 1648278
1648600 1648766
1648925 1648970
1649098 1649207
1649264 1649425
1649750 1649797
1650150 1650221
1650699 1650865
1650986 1651024
1651248 1651343
1651415 1651574
1651618 1651695
1651825 1651935
1652407 1652562
1652619 1652669
1652886 1652985
1653248 1653370
1653782 1653833
1654237 1654341
1654560 1654698
1655131 1655197
1655586 1655677
1656081 1656216
1656310 1656351
1656694 1656787
1657074 1657217
1657532 1657578
1657772 1657871
1658205 1658365
1658574 1658612
1658657 1658756
1658982 1659130
1659608 1659656
1660010 1660113
1660170 1660313
1660695 1660743
1660913 1660996
1661167 1661311
1661669 1661722
1661729 1661839
1661977 1662129
1662388 1662434
1662884 1662993
1663382 1663539
1663891 1663938
1664298 1664397
1664618 1664760
1664833 1664878
1665372 1665469
1665936 1666093
1666487 1666546
1666848 1666949
1667112 1667263
1667275 1667328
1667393 1667493
1667971 1668104
1668252 1668305
1668799 1668902
1669327 1669479
1669494 1669522
1669618 1669734
1670065 1670204
1670474 1670541
1670728 1670822
1671048 1671195
1671589 1671632
1671748 1671845
1672315 1672460
1672589 1672634
1673074 1673168
1673344 1673499
1673659 1673713
1673855 1673962
1674364 1674511
1674954 1675018
1675240 1675326
1675522 1675680
1675710 1675754
1676228 1676321
1676503 1676644
1677032 1677074
1677336 1677432
1677637 1677805
1678293 1678336
1678489 1678600
1678923 1679069
1679509 1679563
1679957 1680054
1680123 1680248
1680422 1680483
1680775 1680870
1681164 1681323
1681540 1681591
1681677 1681768
1681934 1682063
1682093 1682146
1682475 1682583
1682859 1683006
1683251 1683299
1683629 1683714
1683876 1684008
1684091 1684141
1684595 1684708
1684889 1685031
1685431 1685477
1685927 1686027
1686096 1686241
1686501 1686546
1686905 1687004
1687359 1687519
1687845 1687903
1688130 1688228
1688723 1688877
1688996 1689045
1689295 1689399
1689819 1689970
1690168 1690206
1690496 1690597
1690639 1690794
1691248 1691309
1691737 1691831
1692053 1692207
1692623 1692678
1692844 1692961
1693100 1693247
1693707 1693742
1694180 1694268
1694290 1694449
1694765 1694829
1694892 1694994
1695233 1695376
1695808 1695839
1695846 1695952
1695982 1696128
1696220 1696269
1696731 1696840
1697083 1697215
1697497 1697569
1697921 1698033
1698517 1698669
1698672 1698723
1699208 1699304
1699336 1699509
1699540 1699595
1700056 1700161
1700293 1700435
1700645 1700702
1700886 1700989
1701083 1701235
1701293 1701349
1701646 1701729
1701825 1701981
1702392 1702455
1702795 1702890
1703156 1703306
1703459 1703504
1703701 1703804
1703910 1704058
1704137 1704190
1704549 1704649
1704677 1704824
1705198 1705235
1705489 1705587
1706073 1706221
1706420 1706465
1706470 1706567
1707051 1707214
1707282 1707344
1707408 1707507
1707714 1707859
1707898 1707941
1708341 1708450
1708484 1708653
1708820 1708851
1708857 1708947
1708966 1709117
1709319 1709385
1709663 1709777
1710248 1710381
1710448 1710509
1710818 1710921
1711185 1711356
1711797 1711839
1712327 1712427
1712500 1712668
1713042 1713113
1713239 1713347
1713353 1713501
1713835 1713880
1713979 1714081
1714137 1714290
1714299 1714366
1714471 1714572
1714905 1715065
1715463 1715521
1715676 1715790
1715826 1715973
1716035 1716065
1716084 1716186
1716658 1716821
1717239 1717284
1717566 1717658
1717829 1717978
1718170 1718229
1718637 1718742
1718975 1719127
1719263 1719312
1719459 1719560
1719845 1719998
1720053 1720113
1720313 1720402
1720708 1720858
1721117 1721158
1721376 1721468
1721950 1722089
1722170 1722220
1722470 1722564
1722759 1722923
1723175 1723210
1723443 1723561
1723568 1723714
1723840 1723887
1724082 1724183
1724199 1724359
1724602 1724646
1724901 1725011
1725398 1725538
1725570 1725630
1725702 1725814
1726184 1726329
1726441 1726488
1726907 1727011
1727305 1727460
1727778 1727835
1727842 1727934
1728140 1728299
1728775 1728810
1728954 1729052
1729482 1729630
1730037 1730083
1730369 1730472
1730861 1731003
1731350 1731414
1731440 1731533
1731747 1731895
1732391 1732454
1732458 1732559
1732940 1733093
1733471 1733512
1733602 1733700
1733914 1734069
1734340 1734382
1734488 1734593
1735027 1735173
1735464 1735507
1735519 1735622
1735885 1736019
1736489 1736553
1736921 1737015
1737080 1737232
1737310 1737344
1737401 1737490
1737803 1737935
1738232 1738279
1738606 1738700
1738905 1739044
1739477 1739518
1739804 1739889
1740071 1740233
1740519 1740577
1740906 1740993
1741098 1741245
1741523 1741558
1741698 1741809
1741940 1742088
