310 532
426 544
831 1063
951 1064
1092 1226
1120 1185
1384 1506
1629 1806
1742 1872
1997 2171
2494 2800
2588 2746
2976 3226
3333 3564
3568 3784
3955 4210
4120 4244
4577 4842
4605 4736
5076 5379
5306 5520
5773 6076
5958 6147
6227 6442
6273 6390
6666 6918
7128 7453
7603 7955
7836 8090
8135 8354
8480 8724
8691 8873
8799 8889
9158 9368
9377 9550
9787 10071
10149 10429
10328 10517
10386 10478
10548 10639
10676 10777
10848 10965
11156 11333
11194 11265
11470 11633
11489 11585
11632 11719
11929 12094
12237 12467
12394 12558
12772 13026
12923 13076
13220 13439
13527 13760
13894 14161
14010 14151
14043 14107
14098 14147
14284 14378
14397 14422
14790 14977
15279 15572
15326 15437
15667 15850
16137 16450
16325 16547
16550 16739
17013 17327
17438 17733
17636 17853
17984 18228
18220 18434
18698 18975
18855 19040
19206 19460
19239 19326
19493 19666
19762 19963
19807 19923
19957 20090
20315 20549
20477 20629
20833 21091
21235 21547
21618 21927
21620 21709
21674 21745
21760 21803
21883 21965
22061 22170
22119 22204
22250 22346
22641 22887
22918 23122
23060 23220
23438 23669
23778 24030
23862 23969
24004 24101
24148 24276
24295 24405
24644 24857
25111 25403
25537 25828
26002 26377
26039 26209
26322 26524
26818 27153
27142 27449
27294 27479
27660 27926
28030 28306
28105 28222
28487 28718
28612 28780
28787 28930
28950 29070
29227 29420
29595 29858
29774 29973
29861 29983
29916 29973
29990 30022
30222 30388
30680 30944
30852 31039
30996 31147
31322 31490
31403 31489
31662 31790
32150 32428
32587 32904
32778 32980
33235 33559
33598 33903
33677 33814
34121 34403
34541 34873
34647 34813
34948 35155
35029 35122
35159 35267
35417 35580
35862 36152
36219 36487
36359 36529
36730 36987
37163 37462
37429 37660
37437 37514
37528 37621
38009 38294
38302 38547
38739 39025
39175 39489
39262 39427
39540 39739
39840 40029
39873 39970
40222 40446
40252 40329
40344 40443
40472 40565
40807 41005
40871 40942
41209 41427
41227 41302
41304 41353
41754 42014
41929 42073
42220 42445
42637 42947
42760 42911
43128 43388
43499 43795
43987 44350
44440 44755
44924 45274
45292 45606
45791 46141
45857 46051
46081 46268
46372 46590
46667 46867
46715 46827
47092 47303
47278 47458
47436 47580
47935 48233
48187 48443
48347 48559
48759 49059
48907 49111
49074 49224
49296 49449
49368 49431
49864 50090
50130 50345
50570 50851
50818 51063
51158 51440
51543 51821
51576 51697
52071 52358
52413 52674
52598 52774
52718 52793
53101 53304
53317 53517
53705 53948
54112 54445
54165 54322
54380 54553
54783 55027
55176 55473
55285 55458
55438 55579
55514 55572
55786 55981
56166 56440
56541 56846
56675 56872
56722 56796
56788 56865
56943 57067
57437 57756
57628 57829
57930 58159
58065 58230
58359 58574
58740 59036
59070 59345
59302 59532
59725 60040
59798 59926
59958 60109
60407 60660
60550 60696
61001 61264
61260 61511
61572 61801
61811 62020
62143 62426
62473 62744
62814 63058
63155 63397
63456 63679
63716 63902
63979 64176
64162 64303
64637 64912
64661 64791
64876 65020
65129 65281
65592 65880
65975 66264
66243 66513
66477 66697
66748 66941
67012 67201
67208 67392
67380 67559
67714 67939
67968 68146
68419 68730
68560 68732
68849 69041
69285 69577
69738 70065
69803 69943
70126 70320
70620 70931
70756 70920
70971 71116
71007 71062
71207 71312
71431 71571
71801 72097
72145 72409
72294 72471
72312 72404
72396 72476
72855 73121
73188 73413
73257 73357
73439 73529
73485 73537
73889 74152
74301 74608
74795 75092
75220 75536
75576 75862
75937 76223
76244 76493
76284 76445
76447 76598
76504 76584
76792 76972
77003 77189
77480 77797
77637 77815
77801 77961
78105 78290
78205 78354
78638 78919
78717 78866
79205 79526
79473 79718
79709 79876
80031 80250
80084 80184
80189 80276
80494 80730
80531 80639
80578 80657
80886 81045
80957 81065
81448 81760
81475 81596
81538 81608
81579 81599
81684 81736
82155 82403
82335 82513
82796 83097
83092 83340
83249 83430
83262 83323
83436 83597
83475 83547
83666 83803
83713 83816
84082 84270
84100 84146
84323 84441
84357 84441
84391 84447
84400 84458
84418 84419
84449 84467
84514 84527
84862 85020
85353 85609
85587 85792
85814 86017
86200 86482
86255 86421
86334 86411
86770 87013
86853 86971
87164 87357
87472 87720
87557 87689
87989 88258
88093 88233
88214 88299
88590 88772
88960 89209
89240 89456
89647 89865
89675 89729
90024 90197
90181 90304
90549 90781
90657 90797
90685 90747
90751 90809
90782 90783
91266 91506
91744 92090
91838 92016
92149 92399
92534 92806
92632 92767
92728 92802
92837 92930
92926 92998
93098 93199
93563 93831
93960 94274
94116 94304
94396 94595
94469 94573
94608 94715
94820 94987
95180 95411
95533 95792
95847 96127
96164 96410
96448 96663
96737 96960
97132 97446
97196 97359
97660 97936
98041 98299
98203 98353
98517 98719
98883 99132
99149 99332
99331 99511
99698 99921
99906 100081
100014 100124
100215 100363
100600 100856
100685 100812
100845 100969
100973 101093
101253 101422
101285 101348
101724 101993
102049 102295
102443 102738
102850 103148
103182 103438
103517 103791
103735 103909
103903 104048
104254 104460
104543 104749
104917 105161
105067 105255
105086 105177
105579 105881
105991 106332
106028 106122
106307 106434
106499 106646
106683 106856
106712 106794
106842 106963
107293 107566
107733 108048
108069 108377
108359 108613
108746 109047
109222 109535
109450 109675
109741 109996
109980 110179
110298 110505
110356 110457
110598 110763
110809 110975
111253 111548
111299 111422
111618 111846
111890 112102
111891 111991
112090 112219
112545 112798
112854 113087
113173 113432
113550 113830
113770 114017
114137 114435
114534 114840
114957 115274
115455 115786
115572 115717
115792 115947
115838 115918
115983 116096
116261 116456
116576 116783
116861 117110
117105 117342
117456 117707
117931 118260
118190 118442
118406 118607
118664 118852
118842 118964
119326 119617
119770 120114
119982 120220
120248 120450
120731 121046
121229 121583
121265 121389
121761 122044
122048 122334
122088 122225
122266 122426
122516 122698
122929 123208
123205 123416
123458 123632
123824 124037
123924 124043
124122 124231
124278 124409
124317 124357
124386 124476
124884 125152
125126 125302
125317 125416
125477 125578
125889 126104
126217 126464
126339 126512
126424 126548
126764 126947
127180 127433
127267 127398
127310 127355
127577 127746
127641 127720
127678 127707
127951 128065
128400 128647
128543 128696
128895 129137
129172 129395
129467 129706
129739 129952
129991 130187
130339 130553
130791 131106
130924 131065
131136 131288
131537 131808
131573 131689
131813 131974
131962 132126
132119 132300
132442 132682
132842 133135
133102 133320
133204 133310
133678 133958
134164 134492
134346 134551
134670 134897
134768 134896
135168 135386
135309 135467
135466 135602
135517 135591
135588 135660
135898 136094
135903 135960
136021 136091
136341 136523
136702 136936
137152 137483
137312 137471
137319 137396
137568 137745
137939 138166
138109 138258
138600 138910
138990 139265
139170 139365
139331 139457
139780 140020
139864 139999
140284 140555
140770 141097
141149 141451
141628 141972
141859 142061
142002 142147
142151 142277
142477 142689
142969 143308
143084 143259
143481 143734
143699 143909
143715 143792
143916 144078
144238 144464
144527 144738
144972 145263
145208 145438
145678 145964
145698 145820
145796 145881
146035 146219
146428 146615
146813 147055
146977 147165
147443 147751
147678 147901
148148 148444
148367 148601
148771 149070
148795 148909
149156 149385
149158 149239
149298 149395
149776 150048
149906 150035
150291 150513
150651 150897
151086 151385
151356 151572
151542 151723
151958 152245
152099 152291
152465 152730
152853 153126
152868 152944
153098 153226
153582 153890
153945 154252
153973 154150
153983 154031
154186 154318
154271 154351
154441 154544
154576 154664
154845 155025
154973 155081
155268 155452
155483 155665
155610 155731
155748 155864
155843 155905
156065 156227
156132 156203
156171 156238
156420 156592
156564 156700
156970 157241
157031 157165
157044 157102
157478 157732
157580 157699
157748 157878
157975 158152
158086 158205
158202 158294
158549 158722
158938 159193
159024 159144
159170 159317
159334 159474
159533 159717
159714 159843
159809 159895
159819 159837
159952 160006
160131 160220
160244 160352
160492 160644
160811 160993
161107 161288
161399 161597
161684 161912
162082 162376
162557 162903
162777 163003
163060 163271
163358 163602
163575 163764
163869 164096
164156 164365
164382 164567
164625 164836
164797 164958
165206 165486
165294 165440
165469 165600
165634 165765
166076 166340
166122 166228
166340 166463
166614 166793
166895 167088
167041 167188
167144 167251
167570 167798
167981 168255
168457 168786
168778 169083
169240 169612
169258 169368
169526 169684
169615 169687
169697 169772
169813 169900
170170 170349
170392 170565
170664 170900
170991 171233
171204 171390
171443 171633
171631 171823
171876 172041
172340 172638
172550 172782
172582 172673
172724 172846
172769 172828
172886 172968
172972 173072
172979 173032
173464 173742
173544 173648
173598 173666
173606 173642
173926 174126
174278 174553
174660 174946
174980 175206
175285 175505
175545 175774
175769 175974
175954 176083
176127 176252
176605 176860
176732 176884
176944 177135
177157 177323
177505 177736
177973 178312
178287 178600
178618 178882
178884 179106
179291 179577
179537 179733
179565 179660
179791 179932
179897 179998
179912 179944
180179 180327
180549 180792
181002 181302
181343 181606
181702 181978
181812 181964
182151 182393
182617 182919
182851 183048
183079 183297
183085 183148
183165 183225
183394 183551
183546 183689
183883 184119
183961 184068
184212 184345
184589 184846
184846 185080
185128 185347
185465 185739
185613 185777
185739 185852
185877 185983
186094 186229
186526 186780
186790 187015
186963 187102
187012 187077
187393 187581
187781 188056
188164 188462
188252 188376
188740 189020
189075 189327
189093 189153
189241 189336
189711 189956
189797 189902
190085 190258
190548 190860
190584 190731
190991 191209
191417 191668
191865 192167
192304 192625
192719 193044
192887 193072
193114 193337
193501 193753
193951 194233
194072 194237
194531 194807
194948 195244
195345 195673
195346 195425
195375 195425
195457 195513
195473 195501
195534 195580
195542 195574
195934 196153
196040 196176
196118 196181
196232 196330
196452 196619
196948 197258
197097 197286
197467 197724
197707 197920
198191 198529
198355 198560
198844 199179
199157 199430
199636 200007
199696 199832
199856 200013
200305 200556
200491 200653
200967 201256
201370 201670
201396 201504
201797 202004
202269 202573
202527 202798
202660 202822
202783 202910
203270 203536
203359 203460
203608 203760
203670 203748
203871 203982
203909 203974
203991 204069
204093 204183
204464 204691
204608 204723
204733 204855
204952 205143
205217 205436
205546 205822
205694 205862
206187 206476
206605 206927
206635 206755
206941 207119
207013 207111
207267 207430
207664 207900
207668 207741
207717 207787
207768 207802
207915 207973
208304 208518
208706 208962
208892 209071
209125 209317
209187 209281
209533 209717
209568 209667
209577 209592
209790 209932
210178 210451
210482 210714
210484 210563
210665 210756
211164 211431
211168 211262
211466 211678
211922 212226
212011 212155
212213 212345
212555 212770
212870 213073
213290 213567
213755 214087
213814 213975
214185 214418
214486 214743
214739 214984
215109 215381
215363 215591
215555 215727
215603 215676
215696 215800
215817 215942
216016 216148
216430 216719
216868 217171
216883 216996
217308 217559
217540 217767
217657 217779
217771 217915
217933 218061
218166 218354
218363 218523
218400 218454
218574 218670
218936 219155
219154 219308
219347 219493
219650 219859
219762 219894
219887 219997
220207 220431
220441 220616
220937 221260
221432 221796
221670 221929
222021 222285
222026 222126
222397 222640
222856 223174
223275 223570
223624 223903
223693 223864
223836 224001
224095 224268
224370 224568
224723 224927
224901 225045
225226 225417
225390 225519
225805 226039
226273 226591
226489 226731
226605 226731
226674 226748
227091 227300
227500 227777
227782 228008
227944 228110
228442 228749
228854 229163
229231 229513
229607 229868
229649 229778
230033 230307
230446 230737
230944 231305
231052 231216
231069 231119
231564 231807
231837 232070
232057 232266
232156 232268
232259 232365
232279 232302
232316 232331
232389 232449
232822 233015
233063 233252
233067 233144
233505 233758
233961 234240
234200 234430
234423 234601
234467 234568
234630 234760
234925 235117
235381 235706
235491 235683
235612 235724
236061 236317
236091 236173
236221 236327
236434 236563
236720 236890
236723 236789
236998 237170
237259 237457
237400 237527
237533 237651
237664 237761
237990 238149
238219 238395
238307 238378
238629 238828
238934 239142
239391 239705
239512 239697
239911 240159
240140 240336
240451 240647
240518 240598
240726 240854
240899 241014
241256 241465
241702 242013
242125 242434
242361 242627
242589 242753
242707 242838
242965 243147
243245 243461
243665 243926
244088 244397
244529 244828
244705 244875
244969 245182
245413 245706
245735 246009
245773 245874
246021 246160
246516 246808
246878 247150
247335 247633
247436 247585
247669 247863
247803 247929
247991 248122
248460 248748
248728 248969
248815 248954
249153 249384
249236 249386
249344 249449
249356 249401
249631 249836
249755 249876
250242 250547
250719 251064
251142 251471
251601 251990
252065 252455
252284 252546
252532 252742
252610 252735
252647 252735
253085 253347
253366 253604
253443 253575
253553 253621
253859 254030
254142 254319
254167 254203
254396 254502
254832 255089
254891 255010
254953 255037
254984 255008
255118 255191
255585 255814
256074 256445
256113 256230
256223 256338
256579 256818
256964 257282
257263 257519
257312 257417
257394 257478
257593 257717
257626 257708
257819 257923
258005 258145
258465 258738
258728 258965
258774 258868
258902 259009
259197 259359
259618 259871
259930 260140
260181 260379
260336 260459
260830 261106
260925 261044
260984 261115
261245 261434
261289 261358
261610 261800
261775 261915
262266 262598
262691 263024
263154 263490
263262 263404
263703 263967
264063 264312
264324 264535
264769 265046
264938 265123
265035 265176
265227 265396
265288 265361
265392 265483
265452 265526
265762 265977
265837 265949
265851 265887
266115 266237
266474 266679
266864 267126
267215 267510
267239 267348
267706 268013
267920 268118
267952 268030
268076 268128
268529 268778
268917 269164
269166 269417
269266 269403
269327 269422
269758 269991
270048 270251
270164 270261
270412 270560
270770 270994
271133 271390
271174 271278
271320 271437
271536 271705
271610 271710
271791 271932
271882 271955
272373 272609
272412 272538
272444 272511
272588 272686
272928 273134
272982 273073
273056 273138
273340 273509
273349 273429
273709 273926
273715 273803
274109 274340
274245 274407
274588 274841
275004 275320
275350 275646
275376 275495
275389 275435
275452 275489
275678 275804
275901 276075
276322 276599
276415 276545
276873 277145
277201 277430
277421 277598
277785 278036
277939 278144
278421 278714
278616 278815
278785 278924
279171 279442
279225 279355
279393 279497
279587 279729
280066 280341
280506 280818
280801 281068
281110 281374
281506 281765
281745 281963
282046 282278
282295 282501
282393 282541
282460 282541
282838 283096
283192 283493
283648 283987
283753 283944
284252 284609
284613 284930
285072 285465
285120 285269
285256 285359
285652 285903
286111 286433
286143 286255
286496 286704
286798 287048
287245 287562
287468 287711
287869 288168
288343 288692
288712 289017
289021 289287
289099 289220
289484 289738
289868 290156
289948 290066
290066 290127
290194 290275
290271 290344
290402 290464
290767 290961
290900 291017
290941 290993
291058 291096
291461 291658
291642 291817
291688 291767
291774 291845
292080 292279
292448 292712
292947 293251
293380 293719
293608 293854
293767 293898
293814 293855
294016 294100
294091 294183
294328 294507
294558 294745
294731 294874
294883 294985
295177 295364
295631 295941
296031 296323
296264 296492
296540 296736
296618 296728
296677 296761
297070 297305
297221 297394
297502 297708
297678 297827
298105 298363
298277 298454
298574 298795
298675 298815
299064 299304
299457 299748
299723 299934
299858 299972
300320 300597
300589 300820
300994 301264
301444 301769
301520 301659
301917 302169
302270 302572
302749 303107
302758 302859
303051 303221
303284 303488
303569 303798
303941 304214
304103 304272
304289 304442
304388 304489
304630 304804
305103 305375
305124 305219
305203 305299
305236 305306
305481 305648
305884 306161
306012 306138
306321 306535
306499 306683
306805 306997
307156 307416
307319 307487
307638 307852
307810 307950
308177 308415
308270 308407
308607 308825
308905 309124
309029 309170
309389 309601
309405 309456
309738 309917
309848 309950
310275 310554
310345 310498
310495 310622
310715 310876
310789 310918
311091 311318
311450 311705
311495 311627
311814 312012
312105 312350
312201 312356
312353 312530
312821 313148
313202 313499
313591 313877
313714 313897
314030 314264
314159 314313
314292 314396
314484 314626
314718 314875
314881 315018
315192 315386
315402 315605
315426 315491
315812 316055
316040 316260
316354 316558
316725 316954
317159 317459
317400 317586
317781 318039
317809 317904
318232 318503
318310 318432
318396 318484
318724 318893
318979 319176
319059 319175
319106 319182
319201 319303
319369 319514
319556 319719
320045 320331
320106 320239
320319 320450
320604 320781
320875 321078
320994 321129
321351 321561
321686 321893
322107 322401
322471 322783
322496 322620
322779 322952
322915 323057
323135 323301
323415 323575
323718 323913
324105 324370
324262 324440
324748 325048
324910 325111
325011 325116
325261 325426
325308 325371
325564 325700
325938 326203
325982 326117
326145 326267
326317 326424
326610 326787
326948 327175
326961 327038
327122 327221
327324 327457
327616 327804
327941 328180
328004 328129
328213 328346
328236 328267
328594 328774
328672 328770
329092 329347
329107 329189
329298 329414
329466 329583
329926 330187
330416 330770
330510 330669
330834 331034
331054 331251
331389 331630
331687 331926
331713 331787
331991 332182
332064 332187
332545 332801
332598 332705
332729 332826
332838 332924
333095 333249
333159 333265
333535 333786
333613 333780
334061 334319
334421 334711
334701 334948
335180 335495
335198 335302
335685 335978
336101 336403
336526 336833
336647 336832
336901 337033
337272 337514
337765 338115
337832 338003
337948 338034
338372 338624
338478 338633
338960 339259
339279 339557
339580 339827
339734 339895
339867 339996
340030 340140
340526 340818
340585 340714
340602 340649
341074 341319
341568 341938
341573 341724
341962 342201
342159 342333
342518 342789
342746 342970
343102 343388
343235 343431
343328 343477
343397 343496
343498 343594
343858 344054
344081 344259
344185 344279
344453 344653
344668 344871
344833 344991
345016 345156
345463 345727
345569 345696
345927 346159
345992 346119
346206 346408
346672 346922
346788 346913
346921 347014
347156 347299
347500 347717
347704 347890
347814 347936
347860 347941
348288 348499
348295 348356
348786 349038
348787 348900
349045 349206
349534 349841
349592 349738
349667 349757
350133 350364
350252 350417
350693 350980
350860 351029
350865 350926
350917 350985
351225 351359
351502 351705
351574 351701
351943 352180
352235 352468
352266 352330
352468 352593
352851 353082
353271 353565
353304 353401
353800 354116
353962 354170
354016 354121
354320 354527
354757 355070
355071 355329
355081 355168
355333 355503
355466 355548
355586 355660
355880 356060
356028 356167
356157 356287
356225 356322
356601 356847
356676 356775
356985 357164
357107 357266
357378 357574
357801 358053
357943 358092
358228 358433
358599 358848
358718 358868
358928 359093
359412 359719
359684 359948
359905 360094
359961 360059
360118 360209
360262 360377
360472 360610
360580 360659
360852 361032
361184 361393
361332 361443
361739 361991
362086 362349
362538 362863
362677 362869
362859 363003
363080 363231
363175 363300
363375 363525
363712 363912
363926 364080
363947 364042
364091 364233
364276 364456
364581 364778
364606 364677
364795 364952
365029 365210
365526 365831
365687 365851
365972 366172
366107 366266
366520 366780
366955 367265
367433 367768
367893 368247
368288 368597
368423 368591
368898 369218
369272 369570
369624 369892
369967 370203
370411 370713
370773 371074
370912 371095
371141 371319
371284 371447
371309 371361
371534 371664
371646 371727
371800 371933
372280 372553
372537 372770
372915 373178
373287 373574
373584 373847
373688 373844
374087 374362
374460 374740
374707 374943
374814 374960
375009 375172
375353 375599
375639 375838
375720 375846
375867 375963
376209 376395
376248 376315
376738 376996
377031 377260
377324 377543
377516 377661
377686 377855
377806 377928
378241 378510
378674 378968
378920 379141
379171 379377
379466 379703
379480 379598
379496 379563
379892 380120
380017 380182
380380 380621
380794 381103
380939 381103
381044 381133
381091 381171
381422 381608
381466 381532
381851 382065
382284 382564
382493 382724
382528 382619
382994 383233
383405 383701
383695 383941
383722 383818
383919 384059
384252 384420
384514 384698
384612 384737
384784 384936
385265 385533
385302 385413
385509 385625
385623 385751
385776 385912
385958 386099
385981 386054
386174 386284
386561 386735
386918 387153
387188 387394
387378 387561
387702 387912
387768 387860
388003 388148
388007 388061
388487 388772
388495 388623
388697 388806
388785 388867
388927 389028
389260 389474
389438 389593
389731 389939
390230 390602
390655 391022
390827 391035
390941 391082
391323 391558
391607 391847
391820 391988
392101 392308
392430 392657
392648 392818
392951 393191
393360 393666
393791 394137
394081 394309
394574 394885
394592 394726
394700 394803
394752 394774
395052 395223
395487 395765
395647 395871
395711 395794
395841 395904
395863 395886
396231 396390
396382 396499
396686 396881
396886 397064
397288 397526
397749 398066
397980 398199
398275 398505
398462 398643
398484 398559
398563 398637
398670 398769
398917 399084
399264 399468
399636 399897
399780 399934
400040 400226
400317 400509
400547 400719
400859 401088
400929 401021
401179 401344
401575 401823
401867 402067
402024 402172
402108 402174
402217 402293
402239 402268
402625 402828
402893 403082
403244 403522
403346 403464
403463 403593
403739 403914
403932 404106
404388 404689
404784 405069
405219 405521
405374 405588
405631 405857
405994 406246
406023 406171
406035 406056
406307 406481
406781 407067
406928 407072
406944 407024
407230 407394
407251 407316
407324 407377
407496 407605
407951 408184
408065 408221
408413 408643
408598 408796
408867 409064
408871 408942
408976 409033
409140 409269
409585 409873
409823 410004
410071 410233
410502 410815
410590 410739
410658 410799
410943 411130
411053 411167
411388 411573
411587 411786
411908 412090
412035 412168
412224 412383
412525 412751
412692 412821
413023 413218
413070 413189
413403 413604
413631 413814
413649 413743
414113 414393
414264 414454
414558 414761
414779 414949
414840 414930
415137 415311
415191 415277
415206 415262
415594 415789
415636 415714
416043 416242
416277 416414
416431 416561
416798 416990
416824 416869
417026 417148
417055 417135
417056 417078
417243 417353
417710 417964
417768 417860
417962 418127
418283 418502
418716 418961
418990 419224
419262 419469
419657 419921
419722 419805
419783 419837
420039 420213
420074 420194
420150 420208
420233 420293
420714 420950
420730 420781
421033 421189
421504 421770
421876 422158
422012 422191
422365 422617
422772 423057
423267 423634
423340 423534
423758 424063
423786 423924
424078 424286
424280 424442
424350 424445
424442 424548
424823 425047
424891 425045
424904 424963
425393 425628
425403 425492
425858 426093
426313 426580
426454 426600
426892 427134
427298 427553
427425 427580
427548 427666
428015 428285
428205 428386
428703 429023
428783 428941
429137 429377
429170 429267
429610 429865
429729 429885
429942 430102
430187 430391
430468 430665
430968 431286
431245 431519
431349 431498
431519 431665
431672 431785
431728 431818
431796 431861
431826 431853
431925 431943
432397 432649
432695 432926
433177 433524
433351 433569
433420 433538
433458 433535
433475 433509
433924 434167
434021 434162
434438 434675
434707 434899
434837 434970
435028 435166
435488 435742
435802 436040
436127 436383
436263 436438
436717 436990
437016 437254
437142 437275
437192 437248
437591 437803
437784 437956
437984 438158
438452 438726
438501 438637
438659 438785
439018 439237
439169 439302
439289 439431
439402 439513
439784 439982
440096 440316
440558 440866
440803 441040
440962 441153
441222 441417
441395 441569
441407 441487
441745 441946
442017 442245
442137 442275
442249 442364
442438 442553
442809 443041
442939 443105
443186 443365
443373 443507
443379 443427
443605 443726
444059 444316
444383 444642
444760 445021
444904 445112
444966 445060
445373 445598
445716 445973
445772 445875
446077 446236
446215 446347
446359 446520
446650 446867
446940 447174
447037 447174
447497 447760
447820 448033
448139 448399
448219 448329
448683 448901
448755 448854
448971 449115
449089 449221
449569 449896
449810 450030
450172 450447
450642 450951
450774 450987
450904 451016
450949 450999
451165 451267
451173 451219
451632 451863
452122 452425
452312 452522
452479 452617
452943 453242
452967 453091
453439 453709
453474 453591
453552 453650
453886 454064
454048 454203
454267 454439
454538 454750
454773 454959
454899 455020
455233 455434
455329 455473
455572 455745
456016 456318
456314 456593
456405 456570
456826 457103
457152 457457
457256 457418
457293 457342
457407 457500
457811 458023
458250 458547
458728 459085
458907 459132
458997 459127
459030 459069
459462 459692
459698 459877
459715 459794
459789 459860
460122 460313
460163 460255
460507 460704
460806 461002
460951 461139
461349 461600
461751 462059
461777 461867
462074 462247
462462 462673
462590 462751
462899 463094
463257 463466
463263 463345
463346 463415
463594 463757
463762 463904
464000 464168
464131 464265
464175 464277
464647 464928
464717 464874
464773 464848
465232 465486
465389 465555
465480 465561
465546 465589
465751 465875
465850 465916
466321 466591
466357 466480
466405 466497
466869 467123
467301 467581
467522 467724
467817 468067
467864 467985
468274 468553
468359 468499
468517 468627
468852 469041
469313 469637
469474 469641
469575 469689
469807 469953
469883 469996
470348 470631
470444 470620
470782 471040
471088 471336
471399 471661
471512 471673
471753 471926
472232 472533
472486 472732
472611 472750
473051 473350
473447 473770
473811 474110
473970 474151
474185 474344
474625 474901
474868 475086
475021 475169
475158 475259
475616 475899
476064 476365
476193 476358
476259 476357
476747 476995
476936 477106
477352 477619
477578 477748
477836 478041
478051 478232
478489 478757
478625 478743
478843 479009
479258 479558
479466 479675
479873 480171
480173 480423
480343 480494
480832 481118
480985 481125
481459 481724
481765 482032
482139 482418
482280 482442
482656 482899
482814 482965
483176 483392
483644 483929
483900 484153
484065 484226
484294 484520
484707 485003
485207 485579
485309 485534
485536 485770
485725 485862
485972 486139
486385 486621
486612 486817
486922 487118
487157 487337
487439 487650
487588 487707
488077 488354
488464 488775
488674 488895
488805 488944
489184 489424
489255 489365
489303 489409
489388 489473
489410 489458
489564 489665
489736 489827
490095 490317
490325 490502
490554 490701
490915 491154
490964 491057
491175 491294
491204 491287
491259 491306
491708 491941
492156 492463
492559 492874
492992 493345
493255 493494
493360 493480
493810 494073
494281 494640
494732 495047
495067 495322
495503 495833
495996 496349
496398 496728
496656 496883
496918 497097
497294 497554
497774 498110
497897 498114
498294 498587
498404 498566
498648 498828
498765 498891
499004 499143
499451 499716
499936 500252
500356 500707
500636 500894
500707 500822
501111 501368
501231 501368
501515 501691
501778 501987
502118 502393
502588 502901
502800 503035
503185 503433
503341 503498
503661 503866
503849 504014
503902 504041
504377 504646
504583 504791
505026 505299
505366 505632
505775 506109
505848 505978
505979 506064
506391 506601
506854 507168
507227 507527
507648 507963
508047 508344
508529 508886
508670 508880
508855 509015
509176 509414
509668 510017
509741 509876
509894 509982
510263 510503
510473 510660
510649 510821
510698 510802
510884 511048
511344 511633
511786 512099
512271 512658
512697 513047
512942 513201
513081 513250
513341 513560
513492 513638
513856 514125
513929 514028
514273 514452
514357 514455
514563 514677
514755 514880
515151 515405
515265 515417
515436 515593
515480 515552
515907 516177
516307 516619
516439 516619
516687 516884
516837 516964
517084 517244
517237 517376
517278 517319
517486 517604
517613 517755
517643 517705
517926 518110
518300 518535
518612 518893
518816 519044
519035 519227
519451 519747
519552 519716
519749 519917
520087 520324
520420 520732
520608 520808
520836 521005
521117 521309
521374 521559
521816 522091
522304 522645
522469 522700
522534 522686
522912 523116
523382 523675
523726 524015
523865 523987
524283 524565
524562 524810
525014 525339
525225 525458
525554 525791
525888 526106
525923 526035
526273 526466
526710 526993
526974 527204
527072 527176
527437 527652
527470 527575
527478 527509
527570 527639
528054 528344
528158 528308
528215 528312
528591 528809
528883 529115
528910 528985
529210 529396
529591 529834
529895 530098
530213 530437
530408 530564
530655 530810
530761 530876
531122 531343
531456 531718
531649 531879
531960 532235
532207 532391
532368 532522
532508 532655
532543 532599
532998 533243
533018 533106
533086 533172
533472 533680
533766 533976
534144 534406
534604 534939
534929 535205
535389 535701
535407 535524
535708 535900
536174 536495
536232 536404
536577 536803
536924 537173
537117 537295
537443 537636
537483 537577
537871 538082
537967 538097
538038 538101
538534 538807
538594 538741
538801 538946
539019 539152
539072 539097
539549 539796
539663 539787
540065 540341
540524 540844
540636 540804
541121 541405
541414 541646
541900 542216
542316 542607
542356 542479
542375 542387
542728 542917
543036 543267
543373 543633
543482 543599
543976 544257
544361 544627
544674 544935
544967 545205
545396 545693
545526 545690
545675 545803
545803 545907
546285 546530
546505 546737
546732 546920
546886 547034
546918 547025
547132 547275
547353 547549
547649 547860
548107 548428
548194 548356
548301 548394
548314 548345
548712 548941
548751 548815
549091 549273
549546 549856
549924 550236
550158 550397
550390 550583
550713 550922
551114 551351
551599 551949
551940 552260
552297 552625
552329 552461
552544 552687
552601 552686
552826 552999
553020 553197
553379 553627
553690 553915
553805 553922
553975 554095
554368 554593
554653 554840
554974 555206
555263 555507
555757 556084
556133 556418
556207 556346
556466 556659
556841 557115
557249 557540
557479 557696
557815 558071
557847 557978
558117 558352
558260 558392
558635 558815
559087 559428
559451 559750
559903 560228
559983 560131
560401 560635
560677 560911
560884 561060
561016 561152
561514 561851
561913 562205
562380 562720
562678 562927
563144 563453
563434 563673
563674 563893
563947 564159
564052 564177
564546 564850
564612 564752
564965 565164
565065 565138
565264 565364
565363 565409
565406 565430
565503 565563
565988 566249
566311 566561
566667 566906
567123 567447
567399 567625
567413 567482
567533 567595
567637 567738
567871 568064
567988 568140
568383 568623
568501 568648
568810 568994
568902 569001
569001 569127
569077 569166
569112 569157
569347 569502
569444 569529
569606 569734
570055 570316
570279 570474
570464 570635
570703 570889
570738 570849
571178 571442
571561 571839
571860 572102
572238 572529
572525 572762
572988 573334
573463 573798
573521 573697
573684 573804
573796 573882
574290 574597
574300 574412
574371 574464
574797 575026
574938 575065
575223 575440
575670 575973
575771 575901
576266 576545
576387 576533
576873 577158
577081 577286
577400 577640
577656 577869
577767 577891
577922 578030
578161 578340
578429 578630
578504 578606
578956 579236
578966 579087
579388 579649
579415 579535
579485 579541
579579 579660
579940 580160
580345 580618
580541 580749
580798 580998
580906 581049
581002 581080
581025 581039
581404 581632
581602 581775
582048 582321
582258 582452
582667 582946
582921 583133
583077 583199
583420 583640
583606 583760
583879 584054
584225 584439
584521 584775
584893 585177
585165 585417
585235 585347
585426 585574
585575 585702
585845 586042
586113 586309
586409 586637
586837 587133
587091 587311
587388 587588
587857 588176
588201 588478
588412 588620
588425 588553
588832 589104
589063 589299
589318 589540
589464 589655
589765 589964
589888 590070
590025 590183
590246 590425
590706 591008
590964 591212
591405 591716
591777 592070
592076 592340
592557 592915
592580 592714
593053 593330
593308 593562
593378 593510
593458 593535
593615 593721
593772 593870
594165 594381
594582 594891
594811 595035
595208 595468
595413 595600
595692 595925
595898 596084
596006 596132
596014 596068
596479 596758
596505 596603
596643 596765
596650 596701
596803 596885
597279 597552
597503 597691
597906 598156
598112 598292
598303 598500
598655 598897
598981 599215
599455 599783
599715 599960
600138 600386
600454 600690
600523 600650
600968 601227
601247 601472
601542 601783
601801 602041
601841 601953
601881 601980
602331 602594
602620 602842
602737 602882
603205 603496
603609 603894
603626 603745
604125 604400
604299 604494
604368 604504
604470 604574
604688 604858
604803 604888
604949 605044
604995 605051
605195 605295
605454 605618
605924 606196
606182 606437
606246 606382
606264 606331
606676 606881
606841 606988
606987 607058
607190 607284
607238 607343
607342 607420
607721 607921
607999 608204
608475 608790
608851 609186
609233 609546
609461 609678
609942 610264
610279 610513
610762 611101
610984 611182
611094 611247
611405 611666
611801 612122
612189 612534
612590 612912
613034 613365
613050 613136
613140 613191
613597 613840
613747 613965
613892 614034
614189 614372
614287 614395
614696 614972
614900 615084
614955 615068
615220 615400
615618 615855
615927 616158
616399 616697
616812 617132
617241 617562
617432 617642
617536 617625
617896 618115
618184 618404
618586 618843
619067 619420
619122 619280
619405 619561
619585 619759
619776 619964
620225 620547
620548 620835
620786 620988
620872 620958
620948 621016
620997 621062
621091 621186
621393 621569
621721 621959
621787 621923
622223 622482
622490 622723
622813 623059
623013 623225
623364 623620
623723 624013
623748 623863
623834 623937
623974 624075
624097 624216
624533 624824
625030 625385
625375 625656
625406 625518
625457 625528
625514 625564
625590 625638
625977 626170
626370 626591
626785 627060
627056 627308
627164 627321
627517 627733
627841 628078
628005 628144
628426 628688
628887 629213
629165 629422
629527 629809
629692 629861
629703 629745
629800 629871
630090 630247
630270 630432
630623 630898
630736 630893
630977 631140
631389 631652
631530 631663
631641 631741
631881 632020
631968 632046
632067 632113
632347 632487
632696 632909
633059 633324
633203 633364
633290 633390
633629 633831
633811 633981
633827 633895
634118 634287
634230 634335
634365 634451
634735 634953
635190 635526
635540 635852
635771 635983
635820 635936
636106 636318
636361 636558
636693 636918
637090 637385
637371 637591
637697 637916
638043 638297
638184 638323
638381 638506
638695 638921
638841 638974
639095 639263
639474 639716
639969 640287
640004 640142
640418 640658
640613 640800
640661 640719
640679 640702
641044 641215
641279 641462
641354 641417
641646 641813
642128 642441
642483 642720
642850 643132
643199 643457
643557 643843
644021 644400
644392 644727
644663 644954
644801 644982
645183 645434
645644 645917
645666 645760
645697 645727
645767 645810
645980 646090
646465 646735
646669 646859
646982 647198
647086 647210
647516 647745
647525 647592
647668 647834
647743 647829
648208 648481
648431 648622
648595 648743
648787 648936
648841 648917
649147 649341
649206 649322
649532 649696
649738 649888
649934 650029
650416 650705
650908 651264
651070 651275
651524 651846
651781 652048
651809 651895
652304 652574
652317 652393
652760 653013
652907 653104
653154 653364
653579 653833
653865 654102
654028 654184
654322 654492
654402 654512
654743 654970
654905 655049
655345 655636
655543 655745
655877 656135
655978 656116
656231 656410
656561 656814
656770 656952
657267 657565
657681 657990
657930 658135
657996 658086
658421 658738
658847 659169
658863 658990
659072 659229
659257 659372
659745 660022
660199 660504
660660 660995
661014 661279
661079 661219
661550 661854
661780 661974
661970 662119
662389 662655
662732 662980
663080 663358
663340 663583
663471 663586
663845 664051
664205 664447
664386 664549
664629 664834
664751 664859
664955 665112
665391 665630
665640 665845
665958 666207
666120 666296
666286 666446
666528 666704
666722 666863
667199 667504
667586 667906
667821 668027
668025 668208
668193 668352
668249 668324
668680 668941
669015 669278
669162 669315
669236 669340
669724 669934
669897 670047
670080 670197
670482 670722
670799 671040
671077 671279
671092 671193
671460 671677
671668 671810
671854 672004
671947 672074
672237 672432
672395 672526
672550 672645
672757 672888
672977 673100
673166 673294
673338 673446
673419 673501
673881 674154
674252 674553
674331 674494
674517 674693
674696 674824
674786 674881
674827 674877
674876 674933
674884 674899
674977 675048
675090 675168
675305 675468
675401 675475
675406 675460
675868 676106
676318 676632
676539 676727
676578 676661
676697 676786
677032 677246
677194 677344
677578 677834
678000 678322
678354 678639
678711 678975
679050 679351
679119 679277
679607 679934
679839 680069
679854 679918
680156 680321
680606 680924
680902 681165
681102 681298
681325 681500
681419 681503
681664 681774
682044 682300
682495 682818
682593 682767
682672 682749
682709 682770
682910 683048
682982 683079
683236 683436
683350 683464
683772 684013
684163 684456
684583 684874
684669 684839
684804 684939
684828 684869
684891 684949
684901 684967
684950 684999
685425 685685
685588 685772
685767 685908
686004 686181
686303 686494
686455 686608
686774 687028
686889 687062
686938 687030
687291 687495
687415 687502
687553 687657
687991 688239
688050 688200
688114 688202
688208 688264
688361 688447
688676 688826
688782 688882
689041 689184
689244 689411
689352 689412
689567 689677
689789 689937
690191 690448
690329 690478
690759 691044
690845 690940
691302 691545
691557 691760
691733 691864
692079 692295
692365 692600
692583 692785
692794 692998
693030 693236
693081 693170
693147 693168
693448 693574
693645 693781
693857 694036
693966 694096
694387 694672
694882 695233
695314 695650
695700 695990
695825 695998
696152 696383
696325 696443
696641 696838
696681 696771
696776 696857
697217 697465
697470 697675
697957 698222
698138 698332
698177 698271
698421 698536
698831 699061
698909 699040
699229 699456
699643 699968
699738 699912
700111 700394
700313 700493
700461 700609
700516 700572
700570 700651
700620 700659
701048 701287
701306 701492
701727 701981
701986 702198
702166 702328
702662 702968
702770 702965
703226 703518
703646 703972
703714 703880
704202 704493
704368 704546
704835 705139
705113 705352
705466 705702
705698 705892
705947 706122
706335 706613
706786 707095
707095 707337
707224 707352
707314 707415
707582 707737
707908 708154
707975 708091
708310 708519
708681 708944
708823 708989
709036 709164
709470 709749
709841 710104
709955 710109
710072 710182
710548 710864
710926 711257
711159 711403
711256 711410
711706 711984
711830 711980
712125 712317
712550 712861
712637 712805
712658 712738
713086 713327
713188 713350
713678 713979
713726 713845
714217 714542
714560 714838
714678 714835
714969 715172
715062 715162
715253 715381
715442 715570
715733 715943
716051 716275
716493 716778
716560 716681
716672 716754
716729 716795
716771 716781
716857 716857
717246 717431
717708 718002
718030 718290
718423 718715
718544 718728
718737 718904
719207 719501
719347 719487
719414 719519
719817 720072
720225 720489
720693 720987
721157 721528
721432 721712
721925 722244
722378 722719
722428 722573
722823 723078
723124 723367
723611 723941
723746 723899
724025 724224
724062 724160
724389 724582
724515 724640
724995 725271
725314 725610
725524 725755
725880 726126
726370 726665
726774 727065
727226 727581
727652 728016
727886 728144
728107 728291
728394 728629
728545 728705
729033 729331
729489 729820
729623 729778
729707 729795
729862 730000
730299 730577
730436 730607
730808 731072
730950 731118
730972 731067
731409 731614
731837 732135
732230 732534
732570 732813
732839 733067
733276 733585
733620 733894
733920 734165
734081 734264
734572 734890
735011 735325
735235 735480
735328 735446
735598 735792
735981 736224
736455 736778
736570 736735
736776 736960
736938 737088
737215 737412
737271 737373
737373 737449
737418 737467
737716 737868
738160 738419
738511 738782
738932 739225
739301 739621
739444 739643
739600 739747
739642 739719
740125 740387
740430 740693
740504 740671
740782 740953
741025 741182
741300 741495
741313 741403
741728 741943
742162 742438
742289 742465
742749 743045
743094 743345
743524 743800
743682 743877
744155 744460
744551 744849
744782 745013
745209 745515
745418 745638
745443 745536
745936 746216
745958 746082
746145 746280
746278 746402
746757 747044
746928 747113
747340 747618
747442 747558
747577 747666
747638 747709
747946 748142
748078 748241
748320 748493
748813 749138
749250 749545
749677 750034
750060 750371
750229 750410
750728 751033
750957 751161
751172 751351
751637 751948
751992 752232
752206 752394
752483 752691
752608 752763
752659 752737
752676 752676
753006 753183
753480 753803
753553 753709
753985 754249
754117 754258
754333 754507
754336 754419
754367 754411
754845 755125
755274 755563
755590 755856
756086 756426
756538 756875
756669 756852
756866 757009
757177 757402
757524 757790
757599 757717
757987 758242
758198 758415
758576 758825
758890 759139
758930 759002
759191 759332
759539 759744
759691 759830
759785 759867
759932 760007
760202 760361
760266 760383
760526 760673
760857 761066
761076 761237
761454 761703
761690 761904
761987 762243
762131 762306
762524 762798
762626 762751
762873 763044
763027 763158
763108 763172
763446 763643
763605 763731
764082 764341
764130 764193
764345 764467
764512 764651
764601 764704
764707 764793
765199 765472
765327 765501
765617 765825
765793 765967
765882 765967
766242 766446
766653 766950
767121 767473
767589 767946
767862 768107
768008 768194
768475 768777
768724 768952
768791 768898
768948 769044
768989 769091
769431 769682
769486 769610
769741 769918
769761 769839
769879 769984
769938 769970
770080 770185
770400 770587
770749 771019
770812 770971
770878 770994
771020 771153
771300 771477
771704 772006
772003 772266
772279 772469
772522 772724
772859 773113
772946 773089
772976 773029
773448 773702
773821 774098
774252 774553
774639 774957
774797 774986
775289 775578
775559 775797
775944 776231
776237 776495
776247 776318
776376 776490
776640 776826
776871 777064
776948 777008
777138 777229
777457 777656
777530 777605
777780 777931
778019 778172
778312 778536
778498 778678
778626 778759
778706 778793
779117 779356
779397 779641
779761 780031
780037 780257
780074 780180
780549 780820
780946 781240
781226 781483
781456 781646
781903 782180
782113 782315
782541 782819
783030 783391
783341 783574
783738 784041
784229 784586
784358 784541
784681 784891
784951 785179
785234 785468
785249 785340
785625 785847
785896 786112
785947 786033
786083 786199
786185 786277
786425 786580
786658 786840
786752 786886
787123 787361
787177 787276
787249 787343
787723 787984
788214 788544
788439 788666
788640 788838
788974 789191
789385 789644
789503 789671
789962 790241
790288 790574
790583 790818
790627 790707
790786 790886
791209 791461
791613 791929
791762 791944
792252 792562
792297 792413
792743 792995
792876 793052
792980 793103
793021 793084
793348 793514
793675 793879
793710 793813
794021 794200
794206 794303
794556 794791
794867 795105
795343 795649
795841 796203
796254 796595
796695 797065
796939 797202
797215 797443
797554 797831
797756 797912
798075 798266
798386 798597
798864 799152
799113 799312
799584 799887
799959 800248
799988 800127
800350 800571
800404 800528
800779 800994
800921 801053
801047 801119
801442 801666
801580 801746
801884 802093
802201 802444
802672 803016
802675 802803
803075 803306
803323 803511
803761 804056
804019 804246
804220 804412
804412 804568
804811 805063
805030 805211
805527 805818
805620 805772
805870 806055
806112 806293
806180 806243
806334 806410
806763 806996
807233 807537
807716 808036
807847 808025
808140 808355
808577 808860
809021 809365
809147 809345
809637 809972
809754 809947
810112 810355
810524 810812
810709 810868
810793 810882
810835 810835
810859 810859
811350 811587
811585 811827
811874 812091
812349 812670
812576 812847
812988 813282
813043 813146
813188 813287
813288 813362
813636 813862
813650 813737
813991 814205
814454 814756
814680 814946
815131 815506
815200 815346
815627 815893
815769 815914
816221 816512
816278 816433
816444 816583
816643 816782
816705 816768
816868 816985
816957 817059
817250 817457
817338 817448
817785 818015
818084 818277
818289 818458
818724 818991
818836 819001
819076 819241
819376 819549
819591 819733
819644 819717
819735 819812
819785 819812
819832 819870
819877 819924
820152 820258
820255 820362
820576 820790
821013 821303
821331 821576
821409 821530
821517 821617
821866 822066
822068 822259
822077 822137
822565 822818
822644 822758
822865 823011
823086 823243
823359 823578
823593 823767
823760 823898
824204 824467
824299 824457
824308 824337
824324 824324
824660 824822
824761 824894
824901 824999
825357 825644
825746 826011
826024 826258
826135 826280
826476 826674
826531 826613
826691 826780
826825 826899
826969 827058
827207 827347
827257 827374
827338 827423
827455 827556
827808 828047
827849 827957
828131 828287
828345 828504
828779 829051
829203 829524
829500 829789
829643 829819
829873 830077
829941 830074
830095 830226
830177 830245
830179 830207
830354 830475
830709 830936
831201 831515
831449 831730
831571 831698
831896 832129
832376 832701
832822 833168
832863 832992
833020 833142
833176 833255
833258 833329
833459 833587
833562 833647
833879 834062
834055 834224
834421 834706
834481 834561
834925 835173
835046 835160
835377 835599
835815 836121
836165 836434
836560 836854
836708 836874
836836 836956
837184 837417
837334 837487
837573 837772
837662 837769
837755 837851
838106 838348
838487 838765
838534 838677
838687 838800
838884 838964
839122 839261
839432 839625
839845 840122
840161 840425
840176 840268
840347 840463
840622 840818
841084 841375
841323 841561
841451 841582
841523 841604
841701 841781
841726 841767
841811 841861
842053 842155
842411 842645
842871 843198
843287 843588
843563 843824
843967 844262
844388 844687
844839 845159
845305 845624
845671 845965
845794 845941
846174 846433
846284 846427
846418 846554
846655 846833
847103 847390
847218 847380
847559 847783
847890 848096
848178 848446
848439 848701
848471 848589
848763 848988
849202 849473
849411 849625
849437 849536
849856 850130
850302 850586
850384 850534
850821 851093
851011 851209
851341 851546
851821 852108
852306 852677
852739 853090
853006 853265
853199 853380
853688 854007
853984 854263
854412 854732
854706 854992
854791 854928
855246 855508
855436 855624
855706 855875
855913 856079
856187 856384
856472 856711
856766 856983
856786 856872
857240 857480
857405 857558
857537 857660
857937 858194
858314 858583
858580 858810
858913 859150
859150 859326
859175 859247
859580 859804
859775 859968
860029 860229
860449 860728
860571 860743
860911 861176
861123 861318
861229 861351
861354 861503
861435 861503
861799 862026
862236 862525
862446 862646
862689 862892
862787 862910
862971 863108
863258 863444
863661 863914
864156 864513
864317 864530
864336 864408
864800 865045
864917 865054
865345 865602
865454 865628
865556 865702
866052 866385
866511 866814
866753 866975
866963 867147
867019 867105
867397 867633
867876 868203
868003 868202
868119 868249
868137 868172
868456 868636
868926 869227
868967 869053
869368 869568
869815 870087
869871 869996
870255 870480
870265 870326
870755 871043
870982 871191
871433 871712
871922 872237
872122 872329
872217 872376
872592 872789
872685 872798
873153 873441
873394 873585
873663 873865
873866 874006
873987 874102
874210 874338
874443 874572
874454 874499
874584 874695
874900 875068
875015 875100
875238 875397
875257 875320
875276 875306
875599 875766
875817 876037
876199 876453
876462 876649
876628 876757
876777 876867
877226 877469
877717 878030
878126 878422
878619 878975
878784 879008
879248 879537
879452 879677
879647 879809
880026 880290
880484 880823
880888 881215
881174 881456
881535 881808
881616 881730
881734 881832
882198 882445
882622 882910
882897 883111
883156 883374
883354 883531
883495 883600
883736 883941
883799 883891
884273 884504
884579 884801
885028 885330
885395 885672
885718 885984
886015 886266
886060 886131
886073 886130
886213 886315
886625 886867
887080 887352
887128 887264
887185 887255
887661 887923
888050 888302
888514 888830
888896 889181
889118 889310
889246 889380
889413 889520
889772 890009
890006 890196
890435 890702
890757 891014
891052 891282
891406 891661
891706 891945
891872 892035
892049 892181
892546 892847
892889 893192
893050 893248
893258 893421
893396 893552
893845 894142
893899 893988
894104 894265
894180 894315
894345 894431
894817 895089
895001 895185
895242 895444
895399 895563
895659 895870
896039 896312
896334 896580
896463 896593
896606 896715
896908 897115
897042 897207
897416 897628
897860 898168
897954 898101
898338 898617
898615 898854
898935 899199
899377 899712
899856 900200
899889 900037
900160 900342
900588 900865
900626 900762
900750 900882
901223 901531
901678 901975
901797 901984
902040 902201
902503 902753
902593 902713
902788 902970
903037 903257
903437 903709
903460 903540
903525 903594
904016 904295
904082 904181
904358 904560
904746 905027
905004 905256
905348 905632
905520 905760
905791 906038
905987 906182
906150 906295
906647 906944
907072 907351
907399 907650
907795 908058
907937 908083
908094 908227
908515 908760
908645 908809
908825 908955
908998 909152
909182 909318
909446 909613
909555 909682
909946 910199
910090 910252
910232 910375
910458 910650
910651 910812
911020 911261
911063 911154
911086 911117
911407 911570
911710 911888
911757 911810
911851 911912
912009 912104
912226 912394
912255 912328
912447 912562
912880 913147
913341 913675
913418 913541
913482 913579
913821 913999
913981 914126
914111 914220
914271 914402
914621 914837
914667 914796
915007 915246
915192 915358
915303 915366
915515 915672
915749 915908
915958 916151
916224 916415
916649 916938
916655 916754
917036 917248
917319 917544
917683 917979
917994 918244
918408 918686
918507 918636
918667 918777
919041 919294
919242 919428
919388 919575
919648 919829
920023 920311
920043 920162
920364 920557
920821 921131
921193 921472
921218 921286
921321 921429
921746 921963
922014 922205
922364 922592
922557 922779
922725 922884
923183 923475
923279 923427
923770 924075
923811 923922
924134 924333
924468 924705
924859 925151
925316 925637
925425 925602
925869 926155
926019 926209
926389 926690
926697 926990
927184 927490
927345 927502
927766 928004
927894 928048
928365 928662
928534 928718
928768 928935
928959 929088
929408 929651
929839 930116
929850 929943
930131 930294
930489 930722
930727 930935
930732 930814
931069 931263
931544 931839
931809 932034
932218 932515
932508 932752
932688 932847
933106 933312
933359 933565
933511 933687
933669 933778
934085 934335
934536 934859
934787 935048
934834 934937
935167 935387
935604 935940
935672 935813
936099 936348
936329 936535
936610 936821
937042 937313
937432 937711
937454 937508
937863 938121
938096 938313
938539 938836
938718 938904
938958 939165
939082 939209
939512 939791
939929 940247
940135 940347
940464 940666
940509 940604
940760 940924
940880 940986
941307 941555
941327 941390
941666 941829
941683 941716
941796 941866
942131 942309
942333 942504
942519 942673
942915 943177
943252 943507
943718 944043
943958 944188
944081 944231
944183 944294
944356 944449
944673 944822
944893 945066
945192 945435
945634 945970
945929 946192
946187 946415
946527 946733
946648 946796
946980 947191
947424 947717
947648 947879
948038 948348
948339 948628
948739 949066
948755 948925
949201 949483
949598 949926
949994 950284
950279 950515
950739 951047
951027 951286
951248 951492
951396 951547
951836 952121
952211 952485
952260 952385
952386 952458
952843 953107
952902 953026
953133 953270
953220 953254
953355 953418
953502 953621
953846 954065
954291 954606
954638 954923
954828 955016
955045 955233
955208 955365
955288 955372
955305 955346
955342 955406
955534 955643
955785 955939
956205 956489
956566 956861
957046 957376
957546 957881
957584 957757
958078 958369
958341 958607
958664 958882
958675 958744
958965 959126
959239 959459
959509 959733
959695 959866
960009 960258
960504 960829
960641 960826
960890 961087
961255 961503
961485 961710
961552 961668
961578 961643
961804 961932
962163 962370
962341 962498
962592 962775
962608 962676
962881 963055
963139 963340
963226 963326
963361 963456
963607 963741
963879 964065
964185 964388
964624 964920
964785 964983
965039 965231
965442 965716
965667 965854
965794 965928
966002 966157
966198 966351
966669 966954
967026 967294
967351 967618
967458 967624
967865 968126
968072 968251
968410 968639
968433 968511
968448 968478
968484 968531
968567 968595
968641 968715
968799 968925
969070 969277
969129 969234
969618 969908
969872 970100
970157 970370
970512 970765
970962 971261
971428 971735
971666 971903
971922 972165
972076 972234
972493 972773
972738 972928
973006 973232
973340 973601
973809 974142
973956 974143
974068 974169
974131 974218
974400 974577
974896 975198
975160 975425
975168 975237
975596 975834
975614 975679
975944 976141
976301 976559
976319 976416
976686 976901
977012 977245
977368 977580
977415 977514
977653 977810
978120 978388
978559 978864
979004 979332
979482 979833
979501 979629
979508 979546
979585 979635
980031 980277
980439 980724
980931 981313
981069 981281
981438 981677
981873 982168
982118 982347
982536 982792
982591 982690
982885 983050
983262 983530
983600 983859
983708 983886
983980 984169
984327 984571
984452 984601
984939 985232
985027 985180
985163 985260
985405 985569
985749 985944
986174 986454
986350 986538
986412 986502
986891 987167
987187 987430
987526 987758
987666 987815
988020 988270
988149 988292
988454 988683
988473 988538
988772 988969
989026 989232
989162 989333
989313 989436
989596 989780
989908 990141
990032 990178
990101 990191
990372 990558
990764 991032
991103 991371
991214 991363
991686 992014
991875 992074
992168 992384
992336 992488
992359 992454
992424 992468
992450 992515
992724 992895
992951 993093
993071 993175
993184 993276
993484 993651
993637 993755
993963 994131
994322 994586
994635 994935
994691 994839
995066 995296
995441 995706
995579 995762
996058 996375
996265 996493
996292 996387
996784 997097
997275 997658
997650 997926
997838 998050
998085 998242
998340 998570
998517 998726
998816 999024
999067 999283
999417 999663
999711 999950
1000176 1000524
1000432 1000685
1000789 1001080
1001094 1001329
1001590 1001888
1002055 1002392
1002483 1002785
1002701 1002941
1002785 1002888
1003173 1003375
1003646 1003993
1003935 1004206
1004216 1004449
1004705 1005047
1005087 1005406
1005457 1005727
1005459 1005539
1005806 1006007
1006011 1006194
1006398 1006650
1006837 1007129
1007121 1007341
1007559 1007864
1007794 1008046
1007997 1008176
1008459 1008743
1008920 1009248
1009281 1009569
1009397 1009525
1009867 1010143
1010173 1010435
1010282 1010415
1010452 1010590
1010895 1011209
1010952 1011072
1011035 1011081
1011172 1011263
1011435 1011600
1011649 1011809
1011845 1012000
1011892 1011931
1011935 1011988
1012166 1012309
1012557 1012778
1012736 1012871
1013226 1013507
1013286 1013415
1013406 1013497
1013458 1013525
1013578 1013635
1013843 1013981
1014042 1014207
1014047 1014101
1014427 1014637
1014501 1014594
1014757 1014910
1014950 1015098
1015139 1015255
1015224 1015322
1015671 1015940
1015962 1016211
1016155 1016353
1016445 1016638
1016879 1017150
1016949 1017096
1017051 1017101
1017245 1017390
1017629 1017862
1017914 1018191
1018046 1018210
1018511 1018834
1018884 1019178
1019136 1019370
1019541 1019812
1019670 1019810
1020073 1020334
1020467 1020778
1020907 1021256
1021356 1021702
1021498 1021702
1021936 1022211
1022011 1022130
1022108 1022219
1022509 1022757
1022527 1022621
1022584 1022657
1022798 1022918
1023105 1023335
1023287 1023433
1023587 1023820
1023675 1023794
1024091 1024363
1024247 1024395
1024605 1024824
1025011 1025281
1025273 1025470
1025328 1025429
1025447 1025590
1025491 1025579
1025694 1025827
1025721 1025737
1025972 1026095
1026396 1026644
1026825 1027103
1027042 1027239
1027171 1027317
1027668 1028006
1028043 1028355
1028157 1028341
1028592 1028847
1028851 1029050
1029231 1029483
1029375 1029536
1029644 1029816
1030051 1030344
1030236 1030420
1030258 1030344
1030330 1030343
1030518 1030611
1030749 1030902
1030783 1030854
1030910 1031009
1031302 1031543
1031451 1031603
1031882 1032142
1032363 1032688
1032701 1032979
1032731 1032850
1033017 1033226
1033230 1033429
1033301 1033388
1033599 1033773
1033701 1033828
1034120 1034326
1034230 1034321
1034274 1034337
1034443 1034537
1034886 1035153
1035229 1035493
1035482 1035679
1035573 1035665
1036046 1036293
1036202 1036391
1036389 1036558
1036824 1037094
1037156 1037416
1037251 1037382
1037676 1037952
1038010 1038250
1038015 1038087
1038024 1038037
1038202 1038292
1038611 1038837
1039033 1039338
1039183 1039387
1039428 1039601
1039674 1039880
1039960 1040149
1039966 1040068
1040068 1040171
1040070 1040125
1040425 1040611
1040616 1040761
1040746 1040856
1041213 1041483
1041456 1041662
1041778 1041982
1041875 1042014
1041977 1042069
1042051 1042134
1042473 1042697
1042754 1042984
1042765 1042844
1042802 1042840
1043037 1043175
1043494 1043758
1043961 1044302
1043998 1044144
1044250 1044426
1044604 1044834
1044969 1045207
1044986 1045049
1045228 1045400
1045357 1045478
1045796 1046066
1045992 1046190
1046080 1046173
1046552 1046859
1046601 1046728
1047006 1047252
1047207 1047391
1047329 1047459
1047507 1047603
1047716 1047902
1047863 1047955
1048360 1048644
1048375 1048469
1048388 1048419
1048729 1048905
1048848 1048985
1049261 1049511
1049543 1049772
1049975 1050277
1050098 1050239
1050557 1050835
1050668 1050841
1051102 1051341
1051568 1051882
1051730 1051920
1052118 1052370
1052281 1052455
1052669 1052962
1052677 1052772
1053067 1053292
1053324 1053539
1053602 1053835
1053917 1054149
1054308 1054573
1054664 1054902
1054679 1054797
1054985 1055173
1055299 1055545
1055384 1055520
1055388 1055455
1055773 1056005
1055856 1055980
1055891 1055979
1056288 1056510
1056660 1056912
1056698 1056794
1056807 1056903
1057160 1057394
1057428 1057671
1057615 1057812
1058021 1058326
1058268 1058527
1058627 1058866
1058660 1058770
1058793 1058911
1058850 1058910
1059320 1059589
1059666 1059955
1059968 1060231
1060396 1060695
1060640 1060888
1060805 1060952
1061103 1061324
1061218 1061355
1061338 1061475
1061593 1061764
1062041 1062302
1062349 1062584
1062501 1062652
1062966 1063251
1062994 1063109
1063028 1063103
1063185 1063254
1063524 1063708
1063590 1063700
1063644 1063733
1063767 1063904
1063894 1063979
1064253 1064461
1064668 1064921
1064904 1065148
1064968 1065071
1065008 1065064
1065489 1065752
1065595 1065752
1065633 1065694
1065759 1065818
1066134 1066348
1066611 1066926
1066834 1067024
1067112 1067320
1067199 1067306
1067496 1067701
1067591 1067712
1067619 1067675
1067959 1068122
1068145 1068326
1068560 1068804
1068790 1068996
1068907 1069024
1069150 1069291
1069354 1069520
1069358 1069432
1069675 1069845
1070127 1070385
1070348 1070512
1070803 1071091
1070879 1071028
1071096 1071217
1071461 1071690
1071499 1071618
1071549 1071655
1072012 1072301
1072359 1072661
1072575 1072786
1072639 1072771
1072877 1073013
1072882 1072938
1072925 1072971
1073382 1073649
1073631 1073864
1073831 1074001
1073840 1073883
1074269 1074482
1074663 1074899
1074727 1074828
1074876 1075019
1075154 1075333
1075506 1075769
1075753 1075959
1076103 1076351
1076478 1076783
1076911 1077166
1077081 1077269
1077252 1077412
1077292 1077397
1077632 1077870
1077842 1078013
1078317 1078627
1078464 1078637
1078961 1079287
1079100 1079307
1079327 1079548
1079705 1079974
1079891 1080068
1079974 1080060
1080191 1080331
1080645 1080948
1081103 1081442
1081578 1081937
1081725 1081944
1082126 1082393
1082380 1082594
1082389 1082439
1082889 1083183
1083309 1083628
1083339 1083434
1083433 1083527
1083851 1084065
1084279 1084562
1084620 1084931
1085064 1085411
1085229 1085414
1085248 1085298
1085378 1085439
1085645 1085787
1086076 1086341
1086377 1086596
1086600 1086773
1086625 1086714
1087095 1087384
1087219 1087370
1087698 1087965
1087856 1088032
1088221 1088492
1088376 1088528
1088702 1088931
1088705 1088780
1089058 1089261
1089337 1089511
1089354 1089453
1089503 1089622
1089950 1090193
1090419 1090732
1090438 1090540
1090711 1090861
1090768 1090859
1091023 1091149
1091412 1091684
1091893 1092226
1092389 1092759
1092772 1093103
1092877 1093084
1093074 1093233
1093403 1093601
1093853 1094169
1094267 1094572
1094570 1094826
1094998 1095318
1095226 1095452
1095350 1095498
1095613 1095789
1095948 1096159
1096385 1096681
1096707 1096950
1096723 1096813
1097216 1097447
1097600 1097877
1097895 1098103
1097947 1098055
1098297 1098515
1098671 1098956
1099122 1099443
1099566 1099900
1099956 1100249
1100015 1100112
1100238 1100413
1100353 1100472
1100362 1100466
1100793 1101046
1101228 1101547
1101597 1101905
1101840 1102078
1102185 1102436
1102623 1102913
1102951 1103173
1103059 1103209
1103547 1103856
1103719 1103911
1103986 1104190
1104339 1104597
1104484 1104643
1104738 1104932
1105068 1105277
1105193 1105332
1105223 1105291
1105356 1105460
1105724 1105974
1106176 1106476
1106613 1106937
1107097 1107496
1107546 1107918
1107679 1107860
1108139 1108434
1108172 1108259
1108546 1108778
1108735 1108914
1109186 1109477
1109583 1109913
1109917 1110189
1110399 1110727
1110727 1111039
1110874 1111098
1111271 1111543
1111431 1111600
1111501 1111566
1111710 1111819
1111752 1111813
1111865 1111954
1112161 1112346
1112574 1112851
1112822 1113045
1113273 1113581
1113492 1113716
1113826 1114077
1113990 1114156
1114365 1114595
1114856 1115175
1114967 1115156
1115209 1115426
1115557 1115794
1116042 1116353
1116501 1116858
1116934 1117276
1117095 1117245
1117398 1117619
1117404 1117498
1117752 1117954
1117881 1118027
1117914 1118020
1117976 1118034
1118222 1118341
1118694 1118961
1118953 1119197
1119215 1119435
1119629 1119906
1119947 1120215
1120424 1120756
1120840 1121155
1120936 1121100
1121379 1121652
1121597 1121803
1121613 1121676
1121938 1122114
1122176 1122362
1122579 1122842
1122792 1122972
1123183 1123494
1123478 1123730
1123487 1123563
1123882 1124129
1124106 1124281
1124567 1124845
1124859 1125075
1125108 1125333
1125173 1125266
1125491 1125720
1125782 1126015
1125815 1125930
1126164 1126382
1126382 1126574
1126724 1126945
1126759 1126859
1127228 1127430
1127429 1127563
1127748 1127969
1127960 1128135
1128412 1128721
1128688 1128929
1129133 1129434
1129288 1129466
1129619 1129860
1129854 1130052
1130144 1130393
1130291 1130458
1130314 1130341
1130320 1130364
1130409 1130463
1130447 1130475
1130776 1130949
1131199 1131482
1131692 1132051
1132080 1132441
1132556 1132894
1133021 1133390
1133261 1133524
1133584 1133840
1134002 1134315
1134474 1134771
1134570 1134725
1134908 1135145
1135039 1135189
1135362 1135568
1135540 1135701
1135682 1135815
1136030 1136259
1136190 1136359
1136245 1136330
1136424 1136563
1136507 1136628
1136656 1136715
1137080 1137288
1137492 1137775
1137527 1137619
1137703 1137823
1138084 1138300
1138469 1138735
1138909 1139205
1139370 1139660
1139641 1139874
1140051 1140324
1140229 1140416
1140424 1140573
1140601 1140726
1140776 1140899
1141213 1141501
1141267 1141388
1141753 1142017
1141930 1142132
1142253 1142475
1142263 1142349
1142726 1143013
1142855 1142987
1143352 1143678
1143670 1143982
1144064 1144367
1144476 1144787
1144553 1144687
1144694 1144799
1145136 1145388
1145395 1145635
1145476 1145613
1145523 1145587
1145743 1145891
1146058 1146299
1146098 1146213
1146506 1146752
1146603 1146724
1146989 1147242
1147007 1147091
1147480 1147738
1147830 1148078
1148080 1148315
1148568 1148892
1148575 1148718
1148621 1148709
1148939 1149117
1149081 1149224
1149430 1149657
1149482 1149571
1149948 1150197
1150174 1150359
1150393 1150533
1150599 1150738
1150782 1150931
1150892 1150978
1151332 1151587
1151820 1152134
1152027 1152191
1152337 1152518
1152433 1152562
1152916 1153184
1152927 1153060
1153315 1153580
1153492 1153642
1153683 1153855
1153958 1154144
1154427 1154740
1154519 1154685
1154693 1154859
1154777 1154878
1154978 1155073
1155102 1155180
1155167 1155187
1155266 1155338
1155501 1155650
1155650 1155809
1155885 1156050
1156130 1156282
1156439 1156662
1156743 1156963
1156839 1156951
1157101 1157300
1157167 1157275
1157291 1157379
1157602 1157791
1157844 1158028
1158327 1158660
1158759 1159090
1158952 1159146
1159275 1159529
1159728 1160048
1159932 1160147
1160306 1160616
1160331 1160443
1160566 1160737
1161059 1161336
1161182 1161318
1161297 1161443
1161640 1161909
1161781 1161975
1161923 1162029
1162117 1162239
1162280 1162375
1162384 1162461
1162556 1162662
1163032 1163330
1163259 1163494
1163478 1163681
1163566 1163702
1163931 1164163
1164078 1164234
1164446 1164689
1164776 1164989
1165246 1165572
1165677 1166003
1166105 1166415
1166158 1166297
1166501 1166752
1166766 1166999
1167105 1167359
1167564 1167861
1167600 1167736
1167740 1167876
1168137 1168405
1168186 1168300
1168537 1168726
1168820 1168992
1168914 1168995
1169172 1169324
1169410 1169595
1169712 1169925
1170110 1170356
1170391 1170618
1170778 1171081
1171205 1171532
1171636 1171951
1171721 1171866
1172038 1172236
1172072 1172182
1172215 1172355
1172553 1172773
1172771 1172985
1172774 1172871
1173005 1173167
1173009 1173092
1173325 1173467
1173793 1174081
1173823 1173946
1173976 1174091
1174296 1174492
1174423 1174529
1174746 1174949
1175004 1175195
1175491 1175802
1175973 1176330
1176281 1176558
1176580 1176848
1176939 1177225
1177119 1177293
1177158 1177221
1177472 1177642
1177845 1178098
1177969 1178116
1178053 1178127
1178306 1178466
1178729 1179019
1178803 1178954
1178920 1179028
1178967 1179070
1179239 1179419
1179653 1179887
1179932 1180154
1180098 1180256
1180323 1180475
1180684 1180888
1181109 1181426
1181170 1181322
1181649 1181974
1182067 1182385
1182511 1182824
1182717 1182935
1183215 1183529
1183305 1183446
1183748 1183984
1184201 1184507
1184387 1184582
1184644 1184838
1184688 1184785
1184830 1184916
1185082 1185256
1185142 1185239
1185626 1185870
1186125 1186483
1186504 1186824
1186510 1186594
1186802 1186957
1186819 1186895
1186936 1187005
1187236 1187425
1187508 1187759
1187970 1188312
1188311 1188597
1188426 1188606
1188920 1189225
1189364 1189679
1189737 1190009
1189781 1189888
1189923 1190057
1190421 1190705
1190458 1190565
1190902 1191160
1191255 1191503
1191408 1191584
1191480 1191576
1191776 1191963
1192231 1192515
1192479 1192727
1192940 1193256
1193101 1193301
1193550 1193868
1193939 1194280
1194055 1194231
1194366 1194578
1194583 1194783
1194893 1195120
1195233 1195505
1195656 1195968
1195968 1196244
1196173 1196378
1196300 1196457
1196332 1196386
1196699 1196891
1196889 1197041
1197246 1197482
1197650 1197946
1198097 1198430
1198237 1198430
1198348 1198462
1198837 1199129
1199310 1199623
1199388 1199559
1199782 1200031
1200040 1200289
1200282 1200468
1200551 1200745
1200671 1200805
1201073 1201297
1201105 1201200
1201401 1201556
1201706 1201890
1201743 1201830
1202009 1202148
1202096 1202176
1202458 1202685
1202950 1203251
1203165 1203362
1203226 1203317
1203632 1203874
1203805 1203969
1203865 1203938
1204334 1204593
1204708 1204990
1205145 1205464
1205610 1205979
1205806 1206023
1206185 1206451
1206584 1206881
1207001 1207325
1207046 1207200
1207324 1207492
1207775 1208075
1208143 1208407
1208489 1208739
1208586 1208726
1208623 1208702
1209122 1209371
1209545 1209859
1209994 1210350
1210438 1210772
1210622 1210835
1210953 1211188
1211036 1211123
1211155 1211235
1211172 1211232
1211514 1211686
1211737 1211856
1212210 1212500
1212396 1212592
1212605 1212810
1212763 1212923
1212831 1212938
1212902 1212989
1213021 1213075
1213396 1213595
1213777 1214055
1213843 1213936
1214133 1214325
1214548 1214809
1214710 1214889
1214787 1214860
1214827 1214871
1215080 1215225
1215528 1215825
1215760 1215977
1216016 1216229
1216231 1216414
1216621 1216903
1216798 1217000
1217228 1217548
1217663 1217981
1217974 1218245
1218223 1218424
1218613 1218892
1218896 1219124
1219070 1219276
1219343 1219532
1219842 1220114
1220122 1220361
1220248 1220412
1220264 1220307
1220554 1220716
1220586 1220674
1220684 1220772
1220880 1221022
1221335 1221609
1221537 1221738
1221700 1221862
1221871 1222002
1222049 1222195
1222288 1222461
1222417 1222554
1222611 1222779
1223026 1223291
1223158 1223326
1223497 1223731
1223901 1224203
1224077 1224247
1224546 1224818
1224688 1224848
1224853 1224977
1225330 1225583
1225614 1225830
1225683 1225788
1226025 1226201
1226040 1226104
1226290 1226398
1226603 1226810
1226644 1226751
1226970 1227134
1227094 1227191
1227443 1227637
1227847 1228097
1228161 1228377
1228340 1228502
1228817 1229114
1229133 1229390
1229143 1229242
1229290 1229405
1229539 1229728
1229578 1229660
1230072 1230352
1230126 1230252
1230542 1230797
1230758 1230966
1230842 1230955
1231305 1231587
1231669 1231915
1232007 1232253
1232113 1232271
1232188 1232286
1232570 1232789
1233004 1233259
1233354 1233625
1233532 1233708
1233850 1234057
1233917 1234014
1234073 1234174
1234122 1234170
1234473 1234670
1234941 1235217
1235363 1235643
1235788 1236089
1235830 1235945
1236237 1236489
1236314 1236420
1236523 1236668
1236760 1236915
1237126 1237370
1237266 1237375
1237276 1237339
1237753 1237986
1238215 1238496
1238352 1238494
1238503 1238636
1238778 1238957
1239165 1239397
1239620 1239926
1239931 1240195
1240420 1240764
1240718 1240987
1241198 1241499
1241442 1241657
1241673 1241887
1241864 1242049
1241911 1242004
1242118 1242267
1242519 1242766
1242886 1243123
1242996 1243157
1243170 1243302
1243238 1243329
1243667 1243889
1244014 1244258
1244325 1244547
1244799 1245148
1245162 1245481
1245305 1245498
1245394 1245492
1245625 1245782
1245984 1246212
1246102 1246251
1246595 1246890
1246894 1247130
1247242 1247511
1247387 1247567
1247553 1247728
1247957 1248201
1248082 1248243
1248128 1248205
1248270 1248390
1248627 1248854
1248972 1249276
1249005 1249106
1249318 1249488
1249410 1249526
1249589 1249711
1249881 1250081
1250229 1250463
1250300 1250418
1250709 1250945
1250726 1250853
1250964 1251103
1251425 1251677
1251620 1251785
1251778 1251931
1251843 1251944
1252146 1252330
1252290 1252437
1252524 1252697
1252555 1252629
1252778 1252938
1252847 1252936
1253029 1253129
1253372 1253556
1253649 1253837
1253982 1254230
1254341 1254642
1254453 1254602
1254831 1255073
1255276 1255560
1255564 1255844
