81 453
113 465
534 676
654 820
1087 1452
1337 1677
1549 1704
1885 2070
1922 2269
2269 2581
2626 2800
3067 3277
3545 3877
3981 4287
4412 4596
4430 4642
4884 5206
5301 5605
5580 5783
5762 5972
5931 6240
6226 6533
6669 6865
7044 7242
7354 7674
7712 8022
7765 7963
7962 8163
8201 8510
8309 8609
8487 8685
8693 8908
8755 9066
8829 9115
8890 9095
9052 9278
9209 9508
9608 9898
9742 9964
9751 9978
10086 10371
10102 10378
10564 10800
10953 11184
11413 11693
11702 11986
11893 12127
11993 12216
12048 12334
12191 12481
12310 12545
12787 13008
13057 13332
13337 13632
13576 13816
13720 13947
14036 14307
14356 14638
14525 14761
14681 14915
14815 15092
15002 15283
15349 15584
15682 15904
16006 16294
16414 16697
16444 16672
16547 16792
16594 16874
16719 16981
16791 17038
16923 17179
17044 17303
17203 17468
17265 17516
17495 17737
17516 17778
17556 17842
17864 18105
17899 18133
18059 18334
18245 18528
18345 18583
18749 18989
18871 19152
19047 19309
19207 19439
19661 19912
20147 20421
20314 20585
20799 21042
20897 21148
21280 21546
21570 21833
21942 22184
22185 22451
22570 22847
22686 22938
22738 22970
23137 23394
23562 23839
23603 23853
23619 23845
23867 24129
24187 24462
24511 24762
24867 25099
25002 25251
25319 25593
25383 25647
25831 26072
26129 26375
26509 26781
26946 27195
27393 27636
27590 27847
27712 27979
27900 28167
28349 28597
28794 29029
29204 29468
29396 29677
29427 29685
29480 29708
29669 29928
29846 30134
30174 30418
30291 30513
30754 31027
30761 31050
31018 31261
31305 31531
31600 31865
31825 32110
32230 32471
32491 32725
32865 33125
32912 33189
33382 33640
33389 33620
33799 34047
33911 34198
33987 34248
34088 34309
34345 34589
34826 35127
35206 35470
35336 35535
35613 35864
35854 36177
35911 36170
36106 36295
36186 36444
36577 36894
36637 36886
36675 36885
36946 37214
37093 37409
37267 37524
37410 37598
37645 37902
38041 38358
38478 38735
38488 38691
38667 38935
38864 39170
39026 39257
39103 39305
39492 39776
39631 39930
39918 40141
40170 40382
40233 40520
40617 40916
41050 41271
41383 41606
41631 41921
41980 42271
42429 42668
42624 42834
43036 43307
43274 43566
43285 43534
43752 43986
43885 44145
44037 44312
44379 44618
44663 44891
45002 45275
45038 45320
45102 45335
45509 45746
45830 46094
46259 46544
46319 46564
46408 46637
46606 46873
46973 47266
47301 47538
47378 47604
47624 47895
47778 48066
47946 48185
48109 48331
48258 48524
48693 48983
49121 49370
49214 49424
49490 49752
49653 49950
49791 50028
50008 50215
50127 50408
50416 50729
50477 50707
50747 50945
51164 51443
51178 51493
51246 51481
51721 51920
52088 52366
52380 52696
52879 53113
52934 53134
53255 53531
53441 53744
53873 54103
54155 54370
54254 54536
54396 54691
54475 54713
54921 55151
55223 55492
55638 55909
55820 56065
56021 56258
56068 56341
56560 56821
57007 57242
57232 57493
57701 57982
57867 58117
57879 58105
58015 58264
58303 58598
58692 58963
58882 59101
58909 59153
58975 59264
59070 59345
59445 59670
59487 59723
59901 60178
59987 60261
60059 60292
60210 60454
60633 60924
60963 61224
61080 61310
61428 61691
61918 62190
62303 62546
62536 62776
62673 62952
63088 63378
63303 63539
63467 63699
63735 64008
63792 64075
63988 64235
64446 64675
64583 64842
64764 65036
65011 65266
65124 65353
65140 65399
65357 65634
65424 65676
65586 65819
65886 66140
66023 66299
66476 66732
66719 66952
67179 67432
67530 67822
67545 67809
67856 68057
68291 68540
68410 68710
68722 68980
69000 69221
69107 69378
69187 69477
69248 69499
69388 69602
69425 69679
69848 70142
69913 70170
70184 70403
70417 70666
70719 71019
71192 71453
71504 71726
71557 71806
71799 72097
72135 72397
72194 72419
72548 72802
72564 72851
72663 72924
72927 73154
73354 73600
73404 73700
73844 74110
73921 74132
74157 74401
74208 74504
74309 74586
74328 74551
74350 74573
74788 75068
75180 75467
75334 75569
75526 75752
75835 76109
75895 76175
76216 76445
76270 76500
76688 76969
76830 77117
77165 77398
77378 77604
77642 77930
77674 77962
78048 78268
78055 78286
78462 78758
78488 78778
78593 78807
79058 79285
79503 79795
79666 79947
79888 80113
80226 80466
80419 80726
80730 81002
80816 81023
81036 81287
81214 81512
81479 81731
81665 81878
81849 82111
82311 82605
82508 82753
83008 83231
83272 83548
83636 83927
83674 83925
83876 84097
83931 84191
84106 84398
84331 84578
84503 84718
84818 85081
85072 85364
85410 85658
85460 85669
85689 85963
86115 86411
86328 86563
86602 86832
87028 87305
87154 87439
87259 87485
87590 87830
88083 88383
88152 88431
88488 88687
88853 89091
88959 89271
89259 89532
89660 89870
89750 89992
89799 90101
90237 90513
90694 90906
90940 91175
91318 91622
91407 91688
91453 91675
91689 91918
92139 92429
92613 92907
92873 93090
93016 93234
93430 93721
93841 94127
94216 94446
94608 94837
94801 95086
95033 95324
95515 95756
95991 96207
96296 96560
96777 97073
96955 97214
97007 97228
97029 97282
97499 97789
97998 98256
98290 98508
98331 98588
98405 98696
98463 98722
98632 98854
98991 99246
99047 99334
99406 99661
99740 99966
100049 100300
100327 100616
100666 100927
100791 101029
101073 101327
101555 101844
101734 101982
101875 102093
102303 102555
102354 102634
102435 102703
102558 102783
102822 103079
103011 103296
103495 103734
103681 103910
103887 104164
104379 104662
104475 104713
104877 105104
105321 105595
105483 105755
105827 106059
105859 106095
106105 106395
106155 106418
106563 106779
106995 107248
107403 107695
107845 108101
107912 108144
108254 108512
108586 108854
108853 109118
109342 109579
109653 109896
109985 110261
110333 110608
110649 110872
110845 111081
111113 111395
111370 111651
111445 111673
111849 112080
112326 112620
112786 113067
112899 113126
112931 113165
113336 113627
113657 113930
113938 114159
114143 114388
114623 114919
114790 115052
115073 115296
115293 115555
115633 115924
115828 116081
115887 116097
115936 116191
116265 116563
116503 116766
116960 117183
117330 117586
117727 118019
118209 118468
118235 118462
118431 118685
118651 118937
118825 119082
118868 119078
119194 119464
119384 119678
119812 120066
119887 120104
120251 120528
120263 120554
120521 120754
120627 120853
120905 121187
121183 121464
121416 121651
121513 121734
121630 121900
121874 122165
121899 122144
122005 122222
122058 122329
122197 122489
122327 122553
122495 122711
122841 123124
122872 123160
123008 123262
123467 123698
123558 123827
124037 124310
124084 124333
124219 124454
124244 124508
124588 124866
124781 125033
125028 125267
125485 125744
125606 125870
126028 126284
126166 126410
126465 126725
126937 127203
127351 127602
127712 127957
127846 128112
128004 128276
128055 128310
128519 128770
128533 128788
128946 129208
129332 129583
129377 129632
129558 129815
129644 129899
129981 130230
130188 130447
130431 130693
130491 130736
130601 130849
130909 131171
131041 131303
131204 131456
131459 131695
131834 132107
132069 132347
132189 132429
132667 132912
132844 133126
132919 133191
133245 133478
133668 133912
133777 134052
134020 134283
134195 134435
134328 134566
134419 134682
134822 135099
135312 135563
135630 135861
135715 135983
135796 136079
136201 136441
136569 136805
137013 137285
137100 137365
137119 137360
137560 137815
137597 137872
137806 138055
138007 138236
138497 138770
138873 139157
139257 139500
139573 139800
139679 139957
139755 140035
140056 140290
140103 140323
140140 140416
140276 140581
140696 140933
141147 141370
141379 141654
141841 142131
142004 142247
142117 142343
142539 142808
142956 143250
142958 143221
143177 143384
143592 143844
143632 143929
143644 143886
144130 144344
144348 144620
144479 144764
144977 145217
145142 145362
145200 145484
145272 145563
145462 145684
145506 145726
145877 146166
146080 146360
146266 146499
146341 146588
146349 146634
146494 146756
146613 146846
146906 147153
146948 147217
147270 147534
147562 147817
148024 148282
148332 148595
148481 148727
148770 149018
149119 149392
149278 149553
149487 149740
149875 150117
150102 150356
150481 150752
150894 151157
151371 151616
151633 151889
151891 152157
152015 152269
152398 152649
152456 152725
152499 152759
152957 153193
153181 153437
153604 153869
154037 154298
154130 154374
154622 154876
154768 155044
154907 155170
155079 155316
155484 155734
155675 155953
156085 156349
156093 156331
156411 156658
156879 157151
156886 157153
156972 157210
157166 157405
157552 157821
158027 158309
158263 158510
158563 158801
158861 159117
159188 159448
159614 159879
159690 159945
160064 160312
160380 160644
160562 160832
160912 161152
161131 161373
161275 161544
161358 161623
161810 162052
162158 162401
162336 162597
162356 162632
162447 162699
162705 162954
163044 163302
163523 163793
163850 164109
164276 164509
164479 164742
164526 164809
164767 165012
164911 165147
165235 165499
165615 165895
166108 166355
166530 166764
166738 167007
167037 167320
167160 167406
167434 167657
167859 168123
167918 168203
168271 168516
168283 168512
168475 168738
168734 169011
168873 169132
168995 169223
169338 169589
169670 169951
169959 170222
170077 170308
170148 170395
170397 170679
170419 170690
170442 170664
170675 170915
170835 171122
171305 171579
171449 171679
171739 171974
172185 172461
172451 172738
172937 173172
173315 173539
173803 174081
174165 174455
174323 174548
174334 174553
174824 175094
175173 175457
175450 175689
175723 175952
175814 176089
176231 176520
176644 176872
176682 176900
176973 177257
177063 177361
177194 177421
177268 177489
177344 177633
177788 178088
178180 178407
178410 178612
178692 178976
178749 179062
178804 179047
179233 179429
179402 179671
179783 180095
180254 180492
180734 180947
181047 181321
181544 181832
181721 181971
181746 181964
182024 182292
182308 182611
182658 182900
182680 182893
182923 183190
183242 183533
183579 183821
183799 184030
184219 184483
184570 184853
184746 185002
184846 185074
185247 185495
185539 185821
185667 185928
185819 186044
185858 186115
185907 186197
186025 186296
186138 186369
186587 186835
186749 187036
187123 187390
187393 187621
187415 187653
187870 188154
188068 188351
188147 188392
188330 188568
188803 189075
188889 189162
188987 189223
189302 189549
189334 189628
189405 189669
189796 190018
189907 190169
189977 190264
190248 190491
190504 190733
190752 191018
190892 191180
191141 191385
191264 191494
191642 191893
191686 191968
191982 192246
192305 192537
192686 192945
192779 193064
192987 193236
193486 193711
193756 194019
193797 194083
194079 194325
194372 194599
194388 194649
194650 194938
194693 194933
194772 195003
194970 195244
195105 195400
195522 195767
195962 196181
196029 196296
196112 196412
196398 196632
196767 196981
196999 197263
197344 197643
197399 197653
197763 197980
197864 198118
198206 198499
198366 198632
198517 198742
198700 198947
199127 199410
199165 199432
199629 199865
199776 200027
200072 200355
200115 200379
200366 200592
200535 200773
200783 201069
201097 201374
201589 201812
201655 201889
202119 202414
202212 202491
202236 202455
202240 202470
202448 202756
202911 203188
203277 203478
203324 203562
203541 203844
203623 203913
204023 204239
204181 204416
204223 204516
204722 204995
204892 205114
205071 205313
205317 205606
205463 205730
205866 206086
206058 206301
206470 206753
206481 206762
206649 206877
207106 207339
207253 207550
207515 207800
207706 207920
208165 208407
208614 208904
209032 209313
209453 209670
209693 209925
210080 210387
210264 210544
210535 210734
210888 211109
211220 211547
211399 211683
211748 211925
211751 211975
211950 212278
212237 212520
212371 212558
212758 212986
212816 213131
212933 213221
213010 213206
213125 213352
213212 213534
213421 213692
213898 214085
214175 214414
214514 214846
214854 215139
214990 215175
215040 215268
215100 215429
215258 215549
215656 215828
216084 216309
216283 216625
216573 216852
217069 217245
217436 217666
217628 217953
218064 218340
218275 218486
218621 218864
218788 219090
218999 219277
219140 219355
219232 219458
219527 219815
219543 219844
219762 220004
219787 220000
219803 220084
220133 220427
220341 220570
220695 220922
220954 221246
221263 221548
221733 221953
221823 222052
222047 222338
222533 222822
222611 222844
223032 223257
223425 223706
223813 224113
224182 224418
224414 224630
224635 224910
224791 225093
225089 225328
225518 225732
225604 225883
225923 226222
226185 226429
226421 226617
226713 226988
226989 227312
227044 227273
227051 227245
227078 227371
227274 227586
227463 227694
227710 227907
227909 228200
228011 228330
228013 228252
228270 228464
228576 228846
228966 229273
229072 229307
229504 229698
229614 229888
229920 230245
230156 230402
230442 230639
230572 230841
231036 231351
231255 231503
231612 231827
232080 232341
232313 232615
232477 232735
232647 232862
232733 232979
233020 233316
233233 233485
233620 233831
233920 234180
234386 234692
234424 234680
234529 234733
234544 234808
234722 235030
234923 235169
235314 235536
235469 235739
235715 236004
235906 236145
236039 236273
236108 236390
236534 236813
236901 237127
237394 237622
237808 238091
237859 238147
237938 238167
237945 238177
237992 238279
238238 238528
238697 238928
239067 239299
239304 239596
239404 239685
239775 240002
240132 240367
240140 240437
240533 240806
240677 240881
240863 241099
241278 241586
241528 241802
241734 241935
241875 242117
242304 242617
242551 242812
242717 242917
242989 243238
243036 243342
243253 243518
243717 243922
244177 244423
244337 244624
244598 244858
244639 244860
244674 244928
244742 245035
245068 245316
245312 245539
245787 246060
246148 246440
246209 246449
246537 246763
246697 246956
247160 247441
247196 247457
247325 247558
247817 248058
247911 248184
248201 248462
248208 248451
248364 248629
248607 248869
249092 249338
249341 249590
249344 249620
249715 249987
250090 250331
250179 250428
250575 250846
251022 251277
251175 251424
251639 251889
251939 252205
252416 252692
252472 252711
252919 253167
252933 253215
253293 253567
253690 253915
253870 254106
254194 254474
254315 254592
254725 254967
255133 255367
255507 255778
255643 255919
256090 256335
256314 256554
256371 256639
256667 256933
257065 257306
257549 257796
257940 258209
258436 258688
258467 258706
258692 258946
258745 259007
258976 259236
259378 259645
259689 259947
260090 260339
260202 260454
260332 260584
260585 260847
260775 261045
260800 261053
261183 261420
261390 261648
261539 261799
261728 261982
262164 262408
262209 262472
262679 262951
262974 263221
263081 263306
263264 263534
263655 263935
263982 264225
264188 264426
264420 264692
264655 264923
265030 265277
265517 265766
265640 265918
265841 266094
266043 266273
266208 266482
266541 266818
266821 267062
266824 267056
267319 267586
267723 268003
267942 268191
267995 268232
268406 268678
268863 269139
268940 269183
269339 269577
269570 269835
270017 270299
270357 270617
270708 270942
270914 271168
271128 271409
271567 271831
271595 271824
271959 272210
272337 272622
272520 272779
272721 272954
272804 273066
272952 273228
273116 273378
273178 273416
273272 273529
273387 273658
273485 273724
273961 274204
274143 274409
274216 274492
274434 274679
274581 274840
274770 275033
275066 275315
275428 275663
275845 276109
276024 276311
276225 276482
276368 276604
276567 276825
277022 277297
277454 277713
277790 278032
277938 278191
277950 278226
278126 278379
278281 278525
278736 279009
279102 279361
279408 279646
279697 279954
279928 280209
280074 280328
280338 280583
280631 280887
280832 281097
281008 281267
281039 281284
281411 281670
281803 282065
282109 282363
282247 282512
282702 282947
282906 283145
283117 283383
283469 283744
283713 283952
284060 284304
284205 284464
284606 284880
284889 285141
285286 285527
285718 285975
286086 286371
286176 286433
286553 286778
286571 286821
286635 286908
287048 287306
287307 287529
287420 287663
287709 288003
287952 288207
288388 288604
288611 288864
288669 288952
288760 289032
288875 289109
289171 289411
289193 289476
289670 289946
290038 290270
290411 290651
290647 290930
290678 290961
291032 291262
291322 291543
291770 292051
292092 292388
292529 292752
292734 292953
292900 293180
292959 293252
293358 293595
293540 293765
294037 294312
294233 294511
294721 294958
294741 294968
294964 295234
295423 295725
295660 295903
295676 295890
295679 295952
295917 296217
295991 296234
296214 296427
296386 296658
296437 296737
296863 297107
297319 297517
297588 297851
297902 298207
298107 298357
298406 298615
298728 298985
299096 299392
299448 299702
299668 299883
299865 300109
300248 300551
300348 300627
300606 300819
300982 301223
301256 301560
301432 301708
301831 302036
301867 302117
302166 302467
302208 302465
302214 302431
302609 302859
302969 303257
303433 303689
303649 303873
304125 304377
304163 304461
304257 304540
304466 304673
304643 304882
304838 305141
304960 305234
304967 305171
304991 305227
305447 305756
305583 305874
306059 306256
306302 306518
306482 306799
306977 307265
307071 307261
307193 307414
307549 307886
307929 308221
308353 308534
308482 308699
308629 308954
308641 308948
308733 308925
308879 309096
309207 309529
309599 309895
310060 310252
310154 310368
310634 310940
310726 311018
310763 310979
311234 311461
311592 311890
311694 311980
311800 312028
312286 312510
312635 312925
312848 313134
313070 313278
313289 313516
313486 313784
313983 314251
314250 314458
314729 314984
314972 315290
315426 315679
315760 315957
316206 316470
316595 316905
316633 316878
316889 317089
316981 317239
317280 317600
317327 317581
317665 317851
317783 318047
318242 318579
318542 318801
318908 319084
319343 319601
319794 320124
319883 320137
320348 320528
320373 320634
320745 321077
321126 321376
321286 321475
321660 321917
321665 321980
321831 322073
321922 322126
322420 322690
322893 323188
323160 323401
323434 323666
323512 323778
323919 324193
324156 324412
324309 324546
324568 324831
325038 325312
325487 325731
325680 325910
325964 326233
326293 326572
326730 326962
327211 327454
327251 327537
327622 327897
327862 328089
327925 328172
328040 328322
328041 328294
328238 328470
328613 328871
328745 329027
329216 329476
329485 329703
329961 330218
330177 330479
330589 330844
330686 330905
331119 331372
331373 331661
331704 331957
331898 332132
332108 332366
332192 332457
332470 332722
332731 332975
333208 333457
333226 333492
333434 333704
333740 333984
334033 334273
334384 334653
334429 334699
334546 334803
335028 335270
335057 335305
335493 335769
335743 335991
336095 336325
336495 336753
336914 337209
337264 337520
337471 337697
337950 338209
338180 338476
338598 338841
338985 339205
339240 339505
339660 339942
339661 339899
340078 340314
340521 340799
340925 341203
341294 341538
341384 341606
341540 341798
341572 341867
341821 342085
342082 342306
342133 342369
342173 342457
342416 342681
342793 343008
342952 343198
343055 343359
343227 343492
343270 343479
343300 343554
343466 343766
343749 344012
344089 344313
344241 344494
344612 344902
344629 344880
344784 345007
345242 345497
345695 345991
345816 346081
346201 346426
346351 346585
346637 346927
346975 347240
347313 347548
347626 347873
347922 348196
348163 348428
348472 348710
348971 349210
349183 349453
349389 349668
349855 350107
349959 350190
350171 350426
350630 350913
350732 350991
350836 351060
350843 351087
350916 351192
351378 351639
351381 351611
351486 351723
351706 351999
352122 352398
352356 352575
352464 352704
352650 352941
353131 353412
353619 353842
353785 354023
354269 354559
354556 354835
354591 354804
354600 354844
354925 355229
355057 355337
355386 355586
355654 355884
355916 356230
356402 356681
356747 356940
356804 357036
356938 357261
356968 357240
357098 357286
357559 357806
357783 358109
358132 358396
358169 358363
358580 358828
358779 359092
359061 359332
359339 359535
359829 360067
359930 360249
360199 360487
360368 360563
360610 360835
360780 361098
361165 361439
361553 361748
361851 362096
362047 362360
362337 362619
362673 362875
362981 363215
363450 363764
363904 364181
364389 364579
364478 364713
364972 365280
365407 365683
365857 366063
365980 366209
366406 366707
366486 366756
366959 367179
367082 367338
367281 367573
367299 367549
367656 367884
367665 367936
367781 368070
367948 368206
368370 368584
368555 368803
368737 369026
368910 369177
369263 369490
369449 369693
369561 369839
369684 369955
369948 370189
369982 370230
370120 370390
370165 370431
370435 370672
370932 371180
371137 371413
371457 371725
371493 371740
371618 371859
371683 371946
372068 372347
372139 372390
372342 372577
372596 372843
372912 373183
373312 373586
373334 373588
373570 373814
373976 374239
374112 374380
374406 374649
374544 374790
374841 375108
375071 375350
375160 375391
375375 375600
375684 375963
375805 376106
375961 376203
376123 376337
376393 376675
376408 376708
376832 377061
376986 377205
377249 377529
377326 377606
377817 378058
378125 378357
378144 378412
378367 378660
378550 378794
378675 378891
379122 379382
379216 379500
379281 379536
379719 379945
379868 380130
380052 380339
380128 380379
380294 380527
380654 380929
381083 381364
381517 381750
381801 382022
381840 382107
381992 382279
382107 382354
382160 382387
382382 382654
382535 382818
382707 382952
382783 383014
383204 383475
383216 383494
383689 383929
383797 384039
384223 384492
384500 384762
384606 384854
384823 385078
385069 385343
385495 385765
385585 385820
385831 386075
385857 386140
386244 386507
386532 386769
386657 386900
386956 387239
387298 387571
387342 387559
387419 387667
387709 388003
388088 388360
388144 388378
388482 388726
388583 388867
388865 389139
389157 389386
389173 389414
389607 389889
389785 390063
390191 390438
390517 390766
390713 390984
390899 391173
391197 391445
391444 391682
391466 391731
391690 391973
391982 392240
392067 392292
392437 392691
392833 393130
392851 393108
392968 393181
393087 393338
393133 393420
393508 393765
393803 394029
394063 394319
394247 394530
394555 394824
394872 395109
395258 395507
395439 395712
395687 395953
396124 396373
396244 396485
396578 396845
396824 397092
396847 397097
397319 397564
397737 397999
398024 398289
398162 398423
398271 398512
398414 398664
398728 399006
399222 399503
399700 399938
399924 400161
400249 400524
400728 401007
400921 401162
400923 401150
401052 401314
401534 401812
401640 401899
401974 402215
402017 402264
402164 402424
402270 402536
402736 402984
403197 403448
403424 403695
403923 404188
404354 404607
404419 404661
404547 404820
404608 404866
405023 405285
405249 405503
405340 405582
405578 405856
405721 405986
406038 406278
406327 406581
406568 406840
406835 407084
407119 407370
407460 407713
407519 407776
407786 408046
408275 408536
408543 408790
408819 409059
409231 409498
409309 409575
409339 409590
409554 409798
409633 409890
409724 409993
410083 410346
410310 410557
410439 410696
410783 411036
411147 411412
411415 411679
411858 412101
411916 412159
412264 412524
412753 413020
412809 413065
412862 413111
413282 413527
413448 413705
413669 413940
413988 414249
414104 414344
414542 414793
414618 414888
414719 414977
414789 415033
414947 415208
415319 415582
415687 415934
416048 416297
416097 416350
416286 416542
416602 416867
416973 417238
417214 417469
417374 417636
417627 417884
417748 418009
418195 418459
418664 418904
418965 419222
419335 419603
419778 420024
419861 420106
420215 420477
420553 420830
420869 421120
421197 421438
421325 421581
421440 421716
421531 421791
421699 421945
422049 422298
422234 422495
422481 422753
422567 422822
422895 423146
423211 423475
423290 423559
423633 423881
423893 424136
424003 424257
424104 424373
424602 424855
424691 424922
425006 425264
425385 425668
425737 425978
426158 426395
426471 426744
426921 427208
427238 427488
427693 427915
427813 428083
428094 428395
428283 428527
428699 428924
428871 429146
429070 429338
429256 429494
429366 429616
429547 429822
429722 429984
429774 430028
430126 430383
430516 430773
430792 431055
431146 431413
431248 431513
431370 431627
431514 431759
431724 431983
432072 432339
432369 432630
432581 432829
432624 432895
433097 433353
433356 433595
433834 434102
433897 434152
434225 434472
434326 434572
434539 434809
434864 435129
435037 435292
435154 435408
435403 435655
435516 435775
435945 436203
436144 436390
436239 436496
436458 436708
436932 437181
437056 437311
437421 437691
437857 438109
438339 438576
438519 438773
438580 438854
439071 439334
439361 439592
439642 439904
439649 439928
439919 440169
440321 440552
440346 440606
440797 441095
440959 441207
441136 441344
441364 441617
441666 441967
442047 442309
442215 442433
442669 442922
442810 443117
442984 443238
443400 443598
443695 443953
444093 444400
444571 444833
444988 445190
445441 445694
445704 446012
446010 446268
446156 446356
446312 446563
446593 446908
446752 447010
446774 446977
446929 447183
447057 447361
447529 447793
447687 447907
447769 448026
448186 448479
448562 448806
449006 449236
449353 449631
449602 449890
449733 449963
449877 450101
450027 450301
450402 450691
450492 450722
450532 450765
450729 451009
451125 451403
451350 451582
451817 452055
452049 452322
452316 452585
452429 452665
452776 453015
453067 453343
453463 453747
453659 453892
453809 454031
453976 454256
454105 454388
454191 454423
454299 454515
454734 455004
454816 455109
454826 455070
454869 455083
455129 455396
455265 455562
455540 455792
455854 456053
455867 456132
456032 456335
456063 456310
456525 456744
456684 456944
457028 457318
457334 457583
457674 457897
458030 458295
458263 458551
458532 458775
458685 458904
458913 459173
459193 459482
459647 459902
459765 460002
460237 460492
460421 460701
460437 460691
460650 460898
460768 461016
461263 461530
461560 461818
462010 462251
462254 462505
462460 462729
462727 462988
463150 463395
463631 463883
463936 464196
464188 464458
464290 464542
464669 464907
464764 465030
465222 465500
465363 465606
465696 465921
465857 466136
466022 466303
466348 466583
466517 466746
466669 466948
466905 467179
467018 467252
467143 467386
467445 467729
467783 468056
468015 468253
468036 468274
468087 468354
468483 468757
468664 468910
468730 468978
469135 469404
469527 469780
469561 469800
469864 470120
470105 470379
470275 470540
470286 470519
470652 470898
471007 471289
471449 471724
471845 472075
472091 472323
472474 472758
472891 473164
473069 473299
473358 473598
473816 474092
474301 474579
474630 474860
475096 475335
475482 475771
475662 475929
475779 476009
475831 476068
475963 476248
476109 476384
476188 476422
476452 476685
476761 477037
477094 477375
477574 477806
477756 477995
478121 478397
478503 478783
478754 479005
479010 479238
479194 479444
479642 479922
479741 480005
480187 480413
480276 480525
480290 480571
480719 480988
480951 481188
481288 481530
481488 481769
481652 481927
482052 482298
482353 482592
482507 482776
482954 483226
482965 483207
483395 483631
483816 484081
484047 484322
484084 484319
484520 484752
484589 484863
484714 484991
485012 485247
485482 485726
485839 486118
486042 486304
486191 486431
486434 486680
486526 486801
487020 487295
487157 487399
487460 487702
487715 487988
488040 488301
488397 488651
488600 488852
488881 489133
489228 489482
489485 489750
489887 490139
490114 490367
490495 490746
490499 490747
490797 491072
491221 491482
491655 491893
491840 492078
492013 492287
492445 492714
492790 493028
493180 493415
493392 493663
493438 493701
493486 493740
493831 494083
494059 494322
494544 494800
494683 494924
494762 495014
494810 495086
495189 495435
495261 495496
495346 495608
495767 496051
496133 496373
496490 496723
496533 496819
496784 497060
496855 497079
497062 497300
497536 497809
497703 497975
498165 498395
498660 498900
499132 499404
499292 499588
499508 499748
499839 500064
500130 500395
500511 500801
500906 501157
501093 501306
501421 501678
501503 501801
501895 502133
502065 502274
502299 502574
502465 502765
502669 502910
502712 502914
502919 503181
503175 503481
503614 503872
503961 504163
504216 504485
504520 504832
504598 504828
504730 504928
504837 505128
504866 505178
505188 505415
505612 505810
505644 505922
505721 506040
505888 506128
506102 506303
506228 506501
506294 506609
506777 507014
507013 507204
507391 507673
507534 507849
507697 507931
507964 508156
508029 508313
508435 508742
508762 508987
508776 508984
509233 509517
509481 509781
509669 509887
510076 510303
510134 510431
510250 510535
510671 510875
511017 511250
511240 511537
511711 511992
512009 512220
512474 512716
512845 513148
512870 513145
513151 513351
513571 513795
513617 513912
513687 513967
513725 513946
513913 514142
514024 514302
514251 514531
514267 514514
514544 514790
514609 514894
515030 515297
515354 515587
515515 515757
515745 516027
515779 516048
516185 516416
516382 516627
516597 516874
516704 516968
517147 517386
517393 517636
517443 517725
517680 517939
517950 518180
517959 518223
518026 518318
518232 518481
518414 518637
518878 519149
519321 519614
519667 519922
519993 520227
520422 520661
520542 520822
520681 520957
520905 521137
521093 521333
521440 521724
521642 521899
521869 522102
522081 522341
522200 522468
522351 522591
522446 522679
522899 523161
523226 523510
523667 523923
523795 524027
524136 524400
524353 524639
524729 524969
525095 525328
525291 525572
525425 525708
525605 525830
526101 526323
526369 526659
526839 527124
527314 527530
527499 527722
527649 527929
527777 528064
528242 528478
528586 528815
528899 529173
529086 529366
529416 529649
529512 529747
529969 530256
530190 530472
530543 530782
530777 531008
531086 531364
531371 531642
531759 532000
532081 532322
532453 532717
532663 532929
532873 533124
533353 533595
533473 533730
533968 534236
534075 534355
534349 534599
534506 534746
534698 534968
535155 535431
535374 535630
535715 535944
535818 536090
536175 536457
536477 536729
536738 536961
537078 537345
537379 537647
537566 537819
537700 537940
537744 537995
538157 538423
538197 538456
538591 538824
539020 539274
539465 539741
539710 539982
539852 540094
540061 540292
540425 540703
540844 541128
541277 541516
541376 541610
541389 541666
541765 542047
542112 542349
542183 542413
542578 542862
543039 543313
543070 543309
543548 543797
543858 544127
543997 544271
544080 544327
544332 544574
544816 545077
545153 545417
545313 545557
545659 545915
545918 546187
546098 546359
546125 546363
546431 546694
546479 546754
546713 546952
547121 547372
547456 547717
547937 548189
548395 548646
548875 549131
549314 549581
549568 549831
549593 549832
550065 550329
550167 550426
550475 550726
550810 551060
550992 551243
551244 551507
551313 551581
551732 551980
551968 552212
552158 552420
552222 552504
552317 552568
552557 552784
552817 553085
553257 553546
553648 553896
553908 554132
554281 554543
554591 554874
554844 555103
555033 555268
555417 555667
555742 556009
556230 556499
556668 556921
556754 556990
557195 557462
557396 557682
557605 557855
557715 557942
558164 558417
558289 558570
558706 558961
558958 559181
559412 559669
559756 560031
560065 560329
560539 560781
560574 560820
560838 561100
561208 561472
561585 561840
561715 561968
561910 562165
562120 562381
562565 562801
562912 563161
563064 563347
563516 563788
563973 564199
564111 564352
564382 564656
564735 565009
564952 565192
564963 565186
565223 565485
565519 565809
565875 566130
565989 566210
566096 566354
566515 566810
566988 567230
567449 567671
567457 567728
567767 568046
568038 568283
568133 568365
568381 568633
568725 569007
568730 568987
568821 569057
568857 569109
569006 569282
569172 569433
569562 569813
570040 570286
570352 570611
570621 570887
571097 571360
571387 571631
571772 572021
571961 572205
571965 572236
572277 572549
572454 572682
572873 573117
573059 573340
573354 573621
573826 574062
574242 574482
574419 574696
574450 574721
574902 575144
575378 575632
575741 576005
576013 576272
576470 576731
576488 576732
576603 576850
576948 577209
577221 577489
577472 577722
577686 577936
577787 578048
578261 578527
578303 578551
578706 578963
579134 579411
579326 579592
579589 579839
579718 579961
580005 580264
580386 580658
580682 580927
580953 581202
581194 581453
581533 581804
581895 582155
582009 582255
582137 582371
582402 582674
582793 583063
583128 583369
583369 583612
583763 584041
584019 584275
584093 584335
584584 584839
584667 584932
584679 584937
584994 585249
585259 585516
585306 585567
585781 586050
586185 586443
586497 586745
586537 586779
586950 587216
587169 587436
587643 587878
587953 588193
588001 588281
588278 588555
588619 588850
588752 588992
588870 589146
589156 589430
589565 589802
589650 589878
590009 590290
590098 590390
590422 590660
590508 590733
590704 590977
590992 591269
591447 591696
591747 591989
592065 592324
592538 592800
592856 593103
593133 593386
593616 593889
594086 594347
594402 594651
594477 594725
594633 594895
595004 595262
595472 595711
595744 595990
595828 596090
596278 596546
596475 596723
596938 597190
597165 597436
597313 597568
597729 597976
598222 598476
598531 598804
598559 598820
598822 599054
599107 599360
599166 599450
599406 599654
599605 599833
599782 600059
600092 600370
600277 600498
600404 600638
600634 600927
601124 601404
601312 601543
601333 601576
601447 601722
601544 601816
601550 601793
601767 602007
602154 602430
602478 602750
602822 603057
603146 603393
603444 603715
603489 603760
603959 604208
604436 604673
604884 605142
605027 605309
605437 605691
605591 605832
605996 606255
606292 606563
606751 607004
606839 607094
606967 607235
607185 607448
607563 607792
607921 608176
608211 608500
608240 608495
608288 608507
608547 608799
608960 609256
609286 609550
609747 609973
610064 610326
610258 610553
610726 610983
611161 611381
611339 611598
611474 611761
611625 611881
611666 611888
611823 612067
611925 612226
612150 612418
612316 612533
612691 612945
612928 613210
613115 613371
613267 613494
613767 614032
614205 614487
614365 614624
614529 614759
614547 614803
614567 614839
615048 615298
615267 615527
615503 615762
615517 615770
615838 616093
615895 616176
615956 616214
615961 616187
616239 616493
616513 616792
616609 616865
616736 616969
617176 617436
617377 617657
617586 617840
618056 618284
618369 618618
618410 618695
618686 618948
619061 619292
619159 619408
619568 619847
619720 619986
619965 620205
620421 620651
620919 621200
620945 621231
621155 621399
621389 621612
621881 622150
621886 622181
622282 622522
622624 622856
623101 623374
623526 623802
623730 623970
623788 624027
624010 624284
624138 624409
624167 624416
624549 624791
624615 624882
624908 625179
625401 625645
625504 625748
625849 626117
626026 626290
626291 626529
626338 626600
626438 626705
626887 627155
626913 627147
626920 627166
626927 627199
627224 627485
627341 627582
627663 627910
628139 628416
628302 628565
628575 628806
629009 629267
629345 629639
629549 629799
629994 630209
630113 630373
630180 630468
630405 630652
630806 631040
631253 631512
631513 631782
631983 632238
632056 632307
632261 632518
632728 632993
632898 633163
633298 633530
633344 633601
633713 634000
633813 634069
633954 634170
634281 634553
634603 634912
635059 635293
635166 635380
635275 635546
635400 635703
635426 635668
635912 636125
636169 636431
636225 636520
636467 636722
636720 636941
636831 637090
637070 637356
637087 637347
637484 637716
637650 637895
637858 638130
637946 638207
638001 638242
638477 638726
638628 638903
638711 638974
639177 639407
639447 639688
639717 640001
640126 640408
640621 640835
641025 641255
641169 641466
641516 641791
641834 642059
642026 642271
642505 642792
642792 643049
643126 643354
643305 643562
643561 643834
643579 643830
643603 643839
643715 643969
644028 644313
644140 644412
644192 644420
644283 644520
644544 644818
644915 645189
644994 645223
645232 645463
645577 645861
645950 646225
646250 646484
646525 646765
646781 647055
646895 647168
647191 647429
647251 647493
647685 647958
648070 648332
648481 648722
648742 648987
648803 649064
648938 649196
649129 649360
649189 649443
649256 649535
649605 649861
649803 650032
649870 650124
650214 650504
650246 650499
650417 650645
650529 650795
650843 651124
650984 651235
651020 651252
651518 651777
651860 652145
652131 652385
652547 652773
652781 653036
653090 653372
653245 653503
653656 653888
654005 654248
654086 654367
654538 654803
654591 654821
654976 655223
655010 655287
655089 655360
655265 655495
655535 655791
656003 656286
656050 656307
656404 656640
656716 656965
657215 657479
657560 657833
657949 658193
658443 658684
658524 658796
658789 659061
658903 659133
659116 659358
659132 659397
659531 659793
659951 660213
660223 660479
660370 660621
660373 660639
660477 660728
660811 661068
661193 661453
661408 661658
661626 661878
661686 661945
662027 662300
662144 662401
662465 662702
662841 663100
662970 663247
663138 663400
663335 663571
663753 664010
663980 664256
664195 664449
664268 664494
664740 664999
665175 665457
665399 665644
665534 665769
665609 665871
665772 666039
666237 666492
666339 666596
666426 666683
666800 667055
667235 667493
667307 667568
667595 667849
667973 668228
668443 668707
668906 669169
669397 669648
669869 670122
669903 670163
670296 670555
670668 670923
670960 671223
671351 671622
671447 671695
671737 671997
671986 672255
672094 672343
672189 672440
672219 672480
672564 672818
672949 673204
673020 673280
673435 673696
673923 674177
674164 674427
674471 674730
674692 674956
674733 674981
675042 675283
675053 675315
675218 675493
675288 675541
675517 675762
675547 675811
675881 676138
676353 676601
676654 676903
676859 677118
677179 677440
677507 677761
677653 677911
677897 678159
677977 678234
678214 678472
678582 678828
678832 679086
679101 679375
679585 679846
679966 680199
680378 680633
680787 681065
681078 681336
681341 681576
681494 681751
681699 681975
681841 682105
682079 682312
682412 682667
682877 683162
683353 683610
683508 683734
683991 684245
684311 684596
684432 684700
684740 684967
684960 685208
685362 685646
685477 685744
685907 686144
685994 686250
686058 686334
686499 686755
686576 686807
686735 687001
686959 687235
687003 687248
687434 687666
687647 687907
687744 688018
688008 688263
688289 688526
688460 688719
688487 688759
688788 689053
688857 689088
689071 689318
689444 689715
689699 689969
690112 690365
690578 690829
691007 691272
691467 691726
691747 691980
691993 692255
692130 692403
692189 692436
692687 692935
692773 693037
693268 693532
693686 693934
693865 694115
694181 694458
694430 694704
694580 694821
695063 695301
695356 695621
695739 696016
696010 696251
696113 696339
696584 696865
696711 696999
696857 697088
697247 697461
697289 697567
697737 698039
697937 698167
698309 698523
698499 698777
698584 698883
698766 699003
699215 699432
699382 699667
699721 700018
699767 699997
699792 700010
699828 700112
700209 700514
700410 700651
700547 700763
701011 701283
701325 701627
701472 701716
701847 702058
702257 702512
702261 702558
702575 702831
702609 702837
702807 703076
703204 703492
703627 703872
704014 704247
704255 704520
704669 704961
704918 705164
704939 705160
705430 705695
705564 705872
705922 706185
706396 706605
706479 706743
706730 707046
707144 707393
707215 707409
707517 707773
707532 707841
707807 708071
707822 708019
708153 708404
708359 708679
708457 708733
708735 708946
709145 709391
709596 709893
709749 710030
710008 710224
710467 710698
710908 711193
711158 711443
711224 711454
711503 711738
711722 712006
712133 712404
712435 712666
712803 713053
713183 713467
713678 713926
713791 714016
714247 714507
714541 714831
714623 714874
714824 715044
715136 715414
715633 715913
716089 716320
716232 716479
716567 716853
716780 717042
716861 717091
716862 717124
717149 717421
717306 717565
717799 718035
718174 718437
718463 718731
718621 718866
718916 719170
719200 719456
719562 719823
719650 719902
719922 720169
719923 720179
719930 720195
720263 720523
720571 720819
720890 721142
720934 721193
721204 721464
721253 721500
721261 721529
721562 721825
721745 721991
721889 722137
722383 722640
722854 723128
723156 723407
723193 723424
723322 723587
723769 724070
723804 724055
724094 724300
724180 724439
724345 724654
724580 724823
724805 725015
725109 725378
725291 725594
725742 725976
726015 726220
726235 726506
726382 726689
726798 727034
727176 727406
727643 727912
727752 728040
727968 728214
728143 728356
728569 728832
728693 728992
728956 729208
728973 729202
729388 729658
729442 729734
729885 730126
730001 730222
730290 730560
730664 730937
730956 731199
731026 731260
731302 731564
731778 732058
732087 732333
732378 732607
732435 732704
732679 732964
732858 733098
732929 733175
733109 733380
733423 733686
733830 734074
734137 734379
734575 734836
734631 734890
734941 735181
735122 735381
735285 735556
735592 735834
735762 736011
736199 736488
736533 736788
736989 737212
737444 737694
737836 738122
738277 738555
738600 738812
739038 739264
739420 739728
739427 739713
739503 739711
739991 740217
740483 740777
740818 741102
741260 741479
741590 741828
741821 742109
742062 742346
742473 742699
742681 742910
742910 743194
743150 743429
743607 743841
743617 743864
743877 744152
744173 744447
744565 744803
744633 744880
745123 745397
745259 745529
745390 745635
745482 745728
745653 745910
745867 746123
746353 746613
746754 747024
746848 747104
747136 747375
747463 747709
747715 747982
747986 748272
748082 748321
748537 748766
748788 749058
748875 749160
748959 749214
749371 749601
749818 750085
750167 750444
750639 750886
750689 750921
751156 751413
751405 751690
751750 752013
752045 752272
752219 752471
752715 753001
752872 753138
753187 753417
753393 753631
753417 753697
753673 753955
753782 754017
753824 754051
754093 754362
754351 754638
754398 754641
754613 754831
755104 755380
755185 755493
755403 755635
755521 755721
755921 756203
756053 756358
756224 756448
756558 756764
756951 757236
757134 757446
757461 757687
757829 758037
758096 758372
758146 758459
758471 758706
758880 759080
759009 759279
759456 759773
759602 759852
759609 759802
759900 760157
760124 760441
760134 760387
760311 760502
760660 760913
760764 761086
761045 761310
761197 761388
761690 761932
762109 762423
762158 762436
762476 762683
762559 762786
762620 762922
762946 763221
763097 763303
763448 763685
763806 764112
764065 764346
764402 764611
764466 764708
764928 765224
765274 765543
765770 765993
765897 766138
765967 766246
766064 766333
766076 766291
766568 766828
767064 767363
767458 767721
767643 767860
768043 768297
768334 768628
768637 768905
768856 769084
768970 769205
769075 769366
769509 769798
769639 769857
770061 770272
770517 770816
770717 771019
770828 771061
771278 771506
771418 771705
771845 772125
772093 772321
772133 772375
772458 772739
772647 772915
772716 772943
772992 773242
773342 773620
773821 774083
773977 774203
773988 774232
774339 774625
774517 774803
774614 774859
775044 775273
775502 775764
776000 776283
776028 776274
776092 776314
776147 776413
776261 776547
776474 776729
776752 776987
777023 777285
777163 777443
777592 777859
777868 778092
778031 778291
778510 778798
778572 778827
778707 778930
778856 779115
779235 779539
779709 779960
779847 780053
780282 780534
780626 780930
780962 781216
781325 781537
781444 781708
781627 781927
781959 782200
782138 782365
782555 782808
782630 782922
782699 782970
782761 782983
783077 783327
783369 783652
783704 783975
784009 784240
784349 784600
784632 784914
784969 785233
785457 785693
785754 786005
786001 786269
786271 786545
786767 787005
787075 787306
787530 787802
787768 788056
787790 788024
787858 788089
788070 788344
788342 788624
788648 788883
788683 788913
788726 789019
789107 789382
789180 789385
789539 789763
789961 790251
790247 790533
790428 790664
790612 790835
790941 791218
791124 791421
791327 791568
791821 792037
792015 792287
792488 792782
792751 792993
792877 793104
793048 793329
793311 793598
793600 793831
793635 793861
793888 794172
794333 794614
794437 794667
794814 795050
794932 795210
795145 795438
795495 795726
795627 795857
796116 796395
796144 796413
796504 796738
796893 797127
797291 797569
797692 797971
797720 797947
798032 798256
798113 798391
798351 798655
798753 798985
798834 799060
799138 799416
799633 799916
799923 800155
800084 800319
800570 800854
800958 801235
801221 801454
801592 801838
801976 802260
802116 802371
802237 802457
802280 802534
802744 803044
802917 803164
803019 803243
803112 803380
803399 803686
803776 804027
804172 804413
804299 804569
804425 804696
804805 805042
805294 805545
805587 805852
805750 806013
806096 806355
806145 806405
806575 806833
806790 807042
806847 807089
807101 807360
807246 807521
807282 807538
807560 807796
807911 808169
807934 808219
808344 808610
808547 808775
808754 809001
808891 809174
809188 809446
809462 809682
809872 810130
810332 810619
810523 810775
811006 811229
811015 811275
811323 811621
811698 811951
811868 812084
812343 812600
812529 812814
812712 812971
813191 813428
813321 813576
813560 813822
813806 814059
814282 814529
814465 814718
814744 814998
815207 815477
815262 815523
815516 815752
815857 816098
815984 816249
816152 816429
816541 816801
817009 817246
817171 817420
817623 817890
817778 818039
818117 818368
818227 818487
818692 818949
818973 819226
819455 819715
819693 819954
819854 820111
819991 820257
820449 820708
820648 820909
820779 821018
821096 821343
821244 821509
821325 821596
821575 821831
821585 821837
821613 821859
821615 821858
822064 822330
822156 822417
822532 822770
822910 823150
822934 823204
823147 823408
823186 823443
823271 823527
823702 823968
823713 823965
823875 824128
824308 824577
824648 824905
824893 825136
824989 825233
825467 825736
825670 825939
825844 826087
826097 826342
826518 826790
826878 827151
827188 827438
827627 827864
827854 828103
828011 828281
828149 828410
828398 828643
828879 829127
829160 829431
829258 829537
829569 829807
829737 829988
829757 830034
829872 830131
830078 830314
830412 830688
830877 831151
830906 831140
830980 831217
830981 831262
831042 831324
831533 831752
831702 831946
831902 832210
832207 832471
832449 832658
832582 832831
832893 833179
833093 833354
833277 833508
833313 833556
833755 834058
833782 834053
834025 834234
834209 834447
834427 834737
834855 835117
835293 835497
835395 835654
835894 836204
836064 836325
836130 836330
836211 836472
836354 836660
836780 837029
836957 837162
837188 837446
837495 837802
837618 837877
837713 837912
838099 838362
838273 838592
838279 838532
838509 838698
838921 839166
839052 839365
839512 839770
839576 839783
839915 840165
840258 840556
840706 840977
840798 841017
841048 841291
841120 841430
841469 841718
841822 842011
842163 842417
842575 842897
842594 842853
843091 843287
843493 843740
843642 843948
844088 844343
844282 844490
844711 844966
845109 845405
845588 845842
845738 845958
846111 846366
846129 846409
846559 846814
846952 847183
847362 847626
847793 848077
848009 848244
848194 848415
848439 848728
848526 848813
848714 848944
849090 849313
849456 849731
849763 850052
850054 850300
850338 850568
850742 851001
851055 851345
851375 851625
851673 851891
851916 852173
851998 852291
852130 852382
852592 852809
852959 853229
853240 853522
853539 853782
853917 854142
853962 854253
854129 854418
854201 854423
854314 854534
854632 854918
854905 855197
855380 855605
855855 856077
856007 856295
856260 856546
856703 856926
856944 857180
857362 857650
857643 857924
857661 857901
857840 858076
857891 858160
858336 858599
858666 858909
859051 859291
859389 859660
859734 860003
859779 860024
860261 860532
860348 860617
860668 860896
860842 861085
860972 861259
861199 861457
861576 861805
861955 862211
862226 862513
862654 862916
863007 863226
863231 863477
863530 863811
863956 864229
864245 864470
864269 864509
864347 864634
864623 864894
864745 864965
865161 865410
865487 865773
865541 865794
865864 866102
866120 866379
866189 866469
866515 866784
866673 866910
866936 867176
867194 867462
867311 867582
867723 867966
868170 868424
868467 868723
868518 868766
868933 869182
868991 869258
869143 869410
869630 869886
869739 869992
869980 870216
870465 870727
870873 871143
870959 871216
871068 871301
871086 871346
871404 871660
871586 871848
872046 872305
872218 872479
872689 872949
872884 873135
873272 873514
873312 873570
873454 873709
873932 874184
874309 874554
874562 874828
874610 874888
874860 875110
874861 875096
874908 875183
874953 875232
875234 875463
875670 875905
875834 876125
876028 876304
876308 876539
876520 876761
876561 876838
876813 877079
877066 877302
877220 877465
877668 877946
877863 878141
878100 878337
878115 878355
878374 878651
878758 879032
879194 879434
879296 879539
879439 879713
879474 879751
879557 879791
879747 879987
880159 880441
880403 880687
880473 880699
880662 880887
880971 881262
881429 881727
881911 882128
882040 882264
882073 882363
882545 882835
882775 882992
883145 883370
883482 883780
883729 884029
884154 884380
884270 884499
884323 884594
884343 884624
884583 884827
884708 884946
884944 885208
885273 885542
885329 885588
885729 885964
885857 886105
885897 886160
886298 886565
886626 886884
887046 887289
887360 887612
887512 887777
887787 888050
888236 888494
888394 888631
888483 888729
888746 889030
889206 889465
889405 889640
889550 889810
889597 889862
889757 890012
889906 890157
890286 890541
890292 890568
890705 890964
890726 890969
891170 891430
891407 891674
891463 891705
891926 892180
892314 892581
892635 892885
892827 893076
892856 893114
893035 893292
893442 893696
893912 894166
894189 894442
894673 894926
894798 895053
895100 895350
895448 895712
895465 895723
895626 895871
895723 895971
895925 896191
896189 896465
896360 896606
896651 896883
896954 897220
897349 897625
897720 897970
898211 898455
898497 898765
898722 898984
899111 899357
899282 899528
899610 899872
899970 900238
900302 900542
900671 900914
901041 901310
901231 901505
901623 901876
901852 902092
902349 902590
902687 902966
902864 903131
903363 903594
903385 903645
903884 904172
903973 904222
904172 904398
904430 904694
904707 904988
904863 905117
905115 905341
905351 905608
905391 905686
905753 906015
905907 906127
906094 906343
906236 906517
906529 906784
906725 906963
906904 907165
907057 907323
907192 907432
907532 907779
907966 908235
908045 908311
908367 908617
908377 908628
908718 908981
909095 909359
909256 909503
909571 909827
909633 909896
910004 910263
910390 910640
910672 910929
911148 911402
911566 911817
911858 912112
912357 912624
912530 912796
912648 912899
912828 913073
912995 913247
913020 913287
913493 913752
913909 914156
914297 914560
914474 914736
914791 915048
914854 915104
914916 915165
914944 915206
915141 915405
915617 915875
915951 916202
916093 916347
916547 916810
916571 916829
916994 917259
917250 917515
917591 917847
917962 918211
918035 918297
918262 918539
918721 918960
918728 918961
918784 919054
918966 919246
919000 919240
919264 919485
919650 919923
919739 920027
919868 920106
920337 920561
920588 920878
921044 921324
921059 921281
921496 921733
921611 921895
921684 921948
921710 921946
921925 922183
921931 922221
922405 922647
922774 923001
922799 923072
923185 923474
923578 923807
923593 923823
923740 924012
924209 924490
924674 924915
924719 924956
925186 925448
925503 925773
925842 926085
925906 926165
926329 926600
926528 926773
926740 926980
927090 927348
927324 927583
927714 927975
927960 928218
928330 928574
928622 928868
928795 929072
928904 929174
929042 929267
929373 929615
929514 929794
929796 930059
929907 930141
929935 930178
930137 930418
930146 930422
930241 930474
930549 930793
930962 931257
931339 931598
931493 931728
931661 931912
931889 932164
932252 932513
932410 932648
932578 932825
932622 932907
933030 933287
933442 933662
933654 933904
933961 934250
934419 934677
934560 934796
934621 934878
934742 935015
934928 935184
935372 935620
935800 936049
936193 936460
936503 936760
936514 936765
936868 937118
936999 937259
937139 937411
937399 937652
937714 937957
937823 938083
938033 938314
938308 938558
938379 938613
938833 939099
939292 939577
939672 939919
939772 939994
939965 940212
940366 940649
940481 940756
940878 941107
941147 941389
941206 941486
941400 941658
941413 941638
941828 942086
942057 942344
942545 942792
942640 942862
943124 943383
943360 943651
943790 944047
944109 944331
944597 944855
944599 944886
944877 945132
945337 945569
945606 945852
945648 945938
945701 945969
946200 946420
946634 946883
946662 946953
946734 947007
947104 947327
947538 947773
947691 947972
948102 948376
948413 948650
948501 948743
948932 949197
949126 949412
949153 949392
949199 949426
949453 949731
949679 949960
949770 950006
950241 950475
950546 950834
950746 951022
950913 951132
951337 951567
951636 951929
952107 952400
952425 952654
952586 952808
952921 953208
952952 953230
953007 953223
953129 953373
953361 953659
953527 953796
953570 953793
953572 953816
953806 954088
954217 954489
954438 954677
954745 954982
955168 955449
955630 955913
956015 956258
956352 956584
956705 956970
956965 957251
957333 957568
957343 957570
957448 957728
957550 957825
957856 958090
958055 958288
958405 958690
958874 959156
958915 959132
959024 959271
959473 959768
959899 960158
960150 960368
960554 960809
960779 961068
960825 961091
961163 961385
961260 961507
961308 961584
961568 961833
961996 962246
962105 962361
962227 962482
962340 962590
962432 962699
962474 962748
962951 963194
963302 963537
963678 963946
964001 964288
964185 964430
964600 964848
965070 965324
965516 965778
966001 966262
966367 966630
966381 966642
966593 966845
966959 967209
967282 967553
967289 967558
967383 967638
967830 968075
968280 968551
968445 968710
968722 968967
968773 969025
968913 969202
969169 969436
969471 969692
969677 969923
969871 970164
970178 970445
970469 970685
970493 970734
970606 970908
970717 970984
970900 971107
971199 971438
971617 971911
971672 971947
971768 971991
972074 972319
972265 972550
972614 972881
972886 973115
973212 973453
973216 973495
973503 973772
973508 973737
973614 973863
973954 974230
973970 974230
974191 974428
974624 974883
974990 975263
975487 975743
975955 976195
976184 976442
976548 976817
976848 977087
976952 977197
977250 977519
977448 977727
977659 977903
977915 978147
978093 978352
978207 978492
978285 978549
978330 978564
978506 978767
978690 978978
979023 979272
979201 979433
979595 979853
979929 980203
980189 980434
980265 980504
980285 980547
980516 980803
980801 981054
981296 981520
981394 981658
981563 981847
981994 982252
982259 982483
982281 982517
982394 982674
982523 982816
982697 982930
982903 983127
983358 983642
983390 983678
983467 983695
983957 984166
984419 984703
984848 985140
985207 985439
985465 985684
985467 985739
985721 986004
985881 986131
985948 986178
986240 986511
986629 986905
986802 987037
987172 987404
987181 987453
987240 987521
987289 987531
987510 987749
987578 987844
987580 987846
987678 987932
987822 988075
988130 988397
988325 988579
988487 988748
988509 988768
988854 989102
989183 989447
989386 989648
989670 989913
990162 990406
990404 990671
990440 990703
990579 990832
990818 991067
991210 991461
991263 991527
991699 991971
992135 992391
992462 992709
992579 992841
993058 993321
993101 993354
993127 993374
993238 993502
993722 993979
993788 994039
994015 994271
994331 994594
994548 994805
994735 994974
995147 995408
995263 995536
995583 995839
996011 996250
996294 996557
996539 996809
996940 997194
997200 997445
997358 997615
997802 998060
997824 998070
998173 998420
998580 998841
998858 999135
998973 999215
999224 999457
999520 999779
999669 999941
1000117 1000371
1000427 1000670
1000748 1001006
1001039 1001305
1001527 1001785
1002024 1002267
1002058 1002309
1002319 1002588
1002552 1002819
1002817 1003064
1003307 1003552
1003632 1003899
1004009 1004281
1004082 1004332
1004116 1004352
1004118 1004372
1004288 1004571
1004350 1004604
1004554 1004800
1004734 1004982
1005222 1005486
1005263 1005528
1005488 1005730
1005708 1005957
1006042 1006308
1006451 1006716
1006728 1006970
1007143 1007392
1007260 1007520
1007434 1007691
1007504 1007764
1007565 1007819
1007687 1007948
1008062 1008324
1008306 1008556
1008779 1009034
1008878 1009136
1009035 1009291
1009439 1009690
1009802 1010053
1009870 1010131
1009875 1010138
1010284 1010533
1010545 1010800
1010712 1010964
1011204 1011458
1011497 1011760
1011569 1011833
1011984 1012242
1012075 1012315
1012422 1012680
1012431 1012713
1012814 1013072
1012975 1013213
1013219 1013477
1013695 1013970
1014141 1014395
1014511 1014759
1014572 1014835
1014964 1015219
1015142 1015392
1015597 1015862
1015732 1016006
1015942 1016183
1016157 1016387
1016485 1016769
1016744 1017021
1016982 1017209
1017332 1017570
1017490 1017775
1017535 1017793
1017930 1018154
1018212 1018471
1018694 1018974
1018970 1019228
1019366 1019596
1019553 1019817
1019742 1020025
1019986 1020227
1020016 1020242
1020471 1020747
1020899 1021188
1021393 1021636
1021698 1021924
1021712 1021978
1021872 1022152
1022116 1022366
1022451 1022673
1022939 1023202
1023331 1023612
1023357 1023600
1023646 1023888
1024144 1024412
1024472 1024750
1024925 1025175
1025178 1025422
1025511 1025782
1025738 1026016
1026031 1026283
1026064 1026285
1026357 1026617
1026619 1026931
1026800 1027059
1026807 1027000
1026993 1027257
1027341 1027653
1027447 1027696
1027752 1027967
1027986 1028245
1028260 1028566
1028382 1028631
1028670 1028883
1028723 1028985
1029208 1029507
1029525 1029779
1029772 1029987
1030197 1030448
1030671 1030957
1030895 1031158
1031224 1031448
1031705 1031945
1032011 1032295
1032312 1032586
1032411 1032639
1032732 1032970
1032838 1033125
1033113 1033388
1033272 1033491
1033553 1033783
1033922 1034213
1034300 1034588
1034399 1034610
1034631 1034869
1034761 1035063
1035119 1035399
1035603 1035812
1035616 1035842
1036063 1036364
1036148 1036436
1036418 1036639
1036601 1036825
1036886 1037171
1037256 1037536
1037675 1037901
1037890 1038122
1037960 1038232
1038366 1038644
1038421 1038663
1038771 1039019
1039124 1039391
1039282 1039546
1039304 1039543
1039701 1039952
1040142 1040424
1040423 1040683
1040921 1041150
1041278 1041539
1041660 1041946
1041895 1042142
1042099 1042337
1042264 1042537
1042708 1042989
1043116 1043373
1043140 1043375
1043589 1043843
1043801 1044069
1043868 1044121
1044124 1044366
1044165 1044440
1044183 1044469
1044435 1044662
1044837 1045059
1045136 1045413
1045486 1045763
1045950 1046190
1046088 1046322
1046319 1046591
1046809 1047085
1047076 1047309
1047150 1047382
1047624 1047901
1047995 1048272
1048027 1048275
1048143 1048389
1048509 1048780
1048576 1048837
1048587 1048832
1048706 1048967
1048912 1049173
1049118 1049386
1049379 1049630
1049407 1049652
1049509 1049764
1049819 1050082
1050165 1050422
1050306 1050552
1050612 1050894
1050748 1051007
1050947 1051183
1051413 1051675
1051761 1052047
1051848 1052092
1052177 1052403
1052226 1052495
1052671 1052956
1053122 1053368
1053495 1053728
1053858 1054126
1054174 1054446
1054403 1054638
1054701 1054946
1054839 1055113
1054884 1055157
1055132 1055379
1055172 1055413
1055374 1055644
1055786 1056071
1056188 1056439
1056380 1056605
1056552 1056814
1056593 1056870
1057007 1057253
1057152 1057385
1057529 1057805
1057833 1058113
1057914 1058157
1058014 1058244
1058086 1058354
1058530 1058809
1058605 1058840
1058667 1058887
1058720 1058996
1058728 1059021
1058807 1059048
1059050 1059267
1059460 1059728
1059505 1059800
1059853 1060101
1059983 1060191
1060478 1060728
1060878 1061178
1061173 1061434
1061305 1061525
1061451 1061691
1061571 1061847
1061915 1062187
1062267 1062502
1062735 1062966
1063124 1063403
1063230 1063512
1063384 1063617
1063714 1063956
1063966 1064245
1064360 1064626
1064635 1064865
1064786 1065023
1064888 1065160
1065006 1065287
1065481 1065711
1065581 1065830
1065731 1066013
1065789 1066045
1066282 1066524
1066743 1066994
1067115 1067388
1067201 1067455
1067479 1067720
1067908 1068164
1068224 1068490
1068599 1068865
1068728 1068978
1069183 1069430
1069543 1069803
1069790 1070056
1070056 1070293
1070356 1070606
1070615 1070890
1070829 1071087
1071261 1071498
1071727 1071990
1071961 1072232
1072224 1072484
1072702 1072947
1072752 1073002
1073039 1073321
1073256 1073516
1073400 1073635
1073702 1073961
1074124 1074402
1074588 1074840
1074935 1075176
1075231 1075501
1075364 1075630
1075382 1075626
1075397 1075650
1075617 1075888
1076058 1076327
1076137 1076389
1076505 1076751
1076548 1076811
1076713 1076988
1076861 1077099
1077162 1077392
1077454 1077721
1077493 1077771
1077497 1077743
1077996 1078229
1078172 1078439
1078442 1078720
1078445 1078696
1078509 1078749
1078574 1078832
1079008 1079291
1079033 1079285
1079194 1079421
1079342 1079599
1079509 1079780
1079685 1079934
1080004 1080244
1080354 1080611
1080376 1080640
1080702 1080960
1080856 1081114
1080947 1081204
1081357 1081602
1081484 1081738
1081661 1081934
1081764 1082030
1081818 1082051
1081969 1082214
1082168 1082448
1082223 1082486
1082273 1082504
1082714 1082961
1082722 1083002
1083057 1083323
1083380 1083608
1083823 1084066
1084319 1084591
1084422 1084692
1084805 1085058
1085052 1085299
1085228 1085489
1085491 1085747
1085770 1086009
1086009 1086271
1086484 1086754
1086875 1087125
1086907 1087143
1086960 1087228
1087251 1087525
1087318 1087568
1087739 1087978
1088217 1088482
1088289 1088557
1088332 1088577
1088634 1088885
1088948 1089210
1089218 1089489
1089316 1089570
1089429 1089661
1089630 1089897
1090058 1090336
1090541 1090774
1090876 1091118
1091062 1091353
1091260 1091530
1091421 1091643
1091791 1092039
1091872 1092156
1092051 1092311
1092394 1092614
1092887 1093152
1092930 1093220
1093057 1093300
1093325 1093540
1093348 1093626
1093833 1094130
1094166 1094394
1094419 1094631
1094898 1095182
1095362 1095654
1095647 1095872
1095813 1096040
1095838 1096133
1096131 1096412
1096436 1096658
1096603 1096842
1096856 1097142
1097051 1097319
1097159 1097392
1097260 1097508
1097313 1097603
1097546 1097797
1097701 1097926
1098057 1098328
1098303 1098594
1098753 1098996
1099014 1099229
1099502 1099774
1099582 1099880
1099883 1100139
1100379 1100591
1100793 1101058
1100881 1101194
1101146 1101394
1101540 1101748
1101676 1101943
1102119 1102421
1102140 1102397
1102445 1102672
1102854 1103111
1102917 1103200
1103195 1103441
1103453 1103691
1103642 1103913
1104094 1104377
1104356 1104595
1104723 1104952
1104964 1105243
1105123 1105403
1105134 1105365
1105497 1105729
1105892 1106170
1106274 1106568
1106509 1106742
1106883 1107110
1106987 1107268
1106993 1107281
1107180 1107415
1107440 1107665
1107920 1108204
1108047 1108330
1108149 1108375
1108352 1108574
1108789 1109073
1108833 1109125
1109267 1109505
1109457 1109687
1109855 1110132
1110045 1110318
1110373 1110597
1110381 1110630
1110790 1111092
1111198 1111466
1111691 1111912
1112092 1112343
1112276 1112572
1112647 1112910
1112902 1113121
1113102 1113352
1113394 1113694
1113756 1114017
1113758 1113970
1113781 1114018
1113841 1114136
1114133 1114414
1114383 1114606
1114864 1115104
1115074 1115361
1115360 1115630
1115751 1115974
1116205 1116441
1116678 1116961
1117026 1117305
1117157 1117387
1117451 1117687
1117936 1118212
1118397 1118663
1118815 1119044
1119275 1119518
1119286 1119579
1119473 1119730
1119808 1120032
1119937 1120198
1120229 1120526
1120632 1120888
1120869 1121101
1120876 1121148
1121016 1121304
1121105 1121342
1121328 1121556
1121701 1121975
1122119 1122407
1122223 1122459
1122609 1122838
1122906 1123186
1123118 1123397
1123173 1123408
1123607 1123846
1123618 1123902
1123733 1124013
1124209 1124442
1124646 1124867
1124826 1125097
1124844 1125138
1125130 1125366
1125320 1125533
1125765 1126025
1126242 1126547
1126654 1126909
1126952 1127164
1127272 1127531
1127763 1128058
1128180 1128430
1128678 1128903
1128853 1129108
1129091 1129386
1129214 1129464
1129692 1129913
1130190 1130449
1130214 1130506
1130308 1130563
1130556 1130785
1130637 1130885
1131038 1131311
1131168 1131429
1131181 1131420
1131472 1131729
1131839 1132113
1131889 1132156
1132077 1132316
1132570 1132814
1132930 1133203
1133051 1133330
1133232 1133481
1133615 1133846
1133779 1134030
1134030 1134307
1134274 1134531
1134595 1134827
1135085 1135339
1135463 1135739
1135860 1136114
1135895 1136132
1135964 1136216
1135990 1136276
1136095 1136362
1136300 1136534
1136572 1136817
1136641 1136918
1136644 1136908
1137077 1137298
1137474 1137725
1137822 1138114
1137986 1138244
1138402 1138636
1138593 1138842
1138707 1138987
1138855 1139117
1139192 1139425
1139282 1139539
1139521 1139800
1139542 1139796
1140009 1140249
1140410 1140658
1140806 1141076
1141197 1141478
1141696 1141944
1141759 1141984
1142105 1142375
1142131 1142427
1142551 1142795
1142910 1143125
1143406 1143678
1143589 1143891
1143710 1143952
1143922 1144135
1144055 1144323
1144268 1144572
1144341 1144587
1144418 1144623
1144595 1144872
1144697 1145010
1145154 1145395
1145488 1145678
1145518 1145790
1145656 1145968
1145726 1145962
1145862 1146073
1146360 1146632
1146702 1146993
1147014 1147272
1147416 1147644
1147563 1147814
1147964 1148241
1148376 1148641
1148572 1148796
1148745 1148994
1148999 1149294
1149060 1149324
1149318 1149533
1149789 1150045
1150276 1150574
1150376 1150627
1150718 1150925
1150804 1151063
1150969 1151262
1151045 1151315
1151478 1151709
1151621 1151858
1151932 1152207
1152104 1152372
1152368 1152618
1152478 1152731
1152601 1152867
1152662 1152920
1152668 1152914
1152684 1152933
1152737 1153009
1152762 1153029
1153087 1153320
1153582 1153829
1153796 1154082
1153999 1154262
1154409 1154637
1154609 1154855
1154699 1154992
1155047 1155316
1155253 1155487
1155328 1155583
1155544 1155815
1155675 1155938
1155716 1155938
1155794 1156049
1156138 1156428
1156208 1156464
1156375 1156597
1156569 1156812
1157015 1157294
1157314 1157597
1157366 1157596
1157527 1157758
1157603 1157887
1157609 1157888
1158005 1158224
1158395 1158629
1158780 1159070
1159216 1159486
1159383 1159607
1159509 1159752
1159518 1159803
1159858 1160119
1160015 1160243
1160486 1160742
1160654 1160941
1160761 1161014
1161073 1161291
1161239 1161502
1161671 1161971
1162026 1162271
1162322 1162540
1162757 1163043
1163059 1163359
1163097 1163330
1163565 1163784
1163854 1164137
1164218 1164501
1164711 1164947
1164827 1165066
1165199 1165486
1165276 1165559
1165667 1165898
1166008 1166234
1166054 1166337
1166210 1166487
1166600 1166838
1167008 1167250
1167401 1167684
1167483 1167752
1167665 1167900
1167936 1168166
1168291 1168565
1168523 1168817
1168637 1168876
1168661 1168876
1168734 1169004
1168762 1169068
1169012 1169252
1169117 1169329
1169456 1169723
1169716 1170019
1169815 1170059
1170307 1170520
1170551 1170812
1170719 1171019
1171001 1171253
1171100 1171310
1171257 1171526
1171600 1171908
1171865 1172122
1172175 1172380
1172451 1172699
1172807 1173109
1173275 1173529
1173464 1173667
1173873 1174122
1174193 1174516
1174364 1174630
1174460 1174657
1174780 1175035
1175064 1175368
1175293 1175545
1175722 1175931
1176002 1176252
1176188 1176498
1176524 1176779
1176588 1176792
1176724 1176995
1176734 1177051
1176812 1177054
1177271 1177459
1177748 1178020
1177860 1178179
1178324 1178576
1178445 1178639
1178535 1178797
1178863 1179174
1179068 1179328
1179324 1179528
1179448 1179701
1179721 1180039
1179958 1180208
1180337 1180532
1180737 1180996
1181053 1181362
1181138 1181385
1181482 1181698
1181976 1182240
1182036 1182314
1182312 1182564
1182569 1182803
1182662 1182927
1182873 1183151
1183036 1183288
1183500 1183755
1183812 1184072
1183938 1184195
1183949 1184197
1184355 1184602
1184685 1184938
1184865 1185132
1185160 1185422
1185644 1185891
1186059 1186293
1186097 1186354
1186471 1186749
1186823 1187073
1186968 1187210
1187277 1187541
1187638 1187907
1187826 1188079
1188142 1188379
1188542 1188791
1188903 1189175
1189028 1189300
1189184 1189425
1189581 1189822
1189747 1190017
1190082 1190351
1190367 1190618
1190564 1190810
1190676 1190916
1190974 1191237
1191216 1191500
1191576 1191825
1191942 1192177
1192116 1192388
1192126 1192407
1192481 1192722
1192678 1192908
1192924 1193183
1193182 1193473
1193659 1193924
1194099 1194320
1194176 1194422
1194361 1194640
1194537 1194806
1194874 1195102
1195327 1195561
1195699 1195983
1196196 1196482
1196404 1196635
1196470 1196698
1196814 1197100
1197088 1197364
1197278 1197501
1197313 1197537
1197732 1198032
1197900 1198182
1198288 1198506
1198726 1198956
1199085 1199369
1199409 1199692
1199445 1199671
1199648 1199897
1199675 1199958
1199940 1200208
1200075 1200296
1200419 1200660
1200562 1200858
1200820 1201092
1200847 1201059
1201221 1201472
1201587 1201878
1202063 1202334
1202381 1202619
1202532 1202771
1202857 1203138
1203319 1203591
1203490 1203742
1203918 1204151
1204409 1204659
1204898 1205168
1205095 1205360
1205318 1205561
1205496 1205741
1205977 1206249
1206464 1206729
1206620 1206860
1206653 1206903
1206727 1206991
1207103 1207365
1207129 1207364
1207510 1207761
1207566 1207828
1208036 1208311
1208097 1208357
1208149 1208383
1208237 1208481
1208549 1208830
1208803 1209068
1209039 1209276
1209486 1209716
1209691 1209968
1209993 1210277
1210288 1210523
1210350 1210580
1210568 1210860
1210805 1211093
1211151 1211371
1211504 1211734
1211592 1211876
1212055 1212331
1212197 1212423
1212486 1212724
1212810 1213101
1212820 1213095
1213289 1213506
1213578 1213810
1213761 1214047
1213853 1214145
1214216 1214447
1214651 1214885
1215072 1215358
1215096 1215374
1215107 1215330
1215567 1215819
1215977 1216272
1216371 1216622
1216709 1216940
1216906 1217169
1217268 1217553
1217623 1217882
1218082 1218319
1218571 1218819
1218894 1219166
1219319 1219577
1219558 1219815
1220006 1220251
1220207 1220462
1220331 1220587
1220346 1220611
1220641 1220903
1220871 1221118
1221092 1221344
1221107 1221374
1221470 1221722
1221662 1221909
1221756 1222014
1222211 1222471
1222589 1222839
1222963 1223208
1223320 1223589
1223539 1223800
1223922 1224168
1224342 1224586
1224641 1224907
1224927 1225193
1225025 1225273
1225195 1225451
1225521 1225783
1225668 1225918
1225671 1225925
1225979 1226232
1226125 1226372
1226416 1226678
1226708 1226967
1227049 1227297
1227255 1227512
1227747 1228007
1228079 1228331
1228494 1228744
1228715 1228984
1228998 1229251
1229097 1229345
1229208 1229475
1229466 1229711
1229473 1229731
1229791 1230058
1230257 1230502
1230691 1230927
1230895 1231159
1231267 1231543
1231308 1231554
1231468 1231703
1231662 1231931
1232040 1232310
1232154 1232395
1232641 1232878
1232710 1232975
1232938 1233219
1233303 1233546
1233697 1233933
1234111 1234385
1234598 1234870
1234622 1234858
1234658 1234896
1234828 1235100
1234895 1235178
1234914 1235150
1235389 1235623
1235583 1235865
1235742 1236010
1236180 1236401
1236429 1236676
1236648 1236945
1236863 1237127
1237242 1237467
1237603 1237850
1237816 1238115
1237910 1238170
1238247 1238458
1238361 1238630
1238454 1238753
1238911 1239150
1238916 1239140
1239232 1239501
1239583 1239876
1239860 1240106
1239916 1240137
1239996 1240260
1240192 1240486
1240631 1240883
1241049 1241264
1241420 1241682
1241486 1241766
1241841 1242088
1242251 1242489
1242585 1242856
1242692 1242972
1243077 1243311
1243109 1243341
1243191 1243470
1243445 1243719
1243569 1243806
1244017 1244247
1244211 1244494
1244267 1244556
1244623 1244854
1244705 1244936
1244857 1245134
1245335 1245610
1245827 1246064
1245933 1246180
1246403 1246680
1246483 1246752
1246738 1246970
1246948 1247189
1247399 1247681
1247679 1247950
1247843 1248074
1248216 1248452
1248263 1248533
1248359 1248643
1248513 1248757
1248696 1248927
1248877 1249134
1249253 1249531
1249410 1249662
1249621 1249845
1250099 1250367
