408 487
740 848
895 1002
1372 1475
1657 1763
1819 1886
2350 2413
2869 2990
3107 3210
3390 3475
3903 3967
4449 4552
4960 5039
5315 5420
5548 5660
6095 6209
6294 6356
6425 6526
6758 6879
6955 7049
7544 7658
7961 8057
8201 8307
8618 8727
9118 9207
9661 9775
9944 10017
10192 10277
10405 10480
10785 10871
11317 11386
11604 11706
12129 12211
12261 12353
12426 12532
12900 13030
13457 13589
13617 13709
14182 14285
14367 14472
14790 14883
15041 15138
15196 15315
15485 15572
16062 16154
16375 16493
16918 17028
17505 17608
17762 17882
17981 18062
18345 18443
18682 18807
19122 19213
19561 19666
19740 19891
20248 20349
20713 20806
20821 20910
21303 21403
21742 21838
22238 22341
22348 22396
22435 22502
22848 22958
22966 23072
23350 23404
23649 23788
24257 24376
24713 24807
24808 24892
25214 25319
25453 25545
25696 25798
25956 26029
26307 26380
26419 26534
26687 26753
27076 27167
27423 27550
27753 27870
28016 28085
28328 28456
28621 28740
28816 28907
29292 29422
29711 29849
29965 30090
30187 30307
30441 30534
30844 30933
31022 31114
31348 31469
31763 31865
32074 32186
32617 32720
32748 32855
33309 33396
33491 33607
33622 33721
33821 33908
34292 34396
34691 34779
35078 35163
35468 35564
35966 36069
36257 36385
36407 36494
36545 36632
36792 36893
37305 37429
37749 37806
38092 38163
38583 38669
38729 38825
39034 39118
39535 39652
39739 39837
40032 40127
40261 40336
40701 40822
41272 41379
41807 41879
42359 42422
42481 42583
42621 42684
42892 43007
43233 43346
43769 43854
44114 44215
44694 44769
44876 44911
45213 45287
45414 45496
45707 45809
46207 46292
46414 46543
46774 46863
47150 47232
47286 47412
47897 48008
48295 48395
48474 48589
48949 49031
49159 49275
49445 49553
49980 50097
50304 50417
50526 50611
50766 50879
51084 51200
51645 51754
51939 52072
52338 52430
52528 52623
53064 53136
53363 53484
53698 53798
53895 53980
54217 54332
54446 54534
54871 54938
55373 55487
55983 56071
56457 56560
56760 56893
57374 57491
57928 58023
58373 58475
58948 59034
59467 59589
59698 59801
59820 59899
60260 60404
60597 60702
60903 60990
61380 61498
61565 61672
62089 62226
62287 62390
62612 62736
62973 63068
63414 63491
63970 64095
64259 64348
64425 64508
64821 64906
64942 65057
65422 65534
65824 65918
66260 66360
66676 66746
67072 67133
67416 67522
67670 67770
67892 67977
68298 68407
68718 68820
69152 69249
69420 69502
69642 69719
70202 70305
70497 70629
70686 70791
70916 71015
71272 71361
71620 71704
71901 72006
72015 72103
72475 72571
73069 73181
73412 73495
73909 74025
74506 74576
74851 74959
75107 75185
75366 75484
75533 75633
75737 75870
76230 76321
76782 76867
77258 77382
77429 77514
77566 77668
77975 78065
78288 78414
78729 78833
78895 79026
79316 79375
79856 79950
80013 80125
80164 80261
80400 80480
80753 80888
81369 81482
81732 81875
82075 82158
82475 82564
82705 82806
82978 83067
83564 83686
83828 83945
84102 84224
84466 84573
84772 84866
84932 85012
85500 85588
85823 85908
86327 86432
86918 87054
87405 87488
87598 87712
88199 88301
88401 88502
88884 88961
89205 89308
89395 89490
89975 90064
90289 90387
90612 90730
91164 91289
91732 91836
91861 91957
92292 92437
92824 92901
92962 93064
93252 93314
93439 93558
93983 94080
94241 94362
94562 94665
94756 94889
95065 95155
95587 95695
96133 96238
96323 96390
96649 96739
96851 96933
97318 97406
97584 97646
98107 98220
98666 98767
98982 99071
99377 99468
99689 99788
99816 99904
100398 100521
100667 100729
101218 101306
101787 101846
102056 102155
102307 102381
102389 102481
102974 103084
103225 103322
103709 103793
104195 104364
104685 104742
105169 105259
105651 105749
105907 105988
106142 106250
106485 106560
106932 107030
107246 107343
107821 107978
108218 108323
108717 108819
109273 109353
109450 109567
109811 109923
110041 110145
110639 110718
111080 111179
111495 111552
111852 111977
112416 112525
112877 112954
113053 113166
113449 113510
113631 113724
113879 113985
114029 114149
114472 114572
114831 114927
115182 115275
115409 115544
115878 115972
116355 116405
116687 116797
116823 116961
117459 117568
118061 118148
118532 118659
119063 119119
119371 119482
119736 119821
120227 120349
120588 120683
121032 121097
121391 121467
121725 121840
122033 122112
122599 122701
122991 123061
123094 123166
123558 123642
123716 123800
123852 123974
124405 124516
124832 124915
125001 125084
125170 125265
125317 125406
125731 125825
126176 126259
126318 126412
126738 126879
127203 127287
127527 127625
127919 128032
128461 128556
128801 128910
128942 129022
129473 129578
129621 129725
130015 130118
130167 130249
130421 130551
130741 130841
131154 131275
131563 131643
132010 132117
132420 132515
132754 132851
132931 133077
133099 133196
133412 133516
133521 133616
133632 133726
133923 134026
134094 134160
134354 134425
134704 134795
135149 135271
135465 135600
135683 135793
135818 135915
136275 136352
136505 136608
137058 137139
137403 137525
137559 137634
138075 138175
138488 138610
138736 138818
138933 139012
139197 139317
139648 139784
140048 140133
140474 140561
140857 140988
141448 141528
141956 142068
142077 142168
142355 142420
142813 142915
143171 143262
143718 143776
143814 143924
144202 144301
144517 144609
144716 144805
144830 144919
145134 145240
145477 145576
145684 145777
145914 146004
146452 146564
146655 146749
146789 146869
146921 147011
147134 147228
147429 147541
147952 148059
148375 148468
148854 148967
149283 149388
149618 149732
149792 149887
150205 150314
150537 150638
151087 151189
151625 151720
151854 151966
152065 152169
152397 152506
152899 152997
153194 153325
153394 153521
153661 153752
154066 154147
154334 154443
154851 154947
155234 155329
155604 155737
155929 156023
156432 156521
156573 156643
156667 156753
156947 157068
157146 157201
157516 157611
157767 157873
158012 158122
158182 158255
158618 158727
159164 159276
159517 159613
159998 160077
160383 160527
160851 160951
161211 161275
161677 161760
161819 161931
162095 162187
162530 162612
162978 163084
163329 163408
163661 163741
163796 163867
163884 164008
164494 164577
164932 165034
165083 165193
165402 165510
165969 166077
166392 166480
166702 166797
167187 167323
167707 167810
168058 168149
168271 168333
168360 168479
168568 168671
168970 169075
169353 169426
169736 169833
170317 170431
170856 170963
171292 171410
171655 171738
171975 172039
172327 172453
172852 172953
173042 173189
173432 173560
173650 173773
174176 174293
174587 174683
174741 174862
175256 175359
175798 175927
176111 176209
176457 176538
176703 176831
176853 177000
177126 177233
177563 177673
177964 178044
178359 178436
178474 178550
178711 178771
178989 179112
179162 179272
179759 179871
179998 180086
180372 180477
180548 180635
180723 180819
181188 181291
181342 181418
181477 181551
181712 181822
182048 182154
182626 182720
182843 182948
183014 183139
183190 183288
183517 183613
183843 183908
184186 184272
184618 184744
185125 185237
185267 185354
185383 185449
185791 185897
186077 186180
186557 186647
186671 186789
187270 187364
187621 187732
187983 188090
188106 188242
188684 188795
189016 189092
189380 189495
189816 189916
190399 190501
190645 190729
191070 191160
191577 191647
191824 191957
192186 192289
192727 192851
193083 193181
193249 193363
193734 193852
194235 194309
194346 194445
194550 194655
194844 194954
195011 195129
195254 195344
195744 195847
196210 196326
196505 196608
196956 197027
197152 197277
197321 197406
197546 197665
197893 197968
198360 198435
198642 198731
198941 199039
199271 199357
199773 199848
200317 200394
200740 200849
201237 201350
201792 201860
201977 202092
202540 202612
202703 202770
202996 203130
203161 203272
203715 203811
204077 204150
204385 204467
204655 204766
205192 205270
205744 205836
206026 206122
206488 206583
206768 206880
207144 207241
207304 207411
207870 207986
208260 208360
208853 208963
209287 209359
209754 209839
209875 209952
209981 210113
210254 210386
210454 210568
210836 210955
211233 211338
211563 211625
211968 212052
212399 212496
212919 213009
213393 213495
213887 213960
214266 214381
214414 214534
214918 214968
215213 215311
215339 215439
215605 215741
215763 215856
216190 216289
216566 216666
216741 216873
217112 217246
217689 217779
217931 218027
218312 218403
218886 218973
219049 219155
219316 219411
219797 219936
220274 220353
220847 220954
221111 221234
221425 221514
221853 221957
222054 222202
222650 222776
223145 223233
223287 223388
223585 223661
224005 224142
224482 224574
224740 224860
225348 225441
225632 225716
225995 226100
226395 226500
226901 227040
227288 227365
227516 227595
227769 227886
228270 228346
228564 228646
228685 228798
228816 228928
229385 229496
229583 229679
230092 230200
230577 230694
230938 231045
231291 231411
231503 231623
231799 231876
232111 232227
232409 232516
232636 232747
233135 233248
233357 233449
233517 233634
233915 234013
234398 234514
234944 235029
235191 235284
235684 235798
236274 236355
236364 236448
236453 236578
237051 237126
237332 237438
237458 237556
237828 237889
238224 238329
238554 238679
238911 239013
239132 239213
239628 239747
240161 240299
240348 240424
240620 240749
241024 241142
241482 241600
241935 242027
242224 242337
242400 242518
242578 242706
243080 243192
243360 243462
243553 243687
243896 244028
244381 244471
244816 244903
245361 245455
245876 245969
246369 246467
246632 246708
246800 246925
247355 247495
247559 247672
248027 248135
248359 248438
248761 248871
248946 249029
249424 249515
249766 249867
250213 250318
250421 250528
250708 250803
251254 251357
251666 251774
252221 252320
252394 252538
252541 252621
252837 252944
253067 253175
253504 253594
254075 254151
254238 254313
254559 254653
254996 255130
255141 255253
255653 255765
255907 256023
256461 256564
256696 256807
256818 256913
257319 257424
257667 257775
258129 258244
258389 258505
258805 258882
259193 259300
259583 259647
259786 259898
260293 260400
260577 260647
260892 260986
261039 261129
261496 261626
261864 261938
262409 262506
262919 263041
263069 263179
263280 263362
263828 263989
264059 264190
264239 264378
264862 264987
265137 265270
265750 265843
266017 266099
266583 266664
266967 267079
267353 267436
267741 267836
268177 268283
268604 268674
269034 269115
269501 269582
269809 269936
270065 270172
270227 270319
270498 270601
270765 270867
271217 271345
271646 271713
272156 272249
272664 272795
273020 273100
273228 273359
273709 273823
274123 274220
274537 274617
275008 275110
275493 275617
275718 275783
275874 275985
276185 276288
276295 276403
276711 276814
277052 277150
277578 277677
277963 278055
278551 278641
278908 279010
279194 279245
279607 279735
280181 280280
280368 280491
280883 281048
281167 281245
281682 281800
282209 282339
282608 282698
283128 283195
283555 283632
283862 283959
284415 284574
284769 284857
284877 284996
285455 285534
285938 286034
286350 286447
286866 286984
287449 287549
287848 287952
288448 288594
289080 289148
289636 289713
290128 290216
290344 290440
290485 290564
290898 290968
291123 291221
291687 291766
291790 291861
292135 292250
292371 292464
292853 292939
292947 293022
293133 293224
293652 293750
294108 294181
294201 294295
294630 294746
295001 295131
295611 295743
296008 296113
296322 296430
296450 296531
296721 296818
297285 297324
297440 297560
297943 298039
298153 298237
298391 298515
298752 298851
299337 299411
299461 299564
299638 299745
299782 299894
300126 300229
300333 300416
300904 301032
301149 301197
301432 301541
301911 302018
302036 302129
302321 302407
302818 302928
303276 303384
303524 303621
303836 303920
304151 304237
304522 304589
304808 304911
305079 305160
305641 305722
305811 305898
306237 306343
306748 306840
307196 307324
307664 307757
307776 307825
307961 308068
308488 308568
309032 309140
309255 309379
309677 309783
309859 309993
310166 310265
310721 310822
311188 311340
311779 311879
312252 312362
312365 312431
312444 312560
312964 313054
313368 313484
313806 313897
314169 314270
314537 314658
314756 314877
315021 315089
315379 315502
315977 316088
316178 316292
316658 316748
316896 317023
317310 317409
317517 317618
318069 318182
318221 318306
318598 318713
319188 319252
319677 319790
320216 320311
320771 320867
321124 321220
321443 321572
321579 321679
321857 321942
322158 322294
322622 322773
322876 322969
323452 323555
323780 323897
324364 324473
324793 324891
325030 325120
325583 325695
325991 326112
326465 326560
326627 326747
326963 327070
327463 327552
327900 327994
328410 328499
328506 328582
328670 328747
328819 328920
329262 329342
329482 329586
329822 329932
330280 330426
330756 330841
330908 330966
331024 331132
331540 331633
331756 331860
332196 332267
332704 332810
332836 332934
333375 333494
333609 333687
334108 334221
334245 334351
334443 334551
334637 334723
335007 335078
335336 335443
335913 336036
336278 336384
336792 336904
337040 337110
337467 337606
337825 337886
337930 338052
338410 338539
338854 338946
339160 339230
339416 339518
339942 340057
340355 340433
340753 340862
341256 341358
341420 341538
341811 341925
342195 342317
342726 342831
343054 343148
343407 343526
343878 343993
344455 344558
344626 344742
345127 345235
345296 345367
345708 345787
346234 346325
346524 346641
347129 347237
347265 347369
347412 347499
347941 348086
348550 348669
349053 349154
349315 349413
349553 349674
349677 349797
349873 349959
350088 350190
350356 350425
350551 350665
351099 351201
351399 351485
351957 352045
352196 352308
352675 352813
352870 352966
353050 353170
353561 353686
354046 354143
354145 354261
354746 354856
354904 354995
355042 355153
355249 355351
355769 355853
355981 356082
356092 356237
356685 356786
357148 357241
357266 357347
357394 357481
357875 357974
358273 358344
358783 358885
359242 359360
359367 359457
359560 359655
359681 359771
359914 359991
360028 360156
360562 360653
361096 361171
361638 361760
362158 362238
362711 362789
363128 363237
363307 363369
363832 363959
364434 364565
365064 365151
365643 365777
365844 365950
366247 366373
366838 366955
367070 367176
367400 367484
367934 368052
368521 368626
369026 369095
369478 369591
369854 369959
370359 370491
370565 370647
370935 371057
371326 371439
371536 371617
371789 371906
372109 372222
372284 372409
372866 372988
373473 373578
373755 373840
373868 373954
374381 374453
374614 374696
374912 375002
375361 375456
375878 375975
376186 376286
376493 376573
376855 376955
377025 377079
377379 377503
377853 377968
378287 378381
378566 378663
378687 378792
378803 378912
379323 379390
379558 379648
379810 379925
380212 380291
380489 380594
380630 380700
381100 381200
381346 381436
381922 381998
382341 382436
382499 382592
383029 383117
383281 383397
383610 383697
384018 384134
384193 384285
384739 384809
384872 384954
385102 385175
385618 385705
385882 385971
386304 386408
386771 386875
387075 387168
387318 387421
387744 387851
388249 388353
388529 388634
388992 389086
389207 389326
389609 389699
390029 390129
390430 390529
390574 390685
390990 391098
391382 391474
391876 391973
392246 392301
392331 392439
392838 392928
393354 393474
393712 393816
393907 394021
394247 394337
394779 394864
395052 395125
395273 395355
395664 395799
395944 396059
396343 396437
396533 396638
396814 396938
397200 397290
397418 397515
397910 398011
398250 398352
398708 398795
399223 399344
399471 399560
399838 399925
399937 400011
400142 400257
400601 400698
400703 400810
400982 401061
401249 401345
401497 401603
401621 401774
401955 402047
402086 402184
402257 402365
402455 402551
402699 402796
403162 403233
403242 403339
403746 403870
404247 404381
404574 404687
405079 405188
405634 405715
406200 406329
406368 406452
406917 407015
407037 407111
407488 407606
408098 408196
408587 408709
408810 408889
409230 409338
409575 409685
409991 410054
410098 410199
410473 410522
410901 410953
411416 411553
411806 411923
412216 412331
412595 412692
413012 413103
413561 413663
414052 414155
414480 414540
414780 414879
415320 415456
415954 416076
416190 416296
416784 416878
417313 417422
417712 417847
418143 418229
418431 418548
418700 418825
419095 419214
419222 419322
419762 419843
420050 420167
420335 420438
420915 420992
421036 421153
421181 421241
421298 421438
421473 421561
421774 421855
422216 422303
422542 422622
422749 422863
423016 423074
423468 423579
423607 423716
423921 424030
424187 424331
424495 424603
424814 424923
425028 425162
425547 425637
425790 425909
426401 426493
426699 426758
427157 427258
427432 427526
427731 427796
427892 427977
427979 428074
428346 428414
428470 428562
428878 428956
429188 429258
429533 429643
429923 430042
430190 430277
430403 430503
430871 430976
431322 431423
431588 431694
432031 432077
432574 432676
432749 432873
432921 433051
433395 433474
433628 433749
434062 434170
434511 434613
434634 434732
434909 434975
435306 435372
435458 435535
435915 436010
436227 436320
436756 436879
436915 436986
437332 437430
437435 437548
437565 437663
437774 437914
438373 438494
438681 438784
439059 439149
439442 439536
439668 439764
440230 440332
440422 440533
440947 441042
441322 441397
441685 441814
442051 442143
442528 442633
443034 443137
443392 443493
443698 443785
443941 444038
444090 444184
444196 444318
444389 444475
444521 444592
444980 445077
445362 445479
445685 445786
446238 446354
446497 446567
447033 447152
447199 447280
447404 447520
447998 448116
448250 448367
448370 448448
448516 448649
448862 448933
449339 449444
449804 449899
450075 450212
450480 450567
450702 450799
450859 450941
451330 451434
451755 451856
451965 452064
452318 452371
452596 452720
452741 452830
453176 453286
453780 453888
453889 453956
454217 454276
454722 454839
454979 455077
455117 455196
455646 455726
456160 456288
456443 456546
456731 456819
457172 457275
457431 457531
457552 457673
458044 458155
458315 458413
458875 458990
459035 459193
459545 459647
460028 460143
460540 460652
460677 460802
460870 460938
461317 461417
461805 461906
462242 462378
462618 462694
462915 463006
463051 463154
463245 463338
463443 463554
463766 463846
463921 464034
464316 464429
464887 464986
465143 465256
465272 465365
465467 465561
465856 465959
466280 466413
466638 466756
466900 466987
467129 467208
467530 467600
467962 468058
468526 468600
468912 468993
469195 469274
469327 469466
469860 469970
470076 470189
470400 470496
470619 470734
470737 470796
471137 471217
471463 471545
471656 471734
472059 472167
472404 472526
472700 472827
473022 473121
473534 473655
473992 474097
474263 474374
474647 474775
475000 475127
475544 475663
475975 476049
476120 476260
476375 476469
476837 476939
477053 477111
477277 477380
477460 477555
477964 478075
478551 478669
478701 478790
478815 478953
479259 479360
479375 479474
479613 479741
480169 480286
480515 480625
480812 480936
481238 481317
481482 481581
481883 482000
482012 482089
482171 482243
482311 482429
482921 483083
483322 483435
483734 483823
484088 484211
484281 484381
484630 484740
485172 485289
485315 485382
485578 485677
485761 485890
486165 486272
486486 486591
486616 486710
487037 487127
487186 487304
487757 487882
488186 488287
488302 488380
488671 488773
488942 489042
489369 489425
489588 489677
489799 489899
490342 490457
490840 490962
491252 491335
491342 491396
491450 491547
491778 491886
492211 492268
492547 492667
493070 493168
493611 493743
493918 493989
494395 494513
494916 495016
495145 495261
495632 495741
496016 496118
496248 496363
496723 496820
496968 497068
497228 497339
497342 497451
497828 497920
498235 498309
498437 498523
498809 498905
499177 499276
499740 499854
499868 499990
500211 500326
500766 500910
501201 501309
501585 501646
501801 501883
502124 502233
502668 502761
503236 503324
503805 503895
504030 504164
504192 504305
504747 504844
504907 505017
505138 505220
505594 505669
506041 506165
506193 506266
506415 506521
506909 507021
507217 507325
507622 507722
507782 507870
508203 508304
508638 508705
508751 508848
509140 509263
509291 509403
509799 509896
509949 510032
510371 510477
510904 510992
510998 511071
511512 511601
511608 511698
511723 511813
512202 512310
512805 512899
513173 513287
513331 513420
513780 513891
513926 514028
514356 514454
514621 514709
514744 514855
515316 515448
515826 515912
516185 516270
516399 516482
516741 516829
517115 517214
517676 517796
518251 518321
518695 518808
519165 519287
519778 519892
520340 520417
520613 520718
520822 520929
521314 521444
521472 521564
521676 521771
522200 522294
522762 522847
523317 523438
523841 523917
524090 524176
524424 524522
524572 524662
525066 525174
525628 525760
525774 525858
526240 526308
526546 526604
527081 527165
527287 527392
527455 527540
527748 527860
527863 527962
528432 528526
528705 528792
529107 529204
529483 529591
529931 530057
530467 530577
530594 530688
530982 531090
531183 531270
531494 531561
531914 531990
532082 532194
532260 532354
532642 532725
533197 533296
533782 533876
533881 533971
534190 534273
534368 534477
534886 534978
535138 535219
535622 535736
536107 536226
536538 536638
536993 537068
537543 537621
538010 538126
538306 538453
538782 538847
538904 538977
539104 539187
539346 539436
539680 539772
539783 539858
540099 540209
540300 540403
540615 540707
541020 541130
541135 541235
541270 541353
541768 541889
542307 542438
542489 542579
542635 542736
543103 543224
543561 543657
543984 544093
544204 544271
544719 544842
545282 545362
545779 545866
546315 546421
546906 546994
547241 547342
547440 547514
547805 547928
548314 548401
548851 548903
549213 549329
549564 549654
550014 550100
550185 550269
550590 550672
551022 551113
551165 551269
551544 551642
551805 551918
551949 552069
552489 552572
552618 552709
552741 552849
553272 553332
553676 553747
553920 553982
554326 554431
554890 555016
555200 555310
555618 555759
556087 556188
556551 556653
556865 556973
557062 557176
557487 557555
557754 557851
557880 557982
558182 558277
558559 558662
559144 559237
559644 559755
559763 559848
560043 560159
560446 560565
560795 560865
561076 561143
561183 561254
561599 561708
562015 562128
562574 562702
563104 563207
563525 563599
563651 563753
563929 564017
564414 564515
564523 564589
564723 564812
564979 565094
565571 565666
566112 566241
566441 566589
566648 566762
566884 567002
567148 567260
567714 567800
567871 567955
568318 568402
568748 568872
569163 569266
569519 569599
569608 569680
569937 570019
570157 570246
570458 570573
570905 570976
571104 571153
571213 571314
571710 571799
572039 572120
572314 572398
572830 572927
573144 573235
573298 573431
573744 573841
574064 574187
574515 574601
574810 574872
575108 575194
575670 575778
575875 575951
576273 576377
576870 576962
577119 577213
577675 577742
578073 578181
578564 578667
578859 578946
579071 579189
579462 579596
579986 580095
580463 580559
581024 581119
581440 581547
581790 581890
582354 582478
582963 583065
583314 583421
583864 583949
584108 584209
584561 584652
584768 584842
585180 585271
585656 585752
586156 586264
586448 586532
586551 586632
586676 586813
587253 587366
587819 587920
588366 588462
588848 588956
589262 589345
589570 589675
589947 590049
590483 590587
590928 591036
591419 591535
591726 591812
591980 592091
592248 592372
592653 592759
592957 593066
593372 593466
593712 593771
594240 594338
594626 594706
595039 595086
595210 595318
595376 595482
595633 595699
595798 595921
595976 596064
596166 596261
596383 596476
596599 596714
597008 597123
597519 597608
597857 598004
598387 598484
598710 598803
598995 599081
599226 599300
599507 599616
600017 600138
600293 600358
600796 600917
601075 601177
601411 601558
601630 601700
602020 602106
602323 602399
602400 602503
602944 603060
603518 603580
603765 603875
604106 604208
604617 604734
604891 604978
605187 605291
605588 605725
605837 605940
605977 606073
606130 606202
606576 606643
606865 606961
607219 607302
607673 607732
607898 607975
608431 608551
608769 608895
609166 609240
609301 609395
609675 609777
610170 610293
610573 610685
611104 611212
611280 611361
611613 611698
611850 611926
612409 612498
612762 612840
612928 613017
613255 613365
613665 613754
613903 613994
614119 614233
614368 614513
614656 614749
615039 615120
615442 615569
615908 615953
616410 616513
616662 616768
617216 617293
617323 617388
617594 617686
617836 617964
618101 618226
618607 618664
618982 619124
619205 619285
619528 619628
619755 619839
620247 620334
620451 620537
620783 620922
620990 621126
621277 621385
621661 621743
621843 621923
622284 622391
622720 622774
623114 623226
623636 623746
623769 623884
624264 624347
624810 624918
625015 625138
625209 625301
625684 625784
625939 626043
626388 626502
626640 626726
627058 627158
627585 627703
627987 628069
628102 628218
628416 628511
628665 628765
629212 629287
629403 629496
629759 629833
630205 630303
630697 630775
631110 631205
631237 631342
631582 631661
631681 631750
631799 631889
631895 632016
632459 632555
632906 633007
633136 633257
633722 633795
634095 634210
634624 634731
635031 635128
635146 635249
635719 635822
636226 636333
636337 636409
636705 636814
637031 637141
637518 637612
638053 638130
638140 638238
638459 638578
638989 639103
639292 639360
639586 639699
640092 640180
640382 640493
640690 640749
640927 641022
641470 641571
641851 641958
642175 642302
642430 642579
642762 642861
642986 643031
643242 643357
643394 643486
643715 643796
643984 644093
644097 644227
644694 644818
645269 645375
645621 645718
645852 645951
646429 646532
646669 646742
646813 646926
647211 647339
647557 647626
647718 647786
648050 648163
648593 648700
648886 648995
649340 649413
649599 649676
649693 649798
650180 650264
650652 650798
650934 651049
651272 651374
651459 651586
651797 651885
652339 652428
652886 652983
653110 653203
653697 653793
653885 653971
654420 654528
654860 654960
654973 655073
655210 655295
655312 655431
655684 655803
656054 656151
656236 656347
656404 656506
656814 656880
656955 657030
657242 657294
657401 657483
657968 658072
658123 658261
658620 658717
658720 658825
659178 659301
659636 659715
659735 659863
660308 660412
660740 660836
661029 661129
661205 661293
661565 661652
661680 661780
661922 662056
662545 662660
662759 662829
663031 663124
663605 663686
663826 663934
664324 664468
664477 664582
664935 665005
665476 665598
665903 666040
666206 666259
666611 666688
666864 666943
667174 667228
667520 667593
667773 667868
668250 668370
668850 668948
669434 669530
669552 669639
669660 669752
670050 670166
670545 670677
671054 671150
671622 671764
672245 672369
672698 672765
672843 672923
673127 673229
673394 673476
673610 673740
674135 674206
674423 674538
674575 674674
675036 675172
675242 675326
675734 675850
676289 676377
676631 676775
676915 677005
677127 677232
677289 677392
677643 677744
678044 678177
678518 678638
678938 679053
679298 679398
679754 679860
680297 680404
680477 680577
680701 680777
681080 681149
681202 681315
681362 681455
681884 681988
682367 682408
682644 682736
682965 683058
683270 683368
683507 683589
683721 683829
683956 684050
684449 684518
684887 684952
685451 685529
686010 686097
686465 686539
686638 686736
687220 687301
687592 687699
687832 687914
688097 688200
688254 688313
688475 688611
688708 688797
689095 689197
689570 689674
689943 690022
690288 690354
690630 690725
690759 690850
690960 691033
691384 691505
691924 692046
692208 692317
692550 692682
692715 692790
692980 693053
693308 693383
693837 693929
694246 694340
694554 694648
694891 695001
695367 695476
695550 695639
696017 696127
696597 696694
697073 697141
697351 697437
697492 697595
697901 697983
698083 698188
698414 698521
698687 698801
698994 699128
699408 699530
699747 699835
700292 700393
700776 700877
701070 701164
701555 701641
701670 701757
702032 702125
702244 702339
702692 702778
703158 703273
703534 703633
703663 703789
704150 704287
704417 704481
704696 704810
704956 705084
705509 705576
706055 706134
706205 706283
706585 706649
707023 707114
707612 707696
708054 708187
708204 708301
708534 708623
708943 709029
709049 709165
709627 709730
709986 710071
710167 710265
710706 710789
710854 710973
711269 711355
711817 711910
712000 712126
712185 712274
712571 712699
712814 712882
713059 713190
713587 713676
713783 713891
714291 714410
714905 714960
715181 715280
715366 715477
715534 715642
715714 715819
715832 715913
716378 716467
716688 716803
716936 717067
717411 717509
717840 717967
718322 718404
718474 718575
719043 719165
719648 719745
720178 720249
720600 720732
721008 721076
721365 721426
721853 721908
722042 722118
722417 722530
722884 723002
723210 723287
723739 723844
724002 724105
724422 724530
725027 725100
725450 725533
725829 725944
726085 726211
726677 726754
726998 727112
727330 727434
727754 727850
728163 728266
728755 728864
729048 729158
729384 729475
729685 729740
729815 729920
730395 730492
730826 730942
731190 731310
731534 731649
732040 732168
732193 732311
732328 732444
732719 732800
732930 733016
733069 733179
733582 733687
734179 734300
734701 734812
734836 734916
735271 735334
735738 735824
735852 735959
736301 736422
736439 736534
736947 737053
737074 737203
737521 737612
738040 738132
738539 738629
739116 739177
739401 739483
739704 739843
739879 739994
740021 740142
740279 740390
740769 740865
741174 741294
741306 741386
741537 741604
742037 742120
742137 742240
742337 742436
742611 742721
743105 743174
743527 743633
743857 743956
744347 744467
744516 744612
744689 744777
744902 745031
745490 745582
745624 745713
745758 745858
746265 746374
746401 746508
746914 747027
747398 747500
747520 747659
747870 747988
748248 748349
748460 748572
748706 748804
749174 749267
749337 749449
749718 749854
750336 750455
750668 750772
750852 750935
751348 751481
751727 751819
751934 752003
752201 752290
752742 752862
753342 753430
753688 753795
753952 754058
754385 754481
754884 754974
755115 755203
755547 755652
755990 756075
756496 756567
756726 756839
757132 757257
757722 757833
758165 758316
758796 758901
759286 759405
759720 759826
760119 760208
760325 760429
760843 760955
761065 761191
761228 761355
761824 761935
762090 762203
762204 762338
762373 762492
762807 762944
763297 763364
763859 763949
764280 764377
764691 764790
765066 765155
765575 765683
766050 766132
766353 766451
766855 766950
767237 767328
767421 767507
767667 767769
768073 768165
768486 768563
768647 768760
769115 769222
769448 769514
769966 770057
770097 770171
770239 770346
770824 770866
771027 771101
771245 771344
771829 771922
772090 772173
772622 772724
773197 773288
773786 773856
774117 774233
774437 774520
774695 774804
775140 775269
775397 775483
775844 775953
775985 776053
776508 776580
776678 776800
777142 777216
777314 777417
777511 777599
777709 777791
778175 778247
778685 778790
779022 779129
779404 779522
779847 779960
780399 780473
780795 780883
781242 781368
781398 781496
781868 781928
782184 782301
782532 782644
782787 782862
783296 783406
783877 783947
783983 784081
784484 784581
785010 785068
785226 785342
785725 785820
785961 786057
786142 786243
786693 786811
786823 786925
787225 787313
787783 787877
787944 788092
788417 788526
788616 788685
789182 789303
789493 789590
789863 789949
790352 790455
790761 790881
791280 791331
791730 791800
791960 792069
792198 792283
792712 792829
792951 793066
793193 793290
793601 793667
793688 793803
793832 793916
794058 794158
794596 794682
794799 794909
795050 795149
795258 795360
795763 795849
796215 796299
796433 796545
796546 796675
796793 796906
797277 797380
797541 797662
797942 798029
798130 798236
798587 798655
798910 799003
799141 799210
799526 799636
799817 799883
800049 800153
800162 800277
800666 800804
800806 800886
801184 801305
801575 801691
801890 802001
802065 802179
802485 802585
803031 803116
803226 803329
803681 803791
803985 804097
804236 804337
804392 804480
804823 804948
805370 805457
805931 806047
806418 806507
806909 806999
807148 807225
807284 807418
807727 807832
808202 808298
808715 808763
809244 809332
809394 809494
809644 809740
809768 809874
810369 810466
810895 810981
811228 811318
811701 811765
811999 812119
812482 812581
812782 812873
813210 813324
813399 813496
813909 813972
814107 814192
814379 814502
814995 815102
815443 815530
815763 815914
815980 816097
816457 816576
817026 817125
817210 817320
817728 817815
818048 818165
818202 818265
818542 818633
818932 819020
819099 819132
819393 819476
819958 820078
820353 820462
820635 820703
821042 821122
821536 821647
821707 821787
821905 821984
822208 822305
822493 822572
822576 822674
822807 822937
823368 823475
823640 823753
824097 824195
824373 824470
824832 824915
825217 825320
825675 825786
826055 826172
826641 826754
827057 827153
827452 827592
827747 827815
827919 828012
828298 828403
828755 828867
828922 829049
829383 829460
829777 829865
830233 830338
830665 830746
831083 831222
831345 831423
831821 831911
832021 832122
832411 832494
832498 832583
832738 832806
832871 832969
833400 833488
833608 833731
834167 834257
834554 834619
835047 835143
835368 835487
835787 835886
836191 836269
836613 836649
836671 836758
837079 837201
837351 837475
837503 837607
838014 838126
838596 838683
838959 839038
839476 839551
839646 839769
839772 839885
840010 840086
840553 840656
840874 840951
841191 841297
841577 841678
841870 841953
842072 842160
842281 842395
842512 842614
842700 842798
843161 843253
843387 843502
843588 843699
843764 843858
843867 843963
844142 844257
844517 844631
844690 844786
845263 845346
845512 845598
845891 845979
845988 846091
846278 846356
846364 846416
846429 846517
846639 846744
847207 847332
847718 847832
847971 848037
848287 848376
848459 848572
849044 849122
849484 849600
850077 850191
850202 850297
850416 850525
850661 850769
851188 851284
851293 851362
851758 851846
852302 852411
852898 852991
853151 853277
853506 853595
853938 854037
854494 854587
855075 855180
855654 855731
855743 855839
856328 856446
856689 856807
857143 857244
857555 857691
858161 858272
858695 858805
859286 859362
859521 859597
859994 860094
860541 860658
861078 861204
861423 861563
861847 861967
862371 862439
862686 862832
862848 862975
863330 863427
863821 863888
864178 864282
864331 864435
864856 864932
865226 865311
865321 865413
865517 865616
865666 865755
865780 865865
865893 865984
866176 866251
866301 866403
866804 866896
867176 867301
867612 867710
868163 868275
868381 868458
868912 869014
869503 869658
869973 870067
870417 870491
870510 870604
871024 871111
871474 871584
872031 872106
872218 872330
872796 872890
872909 872979
873392 873475
873616 873722
874131 874234
874496 874605
874749 874881
875357 875421
875502 875591
875610 875685
875792 875909
876345 876444
876626 876714
876925 877049
877459 877573
877860 877957
878317 878395
878481 878548
878932 879017
879505 879637
879847 879932
880117 880237
880279 880338
880498 880551
880593 880700
880905 880978
881442 881562
881907 881992
882343 882445
882743 882829
883326 883442
883569 883621
884076 884189
884519 884612
884975 885069
885153 885236
885681 885760
886228 886322
886795 886878
886939 887026
887352 887461
887802 887868
887888 887978
888346 888461
888844 888921
889297 889388
889753 889832
890081 890173
890634 890751
891023 891092
891564 891664
891932 892058
892252 892373
892386 892470
892555 892667
893073 893185
893632 893730
894216 894311
894665 894746
895017 895076
895183 895285
895617 895703
895794 895879
896206 896304
896318 896395
896734 896828
896973 897105
897404 897499
897720 897856
898219 898309
898530 898635
898705 898794
899287 899399
899421 899540
899564 899633
899837 899949
899975 900073
900570 900671
901009 901099
901374 901472
901811 901889
902110 902244
902329 902445
902677 902798
903169 903283
903497 903622
903849 903969
904034 904162
904454 904546
905004 905093
905348 905441
905922 906048
906378 906494
906630 906753
906972 907101
907590 907698
908084 908181
908203 908303
908538 908613
908779 908907
908979 909117
909363 909458
909792 909893
909910 910009
910063 910160
910617 910664
910857 910964
911188 911263
911301 911446
911907 912024
912466 912522
912535 912619
912999 913135
913169 913278
913526 913641
913675 913775
913778 913889
914231 914337
914378 914485
914841 914930
915270 915344
915810 915924
916028 916149
916186 916288
916471 916565
916710 916818
917114 917224
917666 917723
917984 918053
918181 918293
918639 918719
918940 919020
919033 919114
919558 919657
919689 919774
920196 920319
920581 920699
920777 920878
921177 921253
921329 921471
921493 921585
921802 921894
921968 922058
922482 922571
922865 922960
923321 923408
923567 923685
924113 924204
924301 924405
924878 924998
925457 925597
925663 925729
926020 926081
926424 926527
926996 927086
927234 927332
927550 927704
927820 927920
928204 928315
928679 928763
929122 929216
929514 929609
930037 930158
930603 930717
930835 930924
931110 931202
931312 931414
931799 931905
932240 932358
932658 932759
932911 932996
933436 933537
933599 933685
933922 934018
934221 934314
934471 934567
934971 935065
935262 935301
935678 935772
936250 936343
936415 936536
936803 936919
937154 937257
937707 937814
937879 937956
938428 938539
939018 939100
939105 939153
939635 939740
939844 939958
940043 940126
940329 940445
940849 940957
941064 941168
941382 941468
941703 941826
941961 942060
942176 942288
942626 942719
942930 943053
943430 943546
944023 944109
944383 944444
944806 944889
945043 945132
945494 945622
945849 945937
946198 946306
946484 946572
946934 947013
947502 947618
947880 947965
948261 948353
948397 948489
948528 948622
948945 949058
949239 949341
949344 949456
949515 949625
949779 949846
949884 949993
950102 950214
950537 950605
950856 950920
951088 951202
951447 951510
951645 951756
951861 951972
952256 952375
952437 952532
952866 952981
953224 953298
953331 953449
953725 953828
954159 954273
954758 954851
955133 955213
955545 955630
955867 955973
956298 956421
956825 956929
956964 957084
957457 957572
957922 958011
958403 958522
958691 958797
958877 958972
959317 959443
959678 959770
960251 960331
960609 960727
961180 961285
961286 961374
961604 961703
962056 962143
962458 962541
962693 962788
963168 963248
963525 963632
963768 963839
964057 964149
964597 964700
964977 965057
965440 965544
965816 965888
966224 966353
966429 966548
966979 967063
967195 967296
967502 967594
967903 968032
968122 968198
968336 968422
968829 968931
969402 969461
969760 969865
970098 970229
970316 970430
970926 971022
971112 971197
971635 971735
972189 972298
972584 972664
972766 972880
973091 973211
973512 973627
973970 974080
974534 974619
975038 975144
975199 975318
975686 975776
976190 976287
976555 976689
977023 977156
977165 977265
977381 977491
977613 977750
977761 977868
978253 978341
978403 978500
978593 978698
978820 978922
979074 979190
979207 979292
979323 979428
979632 979771
980222 980342
980427 980553
980788 980878
980981 981053
981127 981222
981562 981645
981814 981921
982264 982357
982738 982825
983236 983323
983479 983596
983753 983845
984131 984258
984746 984862
985158 985298
985574 985652
985778 985871
986089 986179
986435 986556
987037 987135
987202 987306
987336 987408
987530 987633
987663 987761
988087 988206
988372 988478
988546 988625
988688 988805
988905 989014
989318 989416
989845 989905
990358 990451
990528 990630
990927 991049
991216 991317
991669 991758
991783 991875
991978 992033
992296 992398
992608 992681
992800 992909
993375 993495
993661 993739
994113 994212
994710 994801
994976 995113
995228 995333
995692 995789
996235 996335
996458 996542
996585 996721
996900 997013
997096 997217
997499 997615
997948 997998
998191 998273
998591 998669
999004 999059
999151 999277
999408 999499
999996 1000115
1000159 1000284
1000390 1000480
1000751 1000851
1001244 1001339
1001816 1001901
1001905 1002022
1002241 1002317
1002338 1002498
1002547 1002638
1002647 1002750
1003004 1003099
1003336 1003441
1003541 1003664
1003706 1003798
1003976 1004067
1004105 1004189
1004213 1004327
1004761 1004867
1005332 1005443
1005645 1005720
1005830 1005927
1006066 1006190
1006582 1006680
1006895 1007028
1007215 1007285
1007361 1007450
1007535 1007643
1007671 1007756
1008196 1008271
1008666 1008797
1009174 1009295
1009730 1009840
1009953 1010032
1010466 1010577
1011017 1011116
1011517 1011620
1011676 1011752
1011902 1012038
1012443 1012554
1012868 1012958
1013208 1013287
1013563 1013668
1013883 1013976
1014171 1014299
1014679 1014782
1014823 1014900
1015288 1015391
1015786 1015876
1016344 1016441
1016918 1017032
1017203 1017332
1017544 1017652
1018012 1018132
1018140 1018229
1018387 1018512
1018848 1018931
1019038 1019144
1019344 1019411
1019612 1019726
1019828 1019956
1020166 1020293
1020619 1020714
1020766 1020880
1021283 1021394
1021852 1021951
1022247 1022353
1022426 1022508
1022768 1022902
1023251 1023358
1023419 1023517
1023620 1023742
1024100 1024200
1024277 1024339
1024785 1024876
1025012 1025081
1025284 1025373
1025736 1025823
1025902 1026013
1026381 1026511
1026878 1026988
1027194 1027288
1027714 1027789
1028156 1028254
1028366 1028481
1028667 1028781
1029206 1029287
1029785 1029869
1030341 1030448
1030455 1030594
1030834 1030934
1031372 1031488
1031962 1032070
1032470 1032564
1032658 1032742
1033113 1033233
1033591 1033712
1033968 1034091
1034110 1034172
1034187 1034316
1034334 1034438
1034649 1034776
1035148 1035245
1035326 1035419
1035835 1035945
1036001 1036141
1036336 1036426
1036830 1036929
1037198 1037309
1037663 1037786
1038055 1038157
1038402 1038455
1038584 1038664
1038748 1038864
1038897 1039003
1039209 1039284
1039409 1039520
1039803 1039856
1040201 1040297
1040419 1040477
1040765 1040879
1041302 1041396
1041577 1041658
1042085 1042189
1042353 1042443
1042685 1042816
1043159 1043294
1043433 1043524
1043611 1043721
1043826 1043942
1044387 1044479
1044638 1044732
1045076 1045136
1045393 1045471
1045841 1045904
1045971 1046107
1046117 1046194
1046320 1046415
1046447 1046543
1046823 1046934
1047190 1047277
1047311 1047421
1047475 1047556
1047841 1047937
1048116 1048233
1048250 1048355
1048673 1048751
1048985 1049071
1049379 1049468
1049660 1049755
1050060 1050158
1050473 1050582
1050830 1050936
1051297 1051391
1051677 1051795
1051925 1052014
1052460 1052549
1052861 1052933
1053043 1053099
1053185 1053302
1053434 1053502
1053925 1054035
1054405 1054512
1054661 1054773
1055271 1055371
1055530 1055618
1055920 1055986
1056154 1056277
1056761 1056852
1057166 1057250
1057280 1057346
1057799 1057916
1058113 1058211
1058430 1058524
1058976 1059076
1059180 1059286
1059559 1059632
1060090 1060177
1060634 1060759
1061079 1061168
1061434 1061539
1061820 1061924
1062265 1062374
1062803 1062908
1063167 1063231
1063452 1063529
1063995 1064132
1064482 1064597
1064987 1065087
1065386 1065497
1065836 1065941
1065977 1066063
1066266 1066365
1066594 1066720
1066758 1066895
1067008 1067096
1067525 1067573
1067612 1067706
1068029 1068093
1068500 1068576
1068954 1069052
1069195 1069296
1069701 1069782
1069870 1070015
1070371 1070517
1070788 1070891
1070990 1071073
1071176 1071267
1071524 1071606
1071824 1071932
1072155 1072248
1072663 1072778
1072906 1073005
1073233 1073330
1073493 1073584
1073967 1074066
1074094 1074159
1074362 1074476
1074558 1074644
1074933 1075012
1075211 1075330
1075598 1075692
1076144 1076218
1076412 1076478
1076830 1076932
1077003 1077112
1077567 1077653
1077699 1077816
1077997 1078062
1078314 1078426
1078469 1078574
1078885 1079000
1079122 1079214
1079536 1079619
1079845 1079914
1080259 1080376
1080535 1080627
1081008 1081147
1081501 1081600
1081790 1081880
1082127 1082249
1082654 1082730
1082881 1082954
1083306 1083430
1083586 1083686
1083707 1083784
1083923 1084042
1084051 1084135
1084521 1084643
1084901 1084999
1085242 1085335
1085584 1085674
1085852 1085919
1086160 1086244
1086553 1086667
1086966 1087060
1087108 1087172
1087329 1087423
1087895 1087993
1088119 1088220
1088429 1088541
1088897 1089023
1089410 1089555
1089848 1089966
1090347 1090453
1090845 1090957
1091274 1091401
1091741 1091839
1091845 1091939
1092413 1092504
1092520 1092623
1092962 1093079
1093158 1093266
1093472 1093560
1093689 1093762
1093795 1093861
1094084 1094175
1094244 1094352
1094498 1094598
1094639 1094729
1095000 1095080
1095246 1095354
1095441 1095527
1095537 1095683
1096007 1096124
1096568 1096658
1096983 1097093
1097466 1097580
1097822 1097923
1098039 1098142
1098416 1098504
1098766 1098872
1099019 1099111
1099542 1099639
1099640 1099745
1099955 1100060
1100181 1100309
1100691 1100810
1101035 1101132
1101237 1101341
1101617 1101716
1101760 1101861
1102163 1102252
1102496 1102586
1102896 1103005
1103085 1103153
1103433 1103539
1103653 1103760
1103762 1103875
1103915 1104005
1104378 1104473
1104582 1104681
1105041 1105144
1105478 1105588
1105881 1105957
1106249 1106366
1106760 1106852
1106949 1107040
1107339 1107454
1107544 1107674
1108049 1108148
1108188 1108255
1108397 1108523
1108705 1108819
1109163 1109248
1109710 1109804
1109981 1110087
1110302 1110419
1110797 1110893
1111089 1111175
1111655 1111797
1112234 1112352
1112579 1112706
1113035 1113155
1113650 1113748
1113831 1113907
1114065 1114191
1114201 1114298
1114476 1114569
1114662 1114783
1115231 1115357
1115377 1115504
1115513 1115653
1115850 1115955
1116400 1116479
1116522 1116623
1117017 1117148
1117476 1117568
1117883 1117959
1118435 1118539
1118612 1118734
1119008 1119087
1119271 1119378
1119446 1119561
1119777 1119859
1120181 1120286
1120648 1120779
1121002 1121090
1121268 1121367
1121786 1121883
1122319 1122407
1122448 1122538
1122736 1122851
1123055 1123164
1123198 1123301
1123706 1123810
1123920 1124024
1124189 1124305
1124677 1124769
1125075 1125187
1125505 1125625
1126009 1126086
1126366 1126465
1126961 1127045
1127069 1127190
1127469 1127563
1127687 1127793
1128259 1128336
1128366 1128489
1128959 1129086
1129113 1129207
1129220 1129313
1129688 1129784
1130241 1130356
1130570 1130663
1130765 1130835
1131221 1131317
1131652 1131771
1132148 1132257
1132315 1132419
1132599 1132692
1132966 1133065
1133131 1133212
1133429 1133546
1133614 1133720
1134057 1134189
1134472 1134591
1134902 1135021
1135073 1135161
1135187 1135284
1135473 1135575
1135951 1136069
1136254 1136347
1136433 1136508
1136894 1136965
1137348 1137423
1137881 1138018
1138442 1138530
1139004 1139117
1139572 1139658
1140103 1140254
1140656 1140779
1141057 1141169
1141226 1141309
1141645 1141743
1141918 1142031
1142086 1142187
1142420 1142475
1142709 1142817
1142830 1142942
1142983 1143069
1143506 1143589
1143697 1143806
1143824 1143933
1144366 1144478
1144785 1144868
1145255 1145358
1145494 1145577
1145646 1145776
1146202 1146272
1146586 1146659
1146953 1147062
1147113 1147204
1147551 1147609
1148068 1148162
1148564 1148657
1148658 1148753
1148851 1148962
1149160 1149292
1149500 1149591
1149958 1150091
1150310 1150392
1150451 1150528
1150722 1150829
1151024 1151121
1151243 1151355
1151721 1151807
1152037 1152153
1152458 1152521
1152627 1152719
1153172 1153306
1153383 1153493
1153701 1153819
1154191 1154297
1154622 1154718
1154889 1155024
1155130 1155225
1155333 1155449
1155486 1155594
1156088 1156231
1156557 1156639
1156823 1156879
1157263 1157379
1157666 1157733
1157804 1157881
1158077 1158160
1158406 1158479
1158962 1159054
1159452 1159529
1159819 1159913
1160115 1160210
1160284 1160414
1160547 1160640
1161045 1161116
1161479 1161578
1161896 1161991
1162329 1162401
1162734 1162877
1162973 1163085
1163412 1163502
1163517 1163646
1163662 1163762
1164209 1164289
1164354 1164450
1164929 1165037
1165101 1165197
1165309 1165389
1165471 1165550
1165808 1165902
1166024 1166137
1166306 1166396
1166528 1166629
1167009 1167093
1167477 1167582
1167997 1168098
1168376 1168469
1168841 1168938
1169336 1169449
1169497 1169597
1169643 1169730
1169792 1169906
1170128 1170229
1170371 1170486
1170702 1170808
1170992 1171114
1171319 1171414
1171621 1171705
1171780 1171915
1172335 1172405
1172826 1172934
1172984 1173092
1173360 1173452
1173686 1173751
1174041 1174106
1174516 1174593
1174950 1175032
1175125 1175181
1175337 1175431
1175506 1175575
1176060 1176137
1176557 1176648
1176990 1177087
1177321 1177446
1177861 1177952
1178321 1178413
1178709 1178793
1178987 1179103
1179396 1179522
1179972 1180065
1180367 1180488
1180541 1180632
1180981 1181057
1181124 1181205
1181627 1181740
1181782 1181868
1182241 1182342
1182690 1182739
1183102 1183188
1183208 1183299
1183537 1183639
1184073 1184167
1184641 1184777
1185229 1185308
1185680 1185773
1186254 1186378
1186705 1186800
1186845 1186961
1187130 1187219
1187312 1187417
1187890 1187995
1188136 1188221
1188535 1188659
1188994 1189091
1189359 1189441
1189854 1189954
1190259 1190384
1190506 1190608
1190825 1190920
1191405 1191519
1191829 1191967
1192427 1192551
1192940 1193041
1193523 1193619
1193793 1193876
1193993 1194085
1194260 1194334
1194675 1194788
1195111 1195240
1195599 1195713
1195759 1195884
1196306 1196399
1196674 1196769
1197089 1197215
1197336 1197427
1197877 1197971
1198414 1198498
1198715 1198799
1198842 1198961
1199203 1199311
1199756 1199863
1200131 1200212
1200508 1200592
1201083 1201189
1201558 1201674
1201859 1201949
1202003 1202111
1202126 1202226
1202288 1202443
1202832 1202953
1203025 1203147
1203414 1203536
1203871 1203988
1204132 1204231
1204715 1204804
1204834 1204933
1205077 1205184
1205543 1205662
1206079 1206175
1206264 1206357
1206554 1206634
1206890 1206991
1207370 1207495
1207605 1207752
1208174 1208238
1208619 1208726
1209204 1209290
1209583 1209667
1210020 1210095
1210444 1210585
1210586 1210699
1211174 1211266
1211514 1211620
1212099 1212220
1212409 1212528
1212676 1212780
1213228 1213321
1213526 1213618
1213917 1214035
1214242 1214345
1214447 1214513
1214922 1215012
1215489 1215596
1215814 1215914
1216064 1216151
1216223 1216339
1216519 1216635
1217053 1217147
1217242 1217336
1217545 1217623
1218052 1218135
1218224 1218301
1218520 1218634
1219101 1219213
1219370 1219454
1219783 1219892
1220133 1220221
1220356 1220439
1220500 1220623
1220950 1221038
1221353 1221499
1221566 1221695
1221892 1221976
1222462 1222536
1222763 1222901
1223230 1223344
1223811 1223906
1224398 1224505
1224873 1224965
1225381 1225523
1226016 1226139
1226241 1226364
1226504 1226577
1226834 1226913
1227089 1227193
1227316 1227439
1227592 1227701
1227790 1227872
1228130 1228192
1228312 1228400
1228732 1228833
1228851 1228922
1229132 1229229
1229545 1229636
1229811 1229884
1230267 1230385
1230627 1230740
1230930 1231061
1231360 1231452
1231564 1231633
1232000 1232094
1232113 1232225
1232227 1232355
1232780 1232868
1233105 1233172
1233508 1233622
1234027 1234126
1234388 1234483
1234908 1235035
1235325 1235407
1235673 1235755
1236081 1236196
1236682 1236782
1237149 1237306
1237429 1237534
1237808 1237941
1238053 1238156
1238517 1238656
1239005 1239088
1239124 1239237
1239643 1239750
1240031 1240116
1240145 1240208
1240407 1240521
1240983 1241081
1241524 1241617
1241874 1241943
1242180 1242269
1242345 1242477
1242749 1242859
1243264 1243363
1243620 1243712
1244034 1244135
1244265 1244345
1244583 1244686
1244811 1244919
1245294 1245382
1245665 1245793
1245824 1245914
1246347 1246446
1246824 1246894
1247022 1247135
1247364 1247424
1247719 1247837
1248257 1248332
1248579 1248682
1248787 1248915
1249187 1249294
1249683 1249771
1249846 1249933
1250293 1250403
1250890 1250996
1251436 1251529
1251575 1251679
1252136 1252255
1252394 1252497
1252992 1253092
1253429 1253524
1253772 1253813
1254183 1254285
1254772 1254873
1254902 1255031
1255292 1255373
1255569 1255647
1255651 1255787
1255958 1256053
1256252 1256383
1256561 1256677
1256851 1256919
1257146 1257280
1257316 1257382
1257456 1257558
1257643 1257720
1258182 1258261
1258687 1258800
1259259 1259381
1259481 1259575
1259836 1259943
1260287 1260336
1260815 1260933
1261297 1261387
1261568 1261671
1261784 1261898
1262382 1262478
1262971 1263063
1263184 1263282
1263512 1263617
1263753 1263868
1263869 1263973
1264419 1264488
1264548 1264614
1265054 1265169
1265228 1265302
1265362 1265481
1265935 1266043
1266396 1266475
1266924 1267027
1267119 1267239
1267334 1267403
1267550 1267624
1267759 1267883
1268060 1268174
1268212 1268293
1268350 1268461
1268682 1268783
1268822 1268931
1269024 1269100
1269218 1269299
1269427 1269517
1269609 1269706
1270071 1270160
1270351 1270434
1270506 1270608
1270723 1270848
1271070 1271162
1271462 1271527
1271833 1271928
1272048 1272122
1272507 1272611
1273013 1273113
1273557 1273673
1273916 1274010
1274397 1274482
1274507 1274614
1275035 1275144
1275197 1275292
1275382 1275462
1275860 1275967
1275976 1276042
1276313 1276392
1276595 1276692
1277005 1277133
1277588 1277700
1278083 1278190
1278269 1278379
1278613 1278693
1278729 1278831
1279222 1279336
1279487 1279593
1279598 1279707
1279977 1280093
1280128 1280228
1280283 1280330
1280738 1280847
1280917 1280997
1281456 1281568
1281635 1281719
1282005 1282088
1282353 1282476
1282766 1282848
1283096 1283159
1283226 1283332
1283582 1283702
1283878 1284015
1284492 1284603
1284971 1285037
1285099 1285220
1285566 1285657
1285777 1285886
1286009 1286110
1286580 1286698
1286878 1287000
1287080 1287166
1287448 1287524
1287831 1287936
1288299 1288405
1288487 1288615
1289011 1289096
1289235 1289293
1289734 1289808
1289828 1289881
1289911 1290008
1290446 1290557
1290680 1290769
1291154 1291287
1291698 1291783
1291793 1291890
1292276 1292402
1292736 1292803
1292962 1293093
1293436 1293569
1293986 1294116
1294530 1294652
1294906 1294990
1295223 1295313
1295768 1295873
1296122 1296239
1296511 1296644
1296817 1296891
1297350 1297424
1297595 1297728
1297835 1297963
1297971 1298055
1298116 1298190
1298387 1298472
1298735 1298858
1299011 1299084
1299479 1299571
1299590 1299673
1299830 1299914
1300194 1300297
1300538 1300675
1301093 1301190
1301539 1301657
1302103 1302187
1302594 1302718
1302918 1303036
1303341 1303446
1303846 1303949
1303953 1304077
1304107 1304222
1304323 1304430
1304656 1304736
1305012 1305102
1305441 1305571
1305717 1305821
1305904 1306002
1306120 1306213
1306408 1306482
1306622 1306744
1307138 1307219
1307646 1307765
1308061 1308164
1308547 1308690
1309081 1309174
1309210 1309314
1309413 1309513
1309827 1309954
1310077 1310194
1310322 1310410
1310833 1310943
1310955 1311085
1311433 1311552
1312015 1312095
1312525 1312637
1313124 1313237
1313464 1313570
1313657 1313728
1313762 1313884
1314265 1314363
1314595 1314688
1314983 1315103
1315295 1315360
1315844 1315967
1316166 1316303
1316471 1316511
1316870 1316976
1317239 1317329
1317600 1317690
1317922 1318041
1318455 1318563
1318913 1318987
1319385 1319461
1319740 1319862
1320198 1320292
1320760 1320847
1320963 1321076
1321174 1321286
1321407 1321526
1321913 1321967
1322159 1322265
1322568 1322676
1322749 1322860
1322923 1323017
1323454 1323508
1324007 1324130
1324604 1324718
1324965 1325070
1325513 1325602
1325770 1325869
1326190 1326259
1326493 1326609
1326672 1326791
1326808 1326979
1327329 1327408
1327867 1327967
1328247 1328342
1328721 1328821
1328857 1328950
1329017 1329121
1329351 1329444
1329527 1329618
1330090 1330212
1330649 1330726
1331006 1331096
1331159 1331260
1331666 1331755
1332186 1332277
1332538 1332632
1333105 1333225
1333719 1333851
1333920 1334025
1334351 1334459
1334724 1334815
1334823 1334927
1335323 1335407
1335893 1335993
1336358 1336471
1336558 1336662
1337053 1337151
1337442 1337534
1337766 1337890
1338143 1338238
1338507 1338616
1338702 1338808
1339163 1339279
1339466 1339590
1339649 1339729
1339761 1339866
1340079 1340160
1340369 1340474
1340725 1340830
1341001 1341091
1341253 1341385
1341799 1341869
1342013 1342061
1342356 1342471
1342872 1342990
1343247 1343371
1343496 1343595
1343711 1343812
1344269 1344360
1344686 1344788
1345058 1345157
1345361 1345460
1345781 1345882
1346359 1346460
1346823 1346973
1347052 1347111
1347485 1347613
1348012 1348114
1348164 1348291
1348375 1348461
1348548 1348609
1348654 1348745
1348769 1348842
1348900 1348982
1349024 1349096
1349463 1349529
1349899 1350006
1350297 1350397
1350518 1350629
1351014 1351091
1351339 1351424
1351590 1351713
1351958 1352053
1352088 1352231
1352408 1352528
1352608 1352709
1352798 1352900
1353183 1353313
1353397 1353525
1353669 1353748
1353772 1353841
1354151 1354226
1354651 1354765
1354939 1355023
1355157 1355243
1355699 1355789
1356008 1356122
1356464 1356572
1356582 1356689
1357016 1357117
1357488 1357582
1357664 1357752
1357785 1357895
1357919 1358042
1358390 1358486
1358684 1358757
1359151 1359243
1359332 1359429
1359907 1359996
1360376 1360481
1360665 1360739
1360975 1361071
1361271 1361350
1361449 1361514
1361691 1361784
1361913 1362003
1362296 1362361
1362747 1362867
1363217 1363305
1363430 1363532
1363582 1363707
1363898 1364022
1364519 1364646
1364909 1364994
1365091 1365170
1365249 1365325
1365593 1365668
1366156 1366236
1366589 1366702
1367053 1367146
1367542 1367644
1367685 1367793
1368045 1368118
1368544 1368693
1368936 1369046
1369410 1369525
1369600 1369704
1369708 1369831
1369936 1370065
1370446 1370520
1370866 1371005
1371364 1371446
1371734 1371797
1372032 1372101
1372367 1372446
1372787 1372860
1372876 1372960
1373173 1373279
1373646 1373762
1373863 1373991
1374352 1374448
1374611 1374723
1375071 1375168
1375416 1375485
1375545 1375629
1376085 1376173
1376484 1376555
1376621 1376681
1377086 1377154
1377596 1377685
1378122 1378219
1378221 1378316
1378527 1378640
1379020 1379086
1379318 1379403
1379443 1379556
1379780 1379886
1380193 1380305
1380700 1380812
1381081 1381160
1381260 1381333
1381507 1381623
1381987 1382113
1382264 1382367
1382516 1382627
1383046 1383135
1383603 1383743
1384242 1384313
1384811 1384959
1385033 1385124
1385537 1385636
1385672 1385752
1386247 1386328
1386674 1386774
1387091 1387186
1387585 1387672
1388164 1388252
1388441 1388556
1388983 1389111
1389364 1389433
1389773 1389878
1390302 1390386
1390421 1390515
1390812 1390901
1391355 1391466
1391958 1392078
1392404 1392465
1392675 1392741
1392933 1393049
1393346 1393427
1393769 1393868
1394285 1394393
1394664 1394753
1395106 1395215
1395230 1395322
1395778 1395861
1396332 1396439
1396767 1396884
1397183 1397302
1397523 1397618
1397915 1398050
1398308 1398389
1398544 1398637
1399043 1399164
1399263 1399389
1399646 1399761
1400221 1400299
1400467 1400577
1400772 1400872
1400916 1401004
1401390 1401498
1401910 1401988
1402453 1402555
1403039 1403137
1403141 1403263
1403435 1403566
1404015 1404063
1404071 1404187
1404306 1404410
1404607 1404723
1405065 1405167
1405599 1405688
1406116 1406217
1406662 1406727
1406739 1406833
1407298 1407386
1407702 1407799
1407906 1407998
1408092 1408188
1408201 1408311
1408639 1408733
1408750 1408850
1408851 1408964
1409432 1409538
1409765 1409838
1410063 1410143
1410370 1410458
1410780 1410894
1411115 1411184
1411312 1411404
1411514 1411648
1412069 1412167
1412613 1412730
1412897 1413000
1413229 1413337
1413624 1413742
1414084 1414172
1414671 1414773
1415194 1415290
1415451 1415531
1415602 1415708
1416054 1416135
1416158 1416235
1416296 1416405
1416440 1416543
1416593 1416699
1417031 1417134
1417469 1417540
1417545 1417640
1417816 1417909
1418380 1418471
1418918 1419030
1419032 1419127
1419180 1419280
1419637 1419724
1420194 1420342
1420448 1420525
1421012 1421136
1421372 1421499
1421652 1421751
1422195 1422300
1422405 1422515
1422684 1422759
1423069 1423184
1423444 1423547
1423753 1423855
1424006 1424106
1424517 1424640
1424698 1424832
1424869 1424956
1425390 1425468
1425654 1425755
1426228 1426350
1426772 1426813
1426825 1426973
1427133 1427211
1427541 1427649
1428024 1428122
1428597 1428646
1429142 1429245
1429627 1429699
1430126 1430253
1430357 1430457
1430618 1430742
1431197 1431299
1431698 1431797
1431899 1432002
1432474 1432587
1432817 1432883
1433026 1433082
1433121 1433202
1433212 1433310
1433406 1433491
1433758 1433874
1434082 1434167
1434276 1434424
1434672 1434760
1435231 1435348
1435752 1435873
1436260 1436370
1436622 1436703
1436797 1436905
1437327 1437441
1437629 1437700
1437919 1438026
1438501 1438618
1438671 1438777
1439030 1439098
1439311 1439394
1439480 1439596
1439977 1440057
1440329 1440390
1440820 1440910
1441177 1441263
1441754 1441856
1442341 1442419
1442718 1442779
1443063 1443157
1443579 1443689
1443967 1444073
1444171 1444249
1444428 1444505
1444756 1444829
1445254 1445349
1445478 1445597
1445753 1445863
1445962 1446065
1446356 1446442
1446767 1446891
1447376 1447461
1447652 1447770
1448144 1448276
1448366 1448459
1448701 1448818
1449129 1449201
1449207 1449281
1449295 1449410
1449560 1449665
1450124 1450228
1450479 1450577
1450996 1451108
1451303 1451405
1451859 1451940
1451975 1452086
1452585 1452678
1452932 1453026
1453510 1453625
1454054 1454151
1454219 1454334
1454752 1454873
1455129 1455242
1455269 1455376
1455484 1455528
1455897 1455975
1456390 1456485
1456727 1456815
1457253 1457340
1457509 1457592
1457935 1458019
1458412 1458503
1458855 1458980
1459393 1459478
1459549 1459644
1459688 1459805
1459871 1459958
1460253 1460346
1460455 1460540
1460857 1460965
1461324 1461451
1461584 1461724
1462064 1462149
1462632 1462720
1463083 1463212
1463380 1463481
1463975 1464103
1464484 1464554
1464720 1464816
1465294 1465399
1465620 1465728
1465855 1465965
1466073 1466163
1466398 1466505
1466674 1466801
1467058 1467113
1467384 1467486
1467883 1467963
1468288 1468419
1468693 1468770
1469151 1469219
1469435 1469538
1469576 1469681
1469772 1469925
1470294 1470375
1470528 1470610
1470726 1470804
1471236 1471341
1471679 1471770
1472188 1472288
1472559 1472693
1473075 1473197
1473540 1473621
1473844 1473930
1474235 1474320
1474541 1474620
1474649 1474751
1475198 1475294
1475573 1475697
1475698 1475824
1475909 1476007
1476255 1476362
1476692 1476745
1477093 1477180
1477618 1477736
1477943 1478046
1478509 1478638
1478998 1479100
1479482 1479612
1479615 1479760
1479871 1479972
1480418 1480504
1480958 1481046
1481194 1481301
1481381 1481498
1481511 1481607
1481847 1481900
1482070 1482188
1482574 1482668
1482861 1482966
1483106 1483256
1483659 1483764
1484045 1484130
1484427 1484533
1484904 1484999
1485417 1485493
1485813 1485944
1486297 1486411
1486514 1486644
1486676 1486811
1487027 1487097
1487279 1487365
1487788 1487903
1488092 1488191
1488213 1488309
1488565 1488672
1488916 1489016
1489468 1489575
1489593 1489689
1489870 1489958
1490216 1490303
1490791 1490911
1491071 1491168
1491515 1491644
1491910 1492020
1492343 1492456
1492635 1492783
1493012 1493121
1493499 1493619
1493740 1493866
1494156 1494253
1494305 1494412
1494826 1494915
1494930 1495037
1495353 1495451
1495524 1495628
1495744 1495858
1496274 1496352
1496718 1496840
1496885 1497015
1497083 1497199
1497593 1497704
1497899 1497971
1498113 1498225
1498605 1498680
1498799 1498894
1499143 1499247
1499407 1499507
1499564 1499665
1500159 1500277
1500624 1500713
1500915 1501010
1501335 1501399
1501512 1501629
1501741 1501879
1502354 1502434
1502505 1502630
1503031 1503123
1503180 1503286
1503376 1503446
1503871 1503944
1504001 1504080
1504532 1504674
1504796 1504910
1505025 1505128
1505182 1505275
1505704 1505834
1506183 1506273
1506702 1506781
1507260 1507378
1507541 1507636
1507963 1508049
1508496 1508591
1508925 1509030
1509037 1509104
1509373 1509473
1509802 1509914
1509939 1510031
1510169 1510270
1510647 1510764
1510885 1511005
1511455 1511530
1511628 1511727
1511871 1512002
1512392 1512463
1512959 1513037
1513417 1513471
1513724 1513801
1514144 1514275
1514607 1514684
1515182 1515248
1515323 1515403
1515420 1515557
1515800 1515909
1515952 1516064
1516416 1516549
1516877 1516959
1517173 1517285
1517608 1517734
1517833 1517972
1518121 1518232
1518294 1518436
1518595 1518686
1518809 1518909
1519186 1519276
1519644 1519741
1520012 1520104
1520425 1520517
1520859 1520959
1521083 1521161
1521524 1521644
1521792 1521880
1521961 1522081
1522374 1522450
1522741 1522819
1523169 1523282
1523635 1523747
1523994 1524075
1524196 1524309
1524475 1524563
1524894 1524997
1525332 1525447
1525884 1525975
1526036 1526118
1526347 1526454
1526616 1526696
1526741 1526823
1527311 1527409
1527780 1527882
1528355 1528452
1528811 1528951
1529071 1529179
1529511 1529574
1529662 1529762
1529794 1529888
1530217 1530312
1530557 1530648
1530661 1530730
1530791 1530917
1531238 1531332
1531811 1531935
1532038 1532105
1532489 1532592
1532678 1532751
1532966 1533043
1533383 1533469
1533786 1533878
1533980 1534058
1534276 1534352
1534731 1534819
1534943 1535030
1535141 1535244
1535251 1535365
1535599 1535713
1535830 1535900
1536313 1536384
1536504 1536589
1537002 1537109
1537339 1537418
1537436 1537514
1537863 1537953
1538024 1538133
1538620 1538708
1538997 1539112
1539512 1539629
1539777 1539883
1540347 1540458
1540502 1540603
1540648 1540731
1540818 1540903
1541388 1541514
1541715 1541803
1542148 1542241
1542449 1542547
1542768 1542845
1543333 1543400
1543506 1543637
1543641 1543732
1544062 1544150
1544422 1544526
1544854 1544967
1545139 1545250
1545397 1545466
1545715 1545813
1545957 1546064
1546270 1546387
1546570 1546668
1546701 1546821
1547262 1547381
1547653 1547734
1547775 1547868
1548209 1548299
1548423 1548554
1548588 1548674
1548890 1548974
1549044 1549159
1549612 1549719
1550032 1550121
1550453 1550550
1550709 1550826
1551031 1551151
1551314 1551429
1551563 1551681
1551934 1552017
1552231 1552325
1552567 1552671
1552690 1552855
1553070 1553151
1553280 1553344
1553609 1553728
1554028 1554110
1554169 1554281
1554473 1554582
1554613 1554697
1554737 1554834
1554874 1554968
1555232 1555319
1555676 1555799
1556294 1556399
1556543 1556620
1557003 1557103
1557480 1557588
1557772 1557886
1558127 1558214
1558652 1558705
1559068 1559154
1559490 1559587
1559771 1559898
1559928 1560031
1560227 1560316
1560324 1560452
1560543 1560641
1560723 1560814
1560943 1561043
1561410 1561519
1561578 1561683
1561846 1561959
1562079 1562158
1562594 1562666
1562740 1562844
1563244 1563352
1563396 1563488
1563616 1563704
1563924 1564066
1564367 1564474
1564969 1565080
1565409 1565502
1565918 1565990
1566006 1566095
1566319 1566414
1566905 1566992
1567010 1567089
1567576 1567672
1567846 1567946
1568214 1568289
1568751 1568868
1569033 1569113
1569273 1569393
1569890 1569954
1570117 1570181
1570642 1570766
1570833 1570926
1571422 1571484
1571905 1572002
1572496 1572608
1572931 1573042
1573445 1573578
1574030 1574158
1574391 1574498
1574732 1574828
1574942 1575067
1575077 1575191
1575292 1575447
1575815 1575925
1576023 1576155
1576196 1576276
1576499 1576560
1576930 1577041
1577191 1577284
1577482 1577619
1577762 1577824
1577838 1577889
1578000 1578069
1578223 1578310
1578579 1578649
1578920 1579011
1579466 1579553
1579864 1579964
1580429 1580556
1580935 1581019
1581296 1581424
1581449 1581549
1581704 1581788
1581867 1581976
1582247 1582348
1582779 1582847
1583160 1583261
1583636 1583760
1583861 1583946
1584398 1584499
1584924 1585039
1585253 1585337
1585411 1585508
1585971 1586097
1586469 1586562
1586641 1586729
1587029 1587113
1587417 1587488
1587612 1587697
1587733 1587812
1588081 1588158
1588623 1588737
1589097 1589177
1589486 1589570
1589786 1589886
1590384 1590482
1590515 1590606
1590894 1590985
1591017 1591117
1591247 1591312
1591697 1591788
1591792 1591900
1592224 1592305
1592748 1592817
1593230 1593333
1593776 1593867
1593927 1594006
1594069 1594174
1594214 1594332
1594740 1594854
1595311 1595403
1595615 1595691
1595838 1595934
1596425 1596524
1596868 1596996
1597208 1597304
1597694 1597791
1598276 1598378
1598538 1598653
1599120 1599226
1599622 1599695
1599883 1599992
1600345 1600484
1600744 1600847
1601060 1601127
1601501 1601576
1601583 1601689
1601997 1602076
1602217 1602306
1602780 1602902
1603311 1603443
1603568 1603671
1604074 1604188
1604288 1604392
1604520 1604617
1604637 1604727
1605219 1605309
1605395 1605510
1606000 1606112
1606508 1606635
1607081 1607209
1607694 1607787
1607969 1608064
1608165 1608292
1608497 1608580
1608883 1608991
1609402 1609488
1609944 1610027
1610032 1610132
1610402 1610511
1610784 1610848
1611289 1611442
1611747 1611835
1612191 1612312
1612332 1612432
1612553 1612643
1612758 1612842
1612934 1613025
1613128 1613242
1613518 1613603
1613731 1613818
1613981 1614103
1614409 1614520
1615010 1615079
1615102 1615196
1615280 1615374
1615632 1615729
1616076 1616208
1616268 1616370
1616766 1616890
1617175 1617252
1617388 1617483
1617933 1618023
1618377 1618478
1618588 1618687
1618802 1618888
1619139 1619217
1619687 1619798
1620043 1620147
1620636 1620729
1621089 1621200
1621628 1621728
1622106 1622247
1622735 1622876
1623071 1623194
1623532 1623641
1624036 1624135
1624310 1624418
1624452 1624519
1624791 1624900
1625006 1625100
1625268 1625368
1625539 1625674
1625987 1626093
1626231 1626322
1626463 1626548
1627038 1627146
1627538 1627627
1627975 1628034
1628393 1628511
1628938 1629038
1629254 1629327
1629763 1629929
1630416 1630530
1630670 1630734
1630933 1631011
1631057 1631158
1631554 1631661
1631778 1631880
1631943 1632038
1632526 1632614
1632871 1632962
1633415 1633518
1633891 1633976
1634243 1634351
1634846 1634969
1635134 1635237
1635499 1635596
1636015 1636120
1636555 1636636
1636643 1636731
1637029 1637129
1637247 1637332
1637679 1637769
1638019 1638120
1638343 1638442
1638483 1638603
1639101 1639261
1639627 1639755
1640182 1640270
1640465 1640554
1641033 1641134
1641539 1641642
1641710 1641801
1641973 1642077
1642401 1642474
1642490 1642592
1642835 1642961
1643455 1643573
1643584 1643670
1643854 1643969
1644010 1644122
1644130 1644250
1644507 1644651
1644803 1644879
1645221 1645330
1645628 1645736
1645781 1645907
1646235 1646317
1646655 1646731
1646977 1647037
1647182 1647301
1647691 1647787
1648219 1648320
1648371 1648439
1648757 1648867
1649124 1649245
1649532 1649629
1649962 1650098
1650460 1650580
1650591 1650670
1650868 1651015
1651236 1651321
1651680 1651795
1651830 1651902
1652176 1652267
1652736 1652865
1653308 1653409
1653848 1653914
1653926 1654016
1654506 1654585
1655025 1655159
1655539 1655636
1655749 1655850
1656214 1656318
1656787 1656885
1657072 1657150
1657629 1657703
1657981 1658084
1658188 1658260
1658652 1658745
1658855 1658958
1659385 1659511
1659549 1659649
1660053 1660105
1660451 1660569
1660818 1660904
1661186 1661285
1661771 1661885
1662253 1662331
1662414 1662486
1662966 1663081
1663211 1663308
1663741 1663849
1663861 1663955
1664315 1664423
1664548 1664623
1664709 1664829
1665201 1665292
1665595 1665689
1666025 1666133
1666238 1666335
1666419 1666480
1666626 1666717
1667010 1667090
1667321 1667405
1667687 1667768
1667951 1668070
1668156 1668258
1668557 1668617
1668699 1668822
1669137 1669221
1669223 1669315
1669516 1669592
1669759 1669814
1670091 1670206
1670569 1670667
1670828 1670908
1671059 1671164
1671345 1671422
1671479 1671602
1671829 1671969
1672168 1672243
1672279 1672359
1672474 1672567
1672602 1672699
1672958 1673029
1673368 1673457
1673610 1673694
1673912 1673985
1674036 1674142
1674335 1674400
1674663 1674808
1674876 1674976
1675275 1675389
1675585 1675702
1675747 1675838
1675914 1676052
1676087 1676184
1676240 1676333
1676775 1676883
1677070 1677197
1677266 1677371
1677590 1677658
1677904 1677981
1678137 1678246
1678692 1678811
1679206 1679282
1679771 1679879
1680235 1680347
1680458 1680597
1680811 1680921
1681415 1681517
1681569 1681668
1681674 1681772
1682226 1682320
1682495 1682588
1682678 1682745
1683192 1683269
1683366 1683481
1683636 1683755
1684093 1684171
1684258 1684338
1684477 1684587
1684805 1684892
1684974 1685080
1685506 1685604
1685840 1685948
1686121 1686236
1686252 1686343
1686442 1686541
1686575 1686692
1686974 1687058
1687513 1687640
1687665 1687751
1688213 1688308
1688607 1688731
1688747 1688834
1689248 1689339
1689672 1689767
1690159 1690266
1690432 1690540
1690844 1690948
1691334 1691452
1691949 1692087
1692501 1692618
1692916 1693018
1693373 1693432
1693479 1693604
1693834 1693925
1694072 1694199
1694266 1694376
1694600 1694689
1695165 1695289
1695418 1695567
1695896 1695984
1696420 1696525
1696879 1696981
1697033 1697143
1697484 1697595
1697843 1697973
1698085 1698206
1698572 1698675
1698939 1699028
1699116 1699212
1699482 1699589
1699924 1700040
1700064 1700148
1700606 1700704
1700885 1700986
1701108 1701206
1701406 1701518
1701656 1701772
1702173 1702269
1702349 1702431
1702916 1702996
1703308 1703415
1703596 1703678
1703982 1704084
1704125 1704257
1704268 1704369
1704746 1704832
1705252 1705325
1705695 1705800
1706222 1706323
1706678 1706784
1706904 1706961
1707271 1707411
1707866 1707971
1708463 1708554
1708844 1708944
1709067 1709197
1709479 1709567
1710032 1710131
1710420 1710521
1710622 1710754
1710998 1711089
1711522 1711601
1711931 1712048
1712427 1712510
1712697 1712771
1713236 1713361
1713591 1713714
1713951 1714064
1714501 1714639
1714974 1715094
1715142 1715232
1715263 1715341
1715610 1715694
1715766 1715834
1716093 1716193
1716440 1716472
1716521 1716618
1716926 1717041
1717383 1717475
1717534 1717646
1717725 1717830
1717979 1718067
1718478 1718603
1718858 1718967
1719050 1719126
1719540 1719605
1720036 1720111
1720279 1720374
1720865 1720946
1721062 1721159
1721461 1721565
1721930 1722003
1722436 1722507
1722630 1722768
1722950 1723062
1723529 1723646
1723925 1724024
1724216 1724276
1724548 1724645
1725027 1725118
1725402 1725491
1725690 1725817
1726127 1726222
1726511 1726591
1726640 1726719
1726942 1727040
1727244 1727340
1727366 1727483
1727768 1727864
1728214 1728306
1728387 1728453
1728566 1728662
1728906 1729000
1729044 1729134
1729145 1729250
1729482 1729561
1729678 1729780
1730054 1730185
1730624 1730676
1731163 1731280
1731637 1731752
1732119 1732204
1732440 1732530
1732986 1733084
1733387 1733497
1733894 1733964
1734402 1734510
1734974 1735071
1735420 1735502
1735982 1736089
1736570 1736663
1736822 1736910
1737251 1737312
1737471 1737560
1737693 1737763
1738193 1738291
1738676 1738781
1738836 1738927
1739368 1739466
1739781 1739901
1740247 1740342
1740614 1740731
1741193 1741276
1741657 1741737
1742158 1742265
1742417 1742512
1742779 1742874
1743233 1743356
1743583 1743661
1743757 1743861
1743913 1743987
1744457 1744545
1744670 1744761
1744878 1744983
1745249 1745376
1745493 1745570
1745821 1745904
1746040 1746163
1746600 1746679
1746844 1746919
1747319 1747412
1747688 1747778
1748071 1748165
1748267 1748370
1748447 1748551
1748824 1748909
1749265 1749421
1749775 1749832
1750148 1750226
1750389 1750486
