408 506
759 917
964 1020
1390 1500
1682 1846
1902 1955
2419 2507
2963 3105
3222 3285
3465 3563
3991 4150
4632 4665
5073 5186
5462 5619
5747 5804
6239 6334
6419 6569
6638 6702
6934 7047
7123 7285
7780 7820
8123 8214
8358 8516
8827 8868
9259 9363
9817 9958
10127 10166
10341 10440
10568 10729
11034 11079
11525 11624
11842 12005
12428 12498
12548 12636
12709 12870
13238 13277
13704 13791
13819 13966
14439 14495
14577 14675
14993 15144
15302 15371
15429 15521
15691 15848
16338 16391
16612 16714
17139 17305
17782 17828
17982 18075
18174 18334
18617 18676
18915 19012
19327 19461
19809 19851
19925 20017
20374 20519
20883 20946
20961 21056
21449 21601
21940 21985
22385 22480
22487 22647
22686 22745
23091 23182
23190 23317
23595 23647
23892 23987
24456 24602
24939 24978
24979 25080
25402 25543
25677 25723
25874 25990
26148 26289
26567 26635
26674 26785
26938 27100
27423 27473
27729 27835
28038 28210
28356 28420
28663 28762
28927 29069
29145 29188
29573 29691
29980 30132
30248 30300
30397 30509
30643 30798
31108 31158
31247 31350
31584 31744
32038 32077
32286 32393
32824 32974
33002 33049
33503 33595
33690 33833
33848 33910
34010 34101
34485 34626
34921 34967
35266 35366
35671 35833
36235 36288
36476 36574
36596 36736
36787 36843
37003 37089
37501 37652
37972 38016
38302 38392
38812 38967
39027 39064
39273 39378
39795 39934
40021 40064
40259 40371
40505 40646
41011 41054
41504 41598
42026 42184
42664 42702
42761 42859
42897 43047
43255 43302
43528 43630
44053 44201
44461 44521
45000 45102
45209 45371
45673 45730
45857 45947
46158 46311
46709 46754
46876 46984
47215 47361
47648 47704
47758 47862
48347 48488
48775 48831
48910 49009
49369 49510
49638 49679
49849 49948
50375 50530
50737 50779
50888 50987
51142 51292
51497 51563
52008 52105
52290 52435
52701 52754
52852 52959
53400 53545
53772 53828
54042 54148
54245 54393
54630 54676
54790 54877
55214 55333
55768 55815
56311 56416
56802 56944
57144 57195
57676 57797
58234 58384
58734 58787
59260 59374
59807 59964
60073 60101
60120 60230
60591 60728
60921 60980
61181 61266
61656 61797
61864 61910
62327 62428
62489 62634
62856 62899
63136 63230
63576 63736
64215 64284
64448 64563
64640 64799
65112 65158
65194 65295
65660 65822
66112 66159
66501 66610
66926 67054
67380 67431
67714 67810
67958 68119
68241 68301
68622 68734
69045 69184
69516 69567
69738 69818
69958 70111
70594 70638
70830 70924
70981 71130
71255 71309
71566 71653
71912 72068
72265 72301
72310 72435
72807 72957
73455 73501
73732 73825
74239 74385
74866 74905
75180 75272
75420 75568
75749 75786
75835 75913
76017 76164
76524 76565
77026 77115
77506 77661
77708 77764
77816 77920
78227 78375
78598 78647
78962 79090
79152 79303
79593 79645
80126 80257
80320 80474
80513 80558
80697 80790
81063 81219
81700 81735
81985 82093
82293 82446
82763 82829
82970 83067
83239 83395
83892 83939
84081 84190
84347 84499
84741 84795
84994 85084
85150 85307
85795 85853
86088 86182
86601 86746
87232 87286
87637 87744
87854 88010
88497 88541
88641 88735
89117 89257
89501 89542
89629 89732
90217 90363
90588 90641
90866 90971
91405 91550
91993 92047
92072 92179
92514 92659
93046 93080
93141 93253
93441 93594
93719 93768
94193 94298
94459 94617
94817 94871
94962 95072
95248 95400
95832 95884
96322 96430
96515 96672
96931 96981
97093 97183
97568 97715
97893 97932
98393 98475
98921 99065
99280 99335
99641 99751
99972 100123
100151 100200
100694 100792
100938 101086
101575 101629
102110 102210
102420 102558
102710 102754
102762 102869
103362 103525
103666 103727
104114 104209
104611 104758
105079 105136
105563 105662
106054 106209
106367 106416
106570 106651
106886 107018
107390 107438
107654 107759
108237 108380
108620 108673
109067 109173
109627 109773
109870 109931
110175 110267
110385 110522
111016 111049
111411 111506
111822 111968
112268 112310
112749 112866
113218 113360
113459 113503
113786 113895
114016 114166
114321 114378
114422 114526
114849 114995
115254 115315
115570 115674
115808 115951
116285 116337
116720 116819
117101 117269
117295 117350
117848 117947
118440 118569
118953 118990
119394 119487
119739 119879
120133 120180
120586 120696
120935 121078
121427 121469
121763 121873
122131 122286
122479 122531
123018 123110
123400 123554
123587 123633
124025 124137
124211 124365
124417 124464
124895 125004
125320 125487
125573 125626
125712 125814
125866 126015
126340 126381
126732 126823
126882 127042
127368 127423
127747 127833
128073 128201
128495 128541
128970 129066
129311 129468
129500 129533
129984 130079
130122 130275
130565 130617
130666 130759
130931 131075
131265 131328
131641 131734
132022 132160
132527 132576
132879 132994
133233 133394
133474 133515
133537 133638
133854 133998
134003 134049
134065 134161
134358 134513
134581 134631
134825 134916
135195 135344
135698 135760
135954 136041
136124 136255
136280 136325
136685 136781
136934 137076
137526 137568
137832 137925
137959 138114
138555 138601
138914 139018
139144 139294
139409 139448
139633 139729
140060 140198
140462 140503
140844 140941
141237 141385
141845 141894
142322 142414
142423 142577
142764 142805
143198 143292
143548 143695
144151 144208
144246 144366
144644 144797
145013 145052
145159 145238
145263 145413
145628 145685
145922 146021
146129 146282
146419 146470
146918 147023
147114 147247
147287 147321
147373 147481
147604 147770
147971 148026
148437 148535
148851 149001
149387 149431
149747 149841
150071 150210
150270 150314
150632 150737
150960 151098
151547 151593
152029 152131
152265 152426
152525 152573
152801 152896
153289 153431
153628 153667
153736 153824
153964 154129
154443 154503
154690 154791
155199 155363
155650 155697
155972 156087
156279 156423
156832 156878
156930 157027
157051 157213
157407 157443
157521 157623
157938 158086
158242 158287
158426 158547
158607 158759
159122 159167
159604 159714
159955 160080
160465 160512
160818 160908
161232 161389
161649 161696
162098 162198
162257 162414
162578 162621
162964 163056
163422 163566
163811 163878
164131 164220
164275 164423
164440 164478
164964 165073
165428 165589
165638 165687
165896 166008
166467 166602
166917 166983
167205 167303
167693 167850
168234 168295
168543 168644
168766 168911
168938 168995
169084 169183
169482 169617
169895 169933
170243 170344
170828 170985
171410 171464
171793 171887
172132 172273
172510 172563
172851 172950
173349 173487
173576 173625
173868 173970
174060 174219
174622 174664
174958 175061
175119 175257
175651 175706
176145 176266
176450 176601
176849 176889
177054 177151
177173 177315
177441 177501
177831 177936
178227 178372
178687 178737
178775 178869
179030 179172
179390 179434
179484 179576
180063 180200
180327 180387
180673 180769
180840 180986
181074 181134
181503 181596
181647 181789
181848 181900
182061 182154
182380 182545
183017 183080
183203 183294
183360 183512
183563 183622
183851 183963
184193 184343
184621 184661
185007 185093
185474 185632
185662 185719
185748 185834
186176 186319
186499 186552
186929 187024
187048 187200
187681 187717
187974 188058
188309 188470
188486 188521
188963 189071
189292 189442
189730 189772
190093 190196
190679 190829
190973 191013
191354 191440
191857 192021
192198 192260
192489 192601
193039 193202
193434 193475
193543 193629
194000 194133
194516 194573
194610 194711
194816 194962
195151 195214
195271 195365
195490 195648
196048 196106
196469 196578
196757 196910
197258 197314
197439 197534
197578 197741
197881 197924
198152 198263
198655 198794
199001 199036
199246 199347
199579 199718
200134 200189
200658 200766
201112 201253
201641 201684
202126 202237
202354 202511
202959 203012
203103 203195
203421 203581
203612 203657
204100 204203
204469 204613
204848 204888
205076 205191
205617 205770
206244 206280
206470 206566
206932 207083
207268 207318
207582 207667
207730 207868
208327 208362
208636 208716
209209 209346
209670 209715
210110 210204
210240 210390
210419 210472
210613 210718
210786 210937
211205 211244
211522 211613
211838 212010
212353 212422
212769 212894
213317 213466
213850 213888
214280 214377
214683 214839
214872 214913
215297 215395
215640 215791
215819 215875
216041 216145
216167 216313
216647 216690
216967 217060
217135 217283
217522 217566
218009 218107
218259 218400
218685 218741
219224 219325
219401 219560
219721 219767
220153 220239
220577 220730
221224 221269
221426 221523
221714 221861
222200 222258
222355 222459
222907 223058
223427 223464
223518 223621
223818 223969
224313 224359
224699 224788
224954 225105
225593 225646
225837 225924
226203 226338
226633 226686
227087 227188
227436 227602
227753 227787
227961 228056
228440 228600
228818 228882
228921 229021
229039 229188
229645 229689
229776 229880
230293 230424
230801 230844
231088 231176
231422 231564
231656 231699
231875 231987
232222 232377
232559 232601
232721 232817
233205 233358
233467 233531
233599 233697
233978 234108
234493 234551
234981 235087
235249 235392
235792 235843
236319 236406
236415 236571
236576 236613
237086 237196
237402 237563
237583 237633
237905 238000
238335 238463
238688 238739
238971 239066
239185 239342
239757 239816
240230 240324
240373 240518
240714 240778
241053 241161
241501 241638
241973 242028
242225 242311
242374 242517
242577 242605
242979 243073
243241 243371
243462 243514
243723 243823
244176 244325
244670 244729
245187 245270
245691 245832
246232 246282
246447 246557
246649 246789
247219 247275
247339 247434
247789 247949
248173 248218
248541 248651
248726 248883
249278 249343
249594 249710
250056 250193
250296 250340
250520 250637
251088 251226
251535 251594
252041 252147
252221 252375
252378 252427
252643 252747
252870 253040
253369 253415
253896 254003
254090 254244
254490 254532
254875 254966
254977 255146
255546 255606
255748 255857
256295 256467
256599 256635
256646 256735
257141 257273
257516 257553
257907 258024
258169 258315
258615 258666
258977 259088
259371 259514
259653 259703
260098 260202
260379 260530
260775 260821
260874 260973
261340 261473
261711 261784
262255 262365
262778 262913
262941 262995
263096 263203
263669 263822
263892 263955
264004 264101
264585 264739
264889 264933
265413 265509
265683 265840
266324 266382
266685 266786
267060 267222
267527 267559
267900 267995
268316 268470
268830 268908
269294 269385
269612 269758
269887 269936
269991 270102
270281 270412
270576 270622
270972 271085
271386 271546
271989 272030
272445 272546
272771 272916
273044 273097
273447 273545
273845 274008
274325 274361
274752 274864
275247 275389
275490 275521
275612 275707
275907 276044
276051 276095
276403 276512
276750 276902
277330 277384
277670 277761
278257 278400
278667 278717
278901 278984
279346 279490
279936 279991
280079 280183
280575 280741
280860 280920
281357 281455
281864 282017
282286 282323
282753 282869
283229 283377
283607 283649
284105 284206
284401 284546
284566 284599
285058 285149
285553 285721
286037 286099
286518 286607
287072 287221
287520 287572
288068 288149
288635 288790
289278 289319
289734 289839
289967 290133
290178 290227
290561 290661
290816 290956
291422 291473
291497 291588
291862 292007
292128 292176
292565 292672
292680 292823
292934 292964
293392 293482
293840 293986
294006 294061
294396 294507
294762 294894
295374 295426
295691 295794
296003 296152
296172 296216
296406 296513
296980 297139
297255 297306
297689 297792
297906 298047
298201 298266
298503 298615
299101 299245
299295 299358
299432 299524
299561 299702
299934 300002
300106 300209
300697 300843
300960 301012
301247 301325
301695 301826
301844 301904
302096 302202
302613 302779
303127 303159
303299 303404
303619 303801
304032 304076
304361 304461
304680 304826
304994 305042
305523 305623
305712 305862
306201 306248
306653 306739
307095 307254
307594 307641
307660 307768
307904 308060
308480 308532
308996 309113
309228 309385
309683 309718
309794 309899
310072 310216
310672 310729
311095 311187
311626 311764
312137 312185
312188 312309
312322 312462
312866 312928
313242 313341
313663 313827
314099 314135
314402 314488
314586 314721
314865 314905
315195 315291
315766 315902
315992 316051
316417 316516
316664 316807
317094 317144
317252 317344
317795 317947
317986 318035
318327 318407
318882 319019
319444 319480
319906 320026
320486 320630
320887 320946
321169 321265
321272 321415
321593 321643
321859 321957
322285 322429
322532 322594
323077 323168
323393 323546
324013 324073
324393 324514
324653 324798
325261 325295
325591 325692
326045 326193
326260 326321
326537 326629
327022 327179
327527 327601
328017 328125
328132 328276
328364 328420
328492 328586
328928 329059
329199 329241
329477 329583
329931 330078
330408 330449
330516 330611
330669 330824
331232 331288
331411 331507
331843 331975
332412 332470
332496 332587
333028 333172
333287 333336
333757 333875
333899 334039
334131 334180
334266 334375
334659 334808
335066 335100
335570 335680
335922 336070
336478 336526
336662 336753
337110 337243
337462 337503
337547 337650
338008 338151
338466 338504
338718 338808
338994 339143
339567 339594
339892 339992
340312 340454
340848 340904
340966 341052
341325 341487
341757 341796
342205 342300
342523 342677
342936 342983
343335 343422
343884 344025
344093 344146
344531 344634
344695 344865
345206 345263
345710 345812
346011 346138
346626 346683
346711 346782
346825 346973
347415 347479
347943 348051
348435 348580
348741 348792
348932 349034
349037 349196
349272 349335
349464 349557
349723 349879
350005 350040
350474 350567
350765 350935
351407 351441
351592 351684
352051 352222
352279 352332
352416 352503
352894 353060
353420 353459
353461 353567
354052 354191
354239 354319
354366 354448
354544 354708
355126 355164
355292 355395
355405 355559
356007 356057
356419 356520
356545 356709
356756 356821
357215 357310
357609 357758
358197 358252
358609 358716
358723 358870
358973 359030
359056 359141
359284 359443
359480 359523
359929 360024
360467 360621
361088 361136
361534 361621
362094 362238
362577 362656
362726 362826
363289 363440
363915 363948
364447 364537
365029 365144
365211 365255
365552 365653
366118 366286
366401 366431
366655 366748
367198 367354
367823 367862
368262 368357
368740 368893
369156 369210
369610 369691
369765 369907
370195 370253
370522 370613
370710 370875
371047 371096
371299 371403
371465 371628
372085 372112
372597 372690
372867 373003
373031 373085
373512 373603
373764 373921
374137 374193
374552 374656
375078 375214
375425 375464
375671 375772
376054 376202
376272 376335
376635 376746
377096 377238
377557 377609
377794 377905
377929 378069
378080 378132
378543 378625
378793 378949
379111 379153
379440 379530
379728 379881
379917 379959
380359 380475
380621 380775
381261 381303
381646 381753
381816 381958
382395 382450
382614 382705
382918 383056
383377 383418
383477 383589
384043 384189
384252 384294
384442 384543
384986 385125
385302 385350
385683 385783
386146 386296
386496 386557
386707 386807
387130 387283
387681 387733
387909 388013
388371 388532
388653 388724
389007 389101
389431 389576
389877 389912
389957 390070
390375 390528
390812 390857
391259 391367
391640 391788
391818 391883
392282 392391
392817 392968
393206 393247
393338 393430
393656 393803
394245 394297
394485 394585
394733 394874
395183 395231
395376 395477
395761 395929
396025 396089
396265 396356
396618 396772
396900 396944
397339 397444
397683 397838
398194 398251
398679 398785
398912 399058
399336 399379
399391 399485
399616 399758
400102 400146
400151 400241
400413 400567
400755 400803
400955 401070
401088 401230
401411 401458
401497 401572
401645 401798
401888 401942
402090 402213
402579 402726
402735 402788
403195 403286
403663 403805
403998 404063
404455 404563
405009 405170
405655 405693
405732 405837
406302 406445
406467 406531
406908 407004
407496 407657
408048 408112
408213 408309
408650 408787
409024 409067
409373 409481
409525 409688
409962 410021
410400 410510
410973 411106
411359 411407
411700 411806
412070 412207
412527 412553
413011 413095
413484 413640
413965 414012
414252 414366
414807 414947
415445 415480
415594 415688
416176 416333
416768 416818
417108 417211
417507 417667
417869 417905
418057 418157
418427 418570
418578 418629
419069 419180
419387 419532
419700 419755
420232 420317
420361 420517
420545 420593
420650 420758
420793 420936
421149 421210
421571 421686
421925 422084
422211 422283
422436 422537
422931 423066
423094 423148
423353 423460
423617 423766
423930 423978
424189 424286
424391 424518
424903 424950
425103 425208
425700 425854
426060 426095
426494 426590
426764 426909
427114 427182
427278 427369
427371 427518
427790 427844
427900 427997
428313 428471
428703 428757
429032 429137
429417 429550
429698 429733
429859 429964
430332 430492
430838 430902
431067 431173
431510 431645
432142 432182
432255 432356
432404 432563
432907 432966
433120 433211
433524 433664
434005 434057
434078 434185
434362 434519
434850 434902
434988 435107
435487 435642
435859 435931
436367 436455
436491 436638
436984 437018
437023 437115
437132 437270
437381 437432
437891 437981
438168 438307
438582 438621
438914 439018
439150 439302
439768 439821
439911 440024
440438 440587
440867 440930
441218 441322
441559 441723
442108 442168
442569 442665
442920 443069
443274 443325
443481 443580
443632 443786
443798 443842
443913 444007
444053 444196
444584 444617
444902 444998
445204 445355
445807 445865
446008 446111
446577 446732
446779 446810
446934 447040
447518 447669
447803 447845
447848 447961
448029 448162
448375 448422
448828 448930
449290 449450
449626 449675
449943 450027
450162 450319
450379 450430
450819 450916
451237 451376
451485 451540
451794 451888
452113 452260
452281 452321
452667 452788
453282 453411
453412 453464
453725 453827
454273 454410
454550 454580
454620 454700
455150 455299
455733 455770
455925 456026
456211 456376
456729 456758
456914 457028
457049 457207
457578 457631
457791 457886
458348 458519
458564 458626
458978 459079
459460 459586
459983 460037
460062 460160
460228 460361
460740 460784
461172 461284
461620 461772
462012 462072
462293 462388
462433 462581
462672 462718
462823 462916
463128 463295
463370 463415
463697 463798
464256 464400
464557 464611
464627 464738
464840 465000
465295 465362
465683 465777
466002 466138
466282 466318
466460 466561
466883 467051
467413 467458
467926 468022
468334 468471
468673 468729
468782 468882
469276 469425
469531 469579
469790 469885
470008 470153
470156 470201
470542 470638
470884 471031
471142 471179
471504 471615
471852 472005
472179 472226
472421 472506
472919 473065
473402 473461
473627 473710
473983 474130
474355 474398
474815 474914
475226 475369
475440 475483
475598 475701
476069 476205
476319 476367
476533 476626
476706 476869
477278 477333
477809 477912
477944 478085
478110 478162
478468 478570
478585 478747
478886 478932
479360 479461
479690 479825
480012 480044
480346 480437
480602 480757
481059 481122
481134 481238
481320 481474
481542 481581
482073 482166
482405 482546
482845 482891
483156 483261
483331 483486
483735 483772
484204 484309
484335 484477
484673 484740
484824 484928
485203 485358
485572 485622
485647 485743
486070 486243
486302 486339
486792 486889
487193 487330
487345 487381
487672 487775
487944 488085
488412 488463
488626 488735
488857 489008
489451 489493
489876 489973
490263 490409
490416 490469
490523 490632
490863 491013
491338 491391
491670 491767
492170 492329
492772 492817
492992 493092
493498 493642
494045 494087
494216 494310
494681 494834
495109 495153
495283 495383
495743 495888
496036 496080
496240 496327
496330 496479
496856 496891
497206 497310
497438 497604
497890 497936
498208 498330
498794 498942
498956 499010
499231 499330
499770 499925
500216 500257
500533 500654
500809 500946
501187 501236
501671 501786
502261 502387
502868 502927
503062 503154
503182 503332
503774 503811
503874 503992
504113 504270
504644 504684
505056 505152
505180 505313
505462 505501
505889 505997
506193 506343
506640 506704
506764 506861
507194 507348
507682 507726
507772 507860
508152 508310
508338 508386
508782 508879
508932 509081
509420 509468
509895 509992
509998 510157
510598 510626
510633 510756
510781 510935
511324 511374
511869 511966
512240 512401
512445 512492
512852 512942
512977 513138
513466 513527
513694 513808
513843 513984
514445 514503
514881 514986
515259 515407
515536 515604
515863 515964
516250 516383
516845 516879
517334 517420
517794 517930
518287 518341
518832 518926
519374 519510
519706 519746
519850 519956
520341 520493
520521 520567
520679 520777
521206 521365
521833 521876
522346 522445
522848 522994
523167 523198
523446 523545
523595 523766
524170 524227
524681 524763
524777 524924
525306 525352
525590 525695
526172 526323
526445 526491
526554 526653
526861 527013
527016 527070
527540 527629
527808 527955
528270 528288
528567 528666
529006 529176
529586 529633
529650 529743
530037 530185
530278 530322
530546 530640
530993 531151
531243 531316
531382 531497
531785 531933
532405 532456
532942 533033
533038 533190
533409 533473
533568 533667
534076 534227
534387 534422
534825 534911
535282 535429
535741 535788
536143 536262
536737 536896
537285 537342
537522 537599
537928 538079
538136 538194
538321 538428
538587 538735
538979 539025
539036 539143
539384 539518
539609 539660
539872 539975
540288 540448
540453 540482
540517 540613
541028 541187
541605 541652
541703 541809
541865 542009
542376 542441
542778 542889
543216 543366
543477 543521
543969 544057
544497 544641
545058 545099
545548 545645
546130 546268
546515 546571
546669 546790
547081 547224
547610 547673
548123 548234
548544 548692
548927 548974
549334 549441
549526 549683
550004 550065
550415 550511
550563 550696
550971 551019
551182 551272
551303 551453
551873 551939
551985 552083
552115 552238
552661 552706
553050 553155
553328 553471
553815 553861
554320 554404
554588 554742
555050 555111
555439 555549
555912 556049
556261 556314
556403 556500
556811 556965
557164 557205
557234 557313
557513 557666
557948 558005
558487 558583
558990 559131
559139 559169
559364 559475
559762 559898
560128 560185
560396 560476
560516 560662
561007 561052
561359 561448
561894 562043
562445 562491
562809 562903
562955 563100
563276 563310
563707 563823
563831 563977
564111 564169
564336 564423
564900 565054
565500 565552
565752 565858
565917 566080
566202 566269
566415 566516
566970 567121
567192 567232
567595 567706
568052 568208
568499 568583
568836 568945
568954 569099
569356 569407
569545 569647
569859 570025
570357 570410
570538 570635
570695 570850
571246 571299
571539 571639
571833 571963
572395 572447
572664 572767
572830 572980
573293 573348
573571 573672
574000 574154
574363 574408
574644 574732
575208 575364
575461 575505
575827 575930
576423 576584
576741 576788
577250 577348
577679 577832
578215 578264
578456 578555
578680 578832
579105 579164
579554 579654
580022 580180
580645 580701
581022 581134
581377 581535
581999 582068
582553 582655
582904 583051
583494 583520
583679 583756
584108 584271
584387 584439
584777 584869
585254 585406
585810 585855
586039 586147
586166 586320
586364 586417
586857 586944
587397 587538
587984 588031
588417 588510
588816 588954
589179 589219
589491 589583
590017 590166
590507 590556
590939 591040
591231 591376
591544 591586
591743 591833
592114 592259
592457 592504
592810 592913
593159 593318
593787 593842
594130 594214
594547 594699
594823 594871
594929 595021
595172 595318
595417 595473
595528 595630
595732 595867
595989 596032
596155 596260
596554 596712
597108 597164
597413 597510
597893 598018
598244 598291
598483 598563
598708 598852
599059 599117
599518 599606
599761 599918
600356 600387
600545 600641
600875 601026
601098 601121
601441 601542
601759 601921
601922 601984
602425 602520
602978 603122
603307 603339
603570 603675
604084 604225
604382 604426
604635 604730
605027 605204
605316 605372
605409 605511
605568 605738
606112 606174
606396 606470
606728 606884
607255 607297
607463 607557
608013 608155
608373 608414
608685 608783
608844 608989
609269 609330
609723 609818
610098 610253
610672 610716
610784 610886
611138 611302
611454 611515
611998 612099
612363 612501
612589 612636
612874 612969
613269 613425
613574 613627
613752 613839
613974 614136
614279 614328
614618 614713
615035 615209
615548 615591
616048 616159
616308 616461
616909 616951
616981 617057
617263 617421
617571 617636
617773 617863
618244 618387
618705 618770
618851 618940
619183 619330
619457 619523
619931 620032
620149 620299
620545 620616
620684 620777
620928 621088
621364 621414
621514 621619
621980 622112
622441 622481
622821 622929
623339 623480
623503 623550
623930 624022
624485 624649
624746 624792
624863 624960
625343 625485
625640 625686
626031 626114
626252 626400
626732 626776
627203 627292
627576 627725
627758 627801
627999 628093
628247 628400
628847 628898
629014 629131
629394 629551
629923 629975
630369 630460
630795 630966
630998 631049
631289 631401
631421 631571
631620 631668
631674 631770
632213 632375
632726 632785
632914 633007
633472 633608
633908 633965
634379 634464
634764 634921
634939 634995
635465 635557
635961 636108
636112 636165
636461 636557
636774 636931
637308 637347
637788 637896
637906 638043
638264 638311
638722 638811
639000 639147
639373 639411
639804 639915
640117 640277
640474 640520
640698 640795
641243 641389
641669 641727
641944 642059
642187 642327
642510 642544
642669 642776
642987 643130
643167 643214
643443 643544
643732 643879
643883 643937
644404 644485
644936 645088
645334 645386
645520 645614
646092 646256
646393 646427
646498 646595
646880 647051
647269 647318
647410 647527
647791 647929
648359 648405
648591 648688
649033 649185
649371 649421
649438 649545
649927 650093
650481 650526
650662 650765
650988 651143
651228 651267
651478 651576
652030 652182
652640 652695
652822 652900
653394 653549
653641 653682
654131 654243
654575 654713
654726 654759
654896 654999
655016 655169
655422 655468
655719 655836
655921 656089
656146 656198
656506 656593
656668 656823
657035 657090
657197 657283
657768 657919
657970 658028
658387 658489
658492 658629
658982 659031
659366 659476
659496 659646
660091 660139
660467 660567
660760 660923
660999 661057
661329 661436
661464 661601
661743 661769
662258 662350
662449 662580
662782 662842
663323 663419
663559 663706
664096 664143
664152 664246
664599 664747
665218 665288
665593 665677
665843 665981
666333 666384
666560 666669
666900 667039
667331 667396
667576 667688
668070 668243
668723 668763
669249 669336
669358 669519
669540 669596
669894 670011
670390 670547
670924 670977
671449 671556
672037 672188
672517 672554
672632 672716
672920 673056
673221 673278
673412 673497
673892 674034
674251 674314
674351 674461
674823 674959
675029 675080
675488 675593
676032 676182
676436 676489
676629 676734
676856 677015
677072 677139
677390 677511
677811 677968
678309 678376
678676 678784
679029 679195
679551 679599
680036 680143
680216 680361
680485 680525
680828 680927
680980 681143
681190 681235
681664 681761
682140 682308
682544 682585
682814 682892
683104 683257
683396 683426
683558 683658
683785 683918
684317 684373
684742 684825
685324 685482
685963 686015
686383 686474
686573 686717
687201 687236
687527 687624
687757 687901
688084 688136
688190 688296
688458 688606
688703 688767
689065 689153
689526 689680
689949 689999
690265 690357
690633 690788
690822 690869
690979 691074
691425 691549
691968 692023
692185 692284
692517 692661
692694 692749
692939 693010
693265 693423
693877 693933
694250 694333
694547 694685
694928 694979
695345 695456
695530 695676
696054 696125
696595 696688
697067 697213
697423 697473
697528 697646
697952 698115
698215 698270
698496 698593
698759 698913
699106 699153
699433 699520
699737 699899
700356 700418
700801 700905
701098 701236
701627 701676
701705 701809
702084 702244
702363 702435
702788 702903
703283 703442
703703 703765
703795 703897
704258 704403
704533 704580
704795 704906
705052 705207
705632 705674
706153 706251
706322 706464
706766 706824
707198 707285
707783 707928
708286 708333
708350 708463
708696 708860
709180 709243
709263 709342
709804 709969
710225 710281
710377 710478
710919 711071
711136 711190
711486 711587
712049 712201
712291 712338
712397 712497
712794 712938
713053 713096
713273 713373
713770 713925
714032 714081
714481 714571
715066 715235
715456 715502
715588 715693
715750 715908
715980 716036
716049 716157
716622 716768
716989 717039
717172 717264
717608 717771
718102 718147
718502 718602
718672 718825
719293 719356
719839 719926
720359 720502
720853 720918
721194 721307
721596 721745
722172 722209
722343 722461
722760 722911
723265 723333
723541 723647
724099 724243
724401 724446
724763 724860
725357 725504
725854 725913
726209 726286
726427 726569
727035 727082
727326 727420
727638 727794
728114 728157
728470 728580
729069 729206
729390 729424
729650 729738
729948 730109
730184 730224
730699 730786
731120 731274
731522 731576
731800 731901
732292 732452
732477 732525
732542 732638
732913 733082
733212 733244
733297 733411
733814 733965
734457 734505
734906 735010
735034 735185
735540 735601
736005 736098
736126 736287
736629 736684
736701 736815
737228 737400
737421 737448
737766 737878
738306 738454
738861 738909
739396 739495
739719 739864
740085 740145
740181 740278
740305 740454
740591 740638
741017 741135
741444 741589
741601 741649
741800 741888
742321 742463
742480 742516
742613 742696
742871 743044
743428 743472
743825 743911
744135 744317
744708 744748
744797 744898
744975 745123
745248 745303
745762 745860
745902 746079
746124 746166
746573 746648
746675 746815
747221 747274
747645 747757
747777 747911
748122 748145
748405 748510
748621 748784
748918 748975
749345 749442
749512 749651
749920 749971
750453 750555
750768 750915
750995 751043
751456 751538
751784 751942
752057 752101
752299 752403
752855 753010
753490 753559
753817 753908
754065 754215
754542 754597
755000 755080
755221 755371
755715 755755
756093 756194
756615 756777
756936 757000
757293 757402
757867 758026
758358 758375
758855 758953
759338 759481
759796 759851
760144 760223
760340 760490
760904 760944
761054 761163
761200 761347
761816 761868
762023 762136
762137 762283
762318 762355
762670 762776
763129 763272
763767 763819
764150 764244
764558 764698
764974 765012
765432 765512
765879 766015
766236 766261
766665 766773
767060 767199
767292 767362
767522 767623
767927 768077
768398 768443
768527 768623
768978 769137
769363 769416
769868 769963
770003 770160
770228 770283
770761 770862
771023 771190
771334 771375
771860 771956
772124 772291
772740 772784
773257 773356
773854 773998
774259 774300
774504 774603
774778 774916
775252 775310
775438 775527
775888 776049
776081 776146
776601 776694
776792 776925
777267 777318
777416 777508
777602 777733
777843 777905
778289 778400
778838 778976
779208 779256
779531 779630
779955 780106
780545 780585
780907 781007
781366 781515
781545 781592
781964 782068
782324 782480
782711 782763
782906 783001
783435 783598
784069 784110
784146 784240
784643 784788
785217 785271
785429 785533
785916 786062
786203 786257
786342 786432
786882 787018
787030 787081
787381 787488
787958 788117
788184 788234
788559 788660
788750 788905
789402 789465
789655 789776
790049 790188
790591 790629
790935 791049
791448 791596
791995 792049
792209 792321
792450 792600
793029 793054
793176 793270
793397 793542
793853 793897
793918 794027
794056 794200
794342 794405
794843 794941
795058 795208
795349 795408
795517 795618
796021 796194
796560 796601
796735 796824
796825 796984
797102 797162
797533 797624
797785 797939
798219 798265
798366 798464
798815 798967
799222 799272
799410 799503
799819 799961
800142 800206
800372 800470
800479 800629
801018 801062
801064 801169
801467 801615
801885 801947
802146 802244
802308 802460
802766 802799
803245 803334
803444 803587
803939 803986
804180 804287
804426 804574
804629 804687
805030 805141
805563 805709
806183 806235
806606 806693
807095 807236
807385 807440
807499 807593
807902 808068
808438 808482
808899 809011
809492 809646
809708 809768
809918 810013
810041 810199
810694 810763
811192 811298
811545 811680
812063 812117
812351 812449
812812 812965
813166 813209
813546 813639
813714 813863
814276 814325
814460 814554
814741 814897
815390 815436
815777 815883
816116 816251
816317 816381
816741 816856
817306 817451
817536 817588
817996 818086
818319 818451
818488 818530
818807 818908
819207 819348
819427 819468
819729 819820
820302 820451
820726 820797
820970 821063
821402 821534
821948 822001
822061 822165
822283 822435
822659 822704
822892 822986
822990 823146
823279 823356
823787 823890
824055 824216
824560 824611
824789 824863
825225 825367
825669 825732
826087 826203
826472 826605
827074 827123
827426 827547
827846 827987
828142 828176
828280 828369
828655 828817
829169 829219
829274 829379
829713 829860
830177 830224
830592 830689
831016 831163
831500 831559
831682 831778
832176 832327
832437 832468
832757 832862
832866 833034
833189 833251
833316 833410
833841 833994
834114 834160
834596 834712
835009 835163
835591 835652
835877 835995
836295 836456
836761 836808
837152 837262
837284 837447
837768 837818
837968 838074
838102 838251
838658 838703
839173 839273
839549 839697
840135 840186
840281 840383
840386 840548
840673 840736
841203 841306
841524 841672
841912 841958
842238 842320
842512 842664
842783 842829
842950 843060
843177 843315
843401 843449
843812 843939
844073 844239
844325 844396
844461 844549
844558 844716
844895 844943
845203 845307
845366 845514
845991 846039
846205 846299
846592 846743
846752 846815
847002 847106
847114 847280
847293 847332
847454 847551
848014 848171
848557 848608
848747 848854
849104 849249
849332 849383
849855 849945
850307 850464
850941 850981
850992 851089
851208 851353
851489 851524
851943 852050
852059 852204
852600 852667
853123 853221
853708 853858
854018 854063
854292 854387
854730 854862
855319 855365
855853 855951
856425 856583
856595 856661
857150 857236
857479 857627
857963 858022
858333 858440
858910 859062
859485 859531
860012 860112
860271 860416
860813 860868
861315 861425
861845 861968
862187 862246
862530 862631
863035 863190
863437 863476
863492 863590
863945 864101
864495 864550
864840 864938
864987 865131
865552 865593
865887 865997
866007 866153
866257 866294
866344 866448
866473 866625
866653 866695
866887 866975
867025 867180
867581 867632
867912 867991
868302 868449
868902 868956
869062 869175
869629 869777
870266 870309
870624 870737
871087 871232
871251 871304
871724 871817
872180 872332
872779 872824
872936 873034
873500 873655
873674 873696
874109 874212
874353 874511
874920 874959
875221 875314
875458 875606
876082 876130
876211 876311
876330 876511
876618 876661
877097 877198
877380 877552
877763 877819
878229 878342
878629 878770
879130 879170
879256 879356
879740 879899
880387 880437
880647 880742
880927 881082
881124 881190
881350 881445
881487 881641
881846 881908
882372 882477
882822 882967
883318 883370
883668 883760
884257 884400
884527 884577
885032 885129
885459 885610
885973 886049
886133 886229
886674 886826
887294 887333
887806 887917
887978 888122
888448 888499
888840 888930
888950 889098
889466 889527
889910 889999
890375 890524
890889 890925
891174 891279
891740 891871
892143 892186
892658 892772
893040 893186
893380 893423
893436 893535
893620 893772
894178 894225
894672 894753
895239 895377
895731 895780
896051 896158
896265 896415
896747 896802
896893 897005
897332 897468
897482 897543
897882 897975
898120 898276
898575 898628
898849 898938
899301 899438
899659 899701
899771 899856
900349 900500
900522 900575
900599 900710
900914 901063
901089 901147
901644 901744
902082 902213
902488 902537
902876 902973
903194 903339
903424 903466
903698 903780
904151 904304
904518 904563
904790 904882
904947 905094
905386 905430
905888 905976
906231 906370
906851 906919
907249 907348
907484 907639
907858 907901
908390 908485
908871 909017
909039 909083
909318 909406
909572 909720
909792 909843
910089 910172
910506 910648
910665 910731
910785 910886
911343 911484
911677 911732
911956 912060
912098 912242
912703 912763
913205 913297
913310 913475
913855 913919
913953 914041
914289 914437
914471 914521
914524 914639
914981 915120
915161 915236
915592 915685
916025 916167
916633 916696
916800 916900
916937 917091
917274 917334
917479 917598
917894 918059
918501 918542
918803 918891
919019 919159
919505 919563
919784 919892
919905 920038
920482 920523
920555 920639
921061 921202
921464 921506
921584 921676
921975 922129
922205 922251
922273 922393
922610 922765
922839 922892
923316 923415
923709 923863
924224 924264
924423 924526
924954 925112
925209 925259
925732 925817
926276 926428
926494 926542
926833 926926
927269 927416
927885 927931
928079 928181
928399 928560
928676 928730
929014 929116
929480 929623
929982 930048
930346 930449
930877 931032
931477 931530
931648 931755
931941 932112
932222 932267
932652 932756
933091 933254
933554 933601
933753 933846
934286 934441
934503 934557
934794 934902
935105 935258
935415 935472
935876 935964
936161 936303
936680 936729
937207 937315
937387 937523
937790 937849
938084 938195
938645 938800
938865 938915
939387 939467
939946 940116
940121 940161
940643 940756
940860 941016
941101 941151
941354 941440
941844 941981
942088 942128
942342 942434
942669 942813
942948 942974
943090 943188
943526 943690
943901 943951
944328 944429
944906 945055
945329 945399
945761 945864
946018 946176
946538 946582
946809 946902
947163 947317
947495 947548
947910 948002
948491 948641
948903 948945
949241 949338
949382 949525
949564 949644
949967 950070
950251 950395
950398 950438
950497 950578
950732 950872
950910 950967
951076 951167
951490 951639
951890 951939
952107 952214
952459 952604
952739 952791
952896 952994
953278 953425
953487 953544
953878 953981
954224 954362
954395 954444
954720 954817
955148 955295
955780 955842
956124 956238
956570 956721
956958 957027
957352 957457
957861 958010
958045 958099
958472 958574
958924 959043
959435 959485
959654 959761
959841 959979
960324 960368
960603 960715
961196 961352
961630 961670
962123 962219
962220 962379
962609 962658
963011 963120
963435 963578
963730 963779
964159 964274
964551 964702
964838 964908
965126 965226
965674 965831
966108 966167
966550 966655
966927 967092
967428 967490
967566 967649
968080 968239
968371 968418
968624 968738
969047 969194
969284 969331
969469 969572
969979 970125
970596 970657
970956 971050
971283 971418
971505 971549
972045 972141
972231 972377
972815 972867
973321 973428
973714 973862
973964 974024
974235 974327
974628 974756
975099 975148
975602 975700
976119 976261
976316 976365
976733 976825
977239 977389
977657 977715
978049 978127
978136 978289
978405 978453
978575 978662
978673 978815
979200 979246
979308 979401
979494 979659
979781 979834
979986 980084
980101 980266
980297 980337
980541 980658
981109 981247
981332 981362
981597 981695
981798 981940
982014 982048
982388 982477
982646 982803
983146 983191
983572 983684
984095 984241
984397 984467
984624 984712
984998 985145
985633 985671
985967 986075
986351 986493
986619 986676
986894 987007
987263 987427
987908 987940
988007 988099
988129 988280
988402 988442
988472 988576
988902 989070
989236 989297
989365 989469
989532 989689
989789 989841
990145 990262
990691 990843
991296 991341
991418 991520
991817 991965
992132 992172
992524 992611
992636 992800
992903 992947
993210 993306
993516 993666
993785 993844
994310 994391
994557 994680
995054 995109
995607 995700
995875 996027
996142 996196
996555 996647
997093 997231
997354 997395
997438 997541
997720 997874
997957 997997
998279 998390
998723 998874
999067 999121
999439 999542
999877 1000047
1000139 1000203
1000334 1000437
1000934 1001088
1001132 1001174
1001280 1001375
1001646 1001804
1002197 1002245
1002722 1002815
1002819 1002967
1003186 1003235
1003256 1003364
1003413 1003548
1003557 1003604
1003858 1003967
1004204 1004315
1004415 1004465
1004507 1004625
1004803 1004955
1004993 1005039
1005063 1005169
1005603 1005761
1006226 1006280
1006482 1006591
1006701 1006853
1006992 1007048
1007440 1007535
1007750 1007899
1008086 1008133
1008209 1008309
1008394 1008563
1008591 1008626
1009066 1009154
1009549 1009706
1010083 1010111
1010546 1010654
1010767 1010904
1011338 1011372
1011812 1011920
1012321 1012468
1012524 1012576
1012726 1012827
1013232 1013385
1013699 1013740
1013990 1014087
1014363 1014511
1014726 1014776
1014971 1015074
1015454 1015613
1015654 1015698
1016086 1016186
1016581 1016722
1017190 1017244
1017721 1017826
1017997 1018137
1018349 1018399
1018759 1018853
1018861 1019025
1019183 1019232
1019568 1019676
1019783 1019946
1020146 1020202
1020403 1020498
1020600 1020752
1020962 1021013
1021339 1021447
1021499 1021656
1022059 1022096
1022554 1022662
1022958 1023114
1023187 1023232
1023492 1023572
1023921 1024050
1024111 1024165
1024268 1024368
1024726 1024883
1024960 1025015
1025461 1025557
1025693 1025846
1026049 1026095
1026458 1026559
1026638 1026783
1027151 1027183
1027550 1027650
1027856 1028004
1028430 1028491
1028858 1028943
1029055 1029205
1029391 1029452
1029877 1029963
1030461 1030629
1031101 1031158
1031165 1031272
1031512 1031658
1032096 1032139
1032613 1032708
1033108 1033255
1033349 1033390
1033761 1033847
1034205 1034371
1034627 1034662
1034681 1034772
1034787 1034945
1034963 1035014
1035225 1035332
1035704 1035864
1035945 1035989
1036405 1036497
1036553 1036741
1036936 1036977
1037381 1037485
1037754 1037905
1038259 1038290
1038559 1038637
1038882 1039037
1039166 1039219
1039303 1039413
1039446 1039595
1039801 1039867
1039992 1040079
1040362 1040485
1040830 1040883
1041005 1041092
1041380 1041541
1041964 1042002
1042183 1042280
1042707 1042845
1043009 1043069
1043311 1043402
1043745 1043897
1044036 1044090
1044177 1044269
1044374 1044506
1044951 1044997
1045156 1045243
1045587 1045735
1045992 1046033
1046403 1046501
1046568 1046716
1046726 1046801
1046927 1047038
1047070 1047220
1047500 1047552
1047808 1047924
1047958 1048116
1048170 1048230
1048515 1048625
1048804 1048944
1048961 1049025
1049343 1049431
1049665 1049824
1050132 1050183
1050375 1050456
1050761 1050910
1051225 1051253
1051501 1051603
1051964 1052117
1052403 1052462
1052592 1052704
1053150 1053298
1053610 1053660
1053770 1053886
1053972 1054137
1054269 1054333
1054756 1054857
1055227 1055384
1055533 1055582
1056080 1056196
1056355 1056512
1056814 1056861
1057029 1057113
1057597 1057738
1058052 1058103
1058133 1058246
1058699 1058838
1059035 1059083
1059302 1059407
1059859 1060015
1060119 1060169
1060442 1060530
1060988 1061127
1061584 1061636
1061956 1062059
1062325 1062472
1062753 1062789
1063130 1063223
1063652 1063809
1064068 1064127
1064348 1064459
1064925 1065061
1065411 1065460
1065850 1065948
1066247 1066400
1066739 1066791
1066827 1066922
1067125 1067290
1067519 1067585
1067623 1067729
1067842 1067994
1068423 1068472
1068511 1068648
1068971 1069109
1069516 1069562
1069940 1070044
1070187 1070345
1070750 1070809
1070897 1070990
1071346 1071489
1071760 1071807
1071906 1072027
1072130 1072291
1072548 1072594
1072812 1072914
1073137 1073285
1073700 1073764
1073892 1073981
1074209 1074348
1074511 1074544
1074927 1075037
1075065 1075217
1075420 1075466
1075548 1075653
1075942 1076093
1076292 1076353
1076621 1076731
1077183 1077343
1077537 1077579
1077931 1078024
1078095 1078245
1078700 1078749
1078795 1078892
1079073 1079215
1079467 1079517
1079560 1079653
1079964 1080127
1080249 1080302
1080624 1080726
1080952 1081099
1081444 1081501
1081660 1081761
1082142 1082270
1082624 1082660
1082850 1082929
1083176 1083326
1083731 1083777
1083928 1084033
1084385 1084533
1084689 1084730
1084751 1084862
1085001 1085138
1085147 1085196
1085582 1085692
1085950 1086098
1086341 1086377
1086626 1086718
1086896 1087042
1087283 1087341
1087650 1087758
1088057 1088218
1088266 1088298
1088455 1088549
1089021 1089174
1089300 1089364
1089573 1089670
1090026 1090179
1090566 1090617
1090910 1091013
1091394 1091557
1091949 1092004
1092321 1092424
1092764 1092901
1092907 1092966
1093440 1093547
1093563 1093697
1094036 1094095
1094174 1094264
1094470 1094616
1094745 1094803
1094836 1094923
1095146 1095299
1095368 1095418
1095564 1095681
1095722 1095879
1096150 1096206
1096372 1096471
1096558 1096714
1096724 1096782
1097106 1097203
1097647 1097785
1098110 1098159
1098532 1098623
1098865 1099010
1099126 1099192
1099466 1099577
1099839 1099993
1100140 1100187
1100618 1100719
1100720 1100874
1101084 1101142
1101263 1101374
1101756 1101902
1102127 1102182
1102287 1102377
1102653 1102811
1102855 1102899
1103201 1103301
1103545 1103682
1103992 1104051
1104131 1104221
1104501 1104661
1104775 1104824
1104826 1104923
1104963 1105129
1105502 1105548
1105657 1105757
1106117 1106260
1106594 1106646
1106939 1107027
1107319 1107482
1107876 1107910
1108007 1108116
1108415 1108560
1108650 1108722
1109097 1109199
1109239 1109396
1109538 1109578
1109760 1109851
1110195 1110349
1110811 1110860
1111037 1111145
1111360 1111499
1111877 1111931
1112127 1112221
1112701 1112852
1113289 1113342
1113569 1113664
1113993 1114120
1114615 1114663
1114746 1114831
1114989 1115148
1115158 1115194
1115372 1115466
1115559 1115689
1116137 1116180
1116200 1116298
1116307 1116447
1116644 1116678
1117123 1117225
1117268 1117417
1117811 1117850
1118178 1118257
1118572 1118713
1119189 1119224
1119297 1119398
1119672 1119833
1120017 1120055
1120123 1120225
1120441 1120588
1120910 1120935
1121297 1121383
1121606 1121760
1121938 1121962
1122381 1122499
1122935 1123084
1123125 1123176
1123374 1123474
1123678 1123816
1123850 1123914
1124319 1124403
1124513 1124667
1124832 1124898
1125270 1125379
1125685 1125841
1126159 1126206
1126590 1126671
1126951 1127102
1127598 1127655
1127679 1127783
1128062 1128201
1128325 1128361
1128827 1128920
1128950 1129095
1129565 1129627
1129654 1129748
1129761 1129918
1130293 1130349
1130806 1130910
1131124 1131256
1131358 1131413
1131799 1131896
1132231 1132404
1132781 1132819
1132877 1132983
1133163 1133323
1133597 1133658
1133724 1133817
1134034 1134181
1134249 1134306
1134643 1134738
1135021 1135178
1135489 1135527
1135579 1135689
1135715 1135877
1136066 1136114
1136490 1136599
1136784 1136931
1137017 1137063
1137449 1137538
1137921 1138062
1138520 1138569
1138993 1139090
1139564 1139713
1140168 1140235
1140680 1140784
1141186 1141343
1141621 1141661
1141718 1141827
1142163 1142314
1142489 1142539
1142594 1142692
1142925 1143072
1143306 1143345
1143358 1143473
1143514 1143663
1144100 1144148
1144256 1144349
1144367 1144541
1144974 1145021
1145328 1145438
1145825 1145968
1146104 1146162
1146231 1146334
1146760 1146898
1147212 1147253
1147547 1147641
1147692 1147845
1148192 1148244
1148703 1148792
1149194 1149349
1149350 1149391
1149489 1149584
1149782 1149940
1150148 1150223
1150590 1150704
1150923 1151059
1151118 1151159
1151353 1151467
1151662 1151815
1151937 1151971
1152337 1152435
1152665 1152818
1153123 1153168
1153274 1153379
1153832 1153973
1154050 1154088
1154296 1154378
1154750 1154909
1155234 1155286
1155457 1155555
1155661 1155814
1155922 1155975
1156012 1156098
1156592 1156739
1157065 1157111
1157295 1157411
1157795 1157940
1158227 1158258
1158329 1158419
1158615 1158758
1159004 1159053
1159536 1159644
1160042 1160189
1160479 1160532
1160734 1160838
1160912 1161080
1161213 1161268
1161673 1161767
1162130 1162289
1162607 1162655
1162993 1163089
1163422 1163592
1163688 1163745
1164072 1164171
1164186 1164351
1164367 1164422
1164869 1164958
1165023 1165159
1165638 1165681
1165745 1165850
1165962 1166108
1166190 1166243
1166501 1166603
1166725 1166879
1167048 1167098
1167230 1167326
1167706 1167869
1168253 1168314
1168729 1168836
1169114 1169252
1169624 1169679
1170077 1170169
1170217 1170378
1170424 1170474
1170536 1170617
1170839 1170990
1171132 1171187
1171403 1171493
1171677 1171817
1172022 1172060
1172267 1172352
1172427 1172575
1172995 1173046
1173467 1173566
1173616 1173760
1174028 1174077
1174311 1174399
1174689 1174826
1175236 1175276
1175633 1175719
1175812 1175962
1176118 1176168
1176243 1176333
1176818 1176970
1177390 1177443
1177785 1177888
1178122 1178269
1178684 1178740
1179109 1179217
1179513 1179664
1179858 1179920
1180213 1180315
1180765 1180915
1181217 1181262
1181315 1181426
1181775 1181908
1181975 1182026
1182448 1182551
1182593 1182738
1183111 1183162
1183510 1183604
1183967 1184106
1184126 1184181
1184419 1184528
1184962 1185118
1185592 1185636
1186088 1186178
1186550 1186699
1187180 1187220
1187547 1187655
1187700 1187853
1188022 1188065
1188158 1188253
1188726 1188872
1189013 1189060
1189374 1189462
1189797 1189948
1190216 1190270
1190683 1190790
1191095 1191260
1191382 1191433
1191650 1191754
1192239 1192390
1192700 1192752
1193212 1193319
1193708 1193868
1194350 1194399
1194573 1194664
1194781 1194940
1195115 1195175
1195516 1195594
1195917 1196080
1196439 1196469
1196515 1196630
1197052 1197201
1197476 1197516
1197836 1197936
1198057 1198198
1198648 1198707
1199150 1199242
1199459 1199617
1199660 1199712
1199954 1200060
1200505 1200666
1200934 1200991
1201287 1201401
1201892 1202044
1202413 1202459
1202644 1202739
1202793 1202935
1202950 1202996
1203058 1203152
1203541 1203685
1203757 1203806
1204073 1204171
1204506 1204647
1204791 1204843
1205327 1205419
1205449 1205593
1205737 1205781
1206140 1206245
1206662 1206813
1206902 1206951
1207148 1207252
1207508 1207642
1208021 1208070
1208180 1208278
1208700 1208834
1209215 1209266
1209744 1209834
1210127 1210263
1210616 1210661
1211010 1211128
1211129 1211273
1211748 1211791
1212039 1212136
1212615 1212774
1212963 1213032
1213180 1213265
1213713 1213868
1214073 1214115
1214414 1214514
1214721 1214859
1214961 1215019
1215428 1215516
1215993 1216135
1216353 1216395
1216545 1216657
1216729 1216867
1217047 1217098
1217516 1217627
1217722 1217871
1218080 1218149
1218578 1218684
1218773 1218922
1219141 1219203
1219670 1219769
1219926 1220065
1220394 1220455
1220696 1220789
1220924 1221087
1221148 1221189
1221516 1221633
1221948 1222105
1222172 1222204
1222401 1222494
1222980 1223129
1223356 1223392
1223721 1223836
1224303 1224451
1224943 1224982
1225350 1225460
1225876 1226007
1226500 1226541
1226643 1226741
1226881 1227019
1227276 1227345
1227521 1227609
1227732 1227884
1228037 1228085
1228174 1228251
1228509 1228636
1228756 1228798
1229130 1229220
1229238 1229389
1229599 1229649
1229965 1230055
1230230 1230376
1230759 1230817
1231059 1231160
1231350 1231504
1231803 1231850
1231962 1232056
1232423 1232574
1232593 1232632
1232634 1232746
1233171 1233309
1233546 1233582
1233918 1234002
1234407 1234565
1234827 1234879
1235304 1235405
1235695 1235860
1236126 1236167
1236493 1236597
1237083 1237236
1237603 1237643
1237766 1237862
1238136 1238277
1238389 1238435
1238796 1238920
1239269 1239425
1239461 1239540
1239946 1240049
1240330 1240475
1240504 1240557
1240756 1240862
1241324 1241478
1241921 1241968
1242225 1242334
1242571 1242719
1242795 1242861
1243133 1243252
1243657 1243808
1244065 1244135
1244457 1244570
1244700 1244839
1245077 1245116
1245241 1245338
1245713 1245861
1246144 1246188
1246219 1246327
1246760 1246902
1247280 1247351
1247479 1247567
1247796 1247947
1248242 1248293
1248713 1248826
1249073 1249225
1249330 1249401
1249673 1249773
1250162 1250306
1250381 1250431
1250791 1250902
1251389 1251546
1251986 1252046
1252092 1252192
1252649 1252794
1252933 1252974
1253469 1253578
1253915 1254078
1254326 1254384
1254754 1254840
1255327 1255484
1255513 1255555
1255816 1255922
1256118 1256269
1256273 1256329
1256500 1256611
1256810 1256962
1257140 1257189
1257363 1257472
1257699 1257865
1257901 1257937
1258011 1258113
1258198 1258355
1258817 1258855
1259281 1259369
1259828 1259982
1260082 1260132
1260393 1260483
1260827 1260982
1261461 1261502
1261866 1261959
1262140 1262304
1262417 1262466
1262950 1263049
1263542 1263691
1263812 1263854
1264084 1264177
1264313 1264443
1264444 1264486
1264932 1265026
1265086 1265218
1265658 1265693
1265752 1265850
1265910 1266048
1266502 1266560
1266913 1267007
1267456 1267611
1267703 1267745
1267840 1267926
1268073 1268230
1268365 1268420
1268597 1268681
1268719 1268859
1268916 1268961
1269182 1269296
1269335 1269494
1269587 1269623
1269741 1269845
1269973 1270134
1270226 1270281
1270646 1270747
1270938 1271102
1271174 1271196
1271311 1271413
1271635 1271795
1272095 1272129
1272435 1272542
1272662 1272798
1273183 1273234
1273636 1273753
1274197 1274345
1274588 1274629
1275016 1275117
1275142 1275305
1275726 1275772
1275825 1275938
1276028 1276169
1276567 1276626
1276635 1276734
1277005 1277153
1277356 1277423
1277736 1277846
1278301 1278464
1278847 1278895
1278974 1279064
1279298 1279438
1279474 1279519
1279910 1280016
1280167 1280316
1280321 1280368
1280638 1280739
1280774 1280917
1280972 1281023
1281431 1281526
1281596 1281746
1282205 1282250
1282317 1282418
1282704 1282851
1283116 1283163
1283453 1283544
1283792 1283943
1284010 1284056
1284306 1284411
1284587 1284735
1285212 1285279
1285647 1285748
1285810 1285972
1286318 1286359
1286479 1286579
1286702 1286851
1287321 1287367
1287547 1287653
1287733 1287905
1288187 1288254
1288561 1288658
1289021 1289168
1289250 1289296
1289692 1289789
1289928 1290079
1290520 1290565
1290585 1290694
1290724 1290882
1291320 1291364
1291487 1291601
1291986 1292129
1292540 1292595
1292605 1292701
1293087 1293222
1293556 1293604
1293763 1293862
1294205 1294352
1294769 1294812
1295226 1295333
1295587 1295732
1295965 1296000
1296455 1296551
1296800 1296958
1297230 1297270
1297443 1297549
1298008 1298159
1298330 1298370
1298477 1298594
1298602 1298743
1298804 1298859
1299056 1299165
1299428 1299565
1299718 1299767
1300162 1300255
1300274 1300442
1300599 1300651
1300931 1301011
1301252 1301404
1301822 1301867
1302216 1302306
1302752 1302893
1303300 1303383
1303583 1303682
1303987 1304131
1304531 1304587
1304591 1304690
1304720 1304878
1304979 1305030
1305256 1305339
1305615 1305773
1306112 1306165
1306311 1306400
1306483 1306631
1306749 1306797
1306992 1307067
1307207 1307361
1307755 1307784
1308211 1308304
1308600 1308744
1309127 1309174
1309565 1309684
1309720 1309863
1309962 1310023
1310337 1310441
1310564 1310701
1310829 1310896
1311319 1311439
1311451 1311596
1311944 1311985
1312448 1312542
1312972 1313113
1313600 1313656
1313883 1314003
1314090 1314240
1314274 1314304
1314685 1314776
1315008 1315155
1315450 1315501
1315693 1315777
1316261 1316416
1316615 1316679
1316847 1316943
1317302 1317437
1317700 1317757
1318028 1318123
1318355 1318512
1318926 1318985
1319335 1319427
1319825 1319974
1320253 1320296
1320632 1320740
1321208 1321365
1321481 1321521
1321619 1321722
1321843 1321995
1322382 1322438
1322630 1322728
1323031 1323187
1323260 1323324
1323387 1323508
1323945 1324078
1324577 1324627
1325101 1325210
1325457 1325613
1326056 1326088
1326256 1326364
1326685 1326837
1327071 1327118
1327181 1327279
1327296 1327443
1327793 1327822
1328281 1328407
1328687 1328824
1329203 1329249
1329285 1329392
1329459 1329605
1329835 1329874
1329957 1330050
1330522 1330685
1331122 1331179
1331459 1331546
1331609 1331752
1332158 1332225
1332656 1332768
1333029 1333179
1333652 1333715
1334209 1334322
1334391 1334532
1334858 1334905
1335170 1335271
1335279 1335433
1335829 1335877
1336363 1336464
1336829 1336966
1337053 1337097
1337488 1337590
1337881 1338019
1338251 1338312
1338565 1338655
1338924 1339056
1339142 1339191
1339546 1339670
1339857 1340021
1340080 1340148
1340180 1340291
1340504 1340647
1340856 1340920
1341171 1341248
1341419 1341560
1341722 1341789
1342203 1342308
1342452 1342589
1342884 1342936
1343337 1343423
1343680 1343842
1343967 1344018
1344134 1344233
1344690 1344839
1345165 1345237
1345507 1345614
1345818 1345978
1346299 1346333
1346810 1346923
1347286 1347442
1347521 1347567
1347941 1348018
1348417 1348561
1348611 1348649
1348733 1348841
1348928 1349068
1349113 1349156
1349180 1349269
1349327 1349478
1349520 1349563
1349930 1350049
1350419 1350561
1350852 1350889
1351010 1351122
1351507 1351667
1351915 1351969
1352135 1352233
1352478 1352634
1352669 1352720
1352897 1352997
1353077 1353227
1353316 1353367
1353650 1353737
1353821 1353977
1354121 1354160
1354184 1354286
1354596 1354748
1355173 1355205
1355379 1355482
1355616 1355765
1356221 1356273
1356492 1356581
1356923 1357072
1357082 1357137
1357464 1357566
1357937 1358078
1358160 1358222
1358255 1358384
1358408 1358569
1358917 1358969
1359167 1359262
1359656 1359806
1359895 1359941
1360419 1360517
1360897 1361040
1361224 1361262
1361498 1361591
1361791 1361954
1362053 1362093
1362270 1362378
1362507 1362665
1362958 1363006
1363392 1363515
1363865 1364029
1364154 1364221
1364271 1364394
1364585 1364729
1365226 1365283
1365546 1365641
1365738 1365878
1365957 1366017
1366285 1366398
1366886 1367016
1367369 1367428
1367779 1367869
1368265 1368398
1368439 1368483
1368735 1368841
1369267 1369414
1369657 1369721
1370085 1370191
1370266 1370409
1370413 1370450
1370555 1370662
1371043 1371188
1371534 1371570
1371929 1372028
1372316 1372465
1372700 1372745
1373011 1373124
1373465 1373612
1373628 1373681
1373894 1373991
1374358 1374501
1374602 1374664
1375025 1375119
1375282 1375438
1375786 1375836
1376084 1376175
1376235 1376401
1376857 1376912
1377223 1377309
1377375 1377533
1377938 1378008
1378450 1378542
1378979 1379140
1379142 1379175
1379386 1379495
1379875 1380028
1380260 1380323
1380363 1380467
1380691 1380832
1381139 1381174
1381569 1381665
1381934 1382083
1382183 1382236
1382410 1382510
1382874 1383005
1383156 1383196
1383345 1383434
1383853 1383996
1384464 1384521
1385020 1385125
1385623 1385774
1385848 1385908
1386321 1386424
1386460 1386609
1387104 1387135
1387481 1387590
1387907 1388049
1388448 1388485
1388977 1389078
1389267 1389421
1389848 1389891
1390144 1390240
1390580 1390732
1391156 1391197
1391232 1391333
1391630 1391778
1392232 1392290
1392782 1392879
1393205 1393341
1393551 1393609
1393801 1393897
1394194 1394338
1394680 1394707
1395124 1395218
1395489 1395639
1395992 1396056
1396071 1396170
1396626 1396766
1397237 1397299
1397627 1397716
1398015 1398147
1398368 1398419
1398716 1398819
1399077 1399211
1399366 1399408
1399814 1399923
1400022 1400162
1400419 1400468
1400928 1401033
1401201 1401372
1401567 1401618
1401662 1401781
1402167 1402295
1402707 1402739
1403204 1403281
1403765 1403926
1403930 1403981
1404153 1404262
1404711 1404850
1404858 1404902
1405021 1405107
1405304 1405470
1405812 1405864
1406296 1406404
1406832 1406991
1407436 1407504
1407516 1407625
1408090 1408239
1408555 1408599
1408706 1408811
1408905 1409065
1409078 1409133
1409461 1409546
1409563 1409701
1409702 1409751
1410219 1410325
1410552 1410700
1410925 1410987
1411214 1411321
1411643 1411779
1412000 1412062
1412190 1412287
1412397 1412547
1412968 1413021
1413467 1413576
1413743 1413885
1414114 1414174
1414461 1414568
1414910 1415070
1415569 1415632
1416053 1416137
1416298 1416441
1416512 1416557
1416903 1417005
1417028 1417186
1417247 1417288
1417323 1417416
1417466 1417620
1417952 1418017
1418352 1418453
1418458 1418607
1418783 1418807
1419278 1419377
1419824 1419973
1419975 1420050
1420103 1420224
1420581 1420727
1421197 1421249
1421355 1421455
1421942 1422104
1422340 1422402
1422555 1422671
1423115 1423276
1423381 1423419
1423588 1423679
1423989 1424143
1424403 1424469
1424675 1424782
1424933 1425088
1425499 1425567
1425625 1425718
1425755 1425899
1426333 1426375
1426561 1426668
1427141 1427282
1427704 1427765
1427777 1427891
1428051 1428211
1428541 1428576
1428951 1429058
1429533 1429690
1430186 1430231
1430613 1430713
1431140 1431283
1431387 1431432
1431593 1431698
1432153 1432302
1432701 1432749
1432851 1432939
1433411 1433544
1433774 1433813
1433956 1434045
1434084 1434250
1434260 1434319
1434415 1434500
1434767 1434892
1435100 1435143
1435252 1435351
1435599 1435737
1436208 1436257
1436661 1436783
1437170 1437303
1437555 1437580
1437674 1437763
1438185 1438357
1438545 1438593
1438812 1438919
1439394 1439548
1439601 1439670
1439923 1440020
1440233 1440380
1440466 1440523
1440904 1440988
1441260 1441415
1441845 1441890
1442157 1442257
1442748 1442883
1443368 1443403
1443702 1443798
1444082 1444210
1444632 1444676
1444954 1445056
1445154 1445318
1445497 1445558
1445809 1445910
1446335 1446483
1446612 1446652
1446808 1446906
1447005 1447147
1447438 1447476
1447801 1447911
1448396 1448536
1448727 1448764
1449138 1449250
1449340 1449486
1449728 1449780
1450091 1450203
1450209 1450351
1450365 1450410
1450560 1450656
1451115 1451260
1451511 1451553
1451972 1452068
1452263 1452410
1452864 1452899
1452934 1453021
1453520 1453671
1453925 1453974
1454458 1454564
1454993 1455155
1455223 1455292
1455710 1455817
1456073 1456203
1456230 1456271
1456379 1456468
1456837 1456995
1457410 1457461
1457703 1457797
1458235 1458387
1458556 1458630
1458973 1459074
1459467 1459628
1459980 1460018
1460431 1460522
1460593 1460730
1460774 1460838
1460904 1460986
1461281 1461422
1461531 1461585
1461902 1461990
1462349 1462486
1462619 1462678
1463018 1463117
1463600 1463745
1464108 1464141
1464309 1464421
1464915 1465067
1465448 1465502
1465668 1465762
1466240 1466390
1466611 1466660
1466787 1466879
1466987 1467127
1467362 1467413
1467582 1467687
1467944 1468123
1468394 1468441
1468838 1468924
1469249 1469399
1469673 1469707
1470088 1470189
1470405 1470559
1470597 1470652
1470743 1470833
1471202 1471349
1471502 1471543
1471659 1471766
1472198 1472344
1472682 1472734
1473152 1473258
1473529 1473670
1474052 1474092
1474435 1474534
1474757 1474896
1475201 1475231
1475452 1475563
1475592 1475747
1476194 1476249
1476528 1476623
1476624 1476762
1476847 1476901
1477149 1477247
1477577 1477722
1478070 1478087
1478525 1478625
1478832 1478974
1479437 1479485
1479845 1479938
1480320 1480476
1480479 1480509
1480620 1480723
1481169 1481339
1481793 1481841
1481989 1482072
1482152 1482318
1482331 1482373
1482613 1482726
1482896 1483054
1483440 1483490
1483683 1483799
1483939 1484077
1484480 1484545
1484826 1484926
1485223 1485362
1485733 1485800
1486218 1486315
1486635 1486793
1487146 1487202
1487305 1487420
1487452 1487591
1487807 1487876
1488058 1488160
1488583 1488726
1488915 1488970
1488992 1489081
1489337 1489483
1489727 1489779
1490231 1490326
1490344 1490492
1490673 1490718
1490976 1491056
1491544 1491701
1491861 1491904
1492251 1492350
1492616 1492763
1493086 1493133
1493312 1493399
1493628 1493769
1494147 1494214
1494335 1494436
1494726 1494859
1494911 1494947
1495361 1495452
1495467 1495594
1495910 1495963
1496036 1496145
1496261 1496400
1496816 1496861
1497227 1497319
1497364 1497495
1497563 1497607
1498001 1498110
1498305 1498448
1498590 1498631
1499011 1499103
1499222 1499357
1499606 1499660
1499820 1499917
1499974 1500119
1500613 1500666
1501013 1501125
1501327 1501495
1501820 1501877
1501990 1502105
1502217 1502387
1502862 1502916
1502987 1503114
1503515 1503667
1503724 1503772
1503862 1503974
1504399 1504548
1504605 1504657
1505109 1505214
1505336 1505493
1505608 1505643
1505697 1505793
1506222 1506363
1506712 1506756
1507185 1507275
1507754 1507898
1508061 1508111
1508438 1508540
1508987 1509158
1509492 1509546
1509553 1509645
1509914 1510076
1510405 1510448
1510473 1510565
1510703 1510856
1511233 1511298
1511419 1511510
1511960 1512106
1512204 1512248
1512392 1512510
1512900 1513054
1513550 1513608
1513988 1514096
1514349 1514508
1514851 1514902
1515234 1515329
1515827 1515981
1516056 1516096
1516113 1516222
1516465 1516638
1516681 1516737
1517089 1517191
1517519 1517683
1517897 1517938
1518261 1518369
1518468 1518627
1518776 1518828
1518890 1518999
1519158 1519302
1519425 1519467
1519744 1519825
1520193 1520331
1520602 1520669
1520990 1521096
1521438 1521594
1521718 1521758
1522121 1522218
1522366 1522511
1522592 1522654
1522947 1523025
1523316 1523458
1523808 1523855
1524208 1524289
1524536 1524681
1524802 1524849
1525015 1525128
1525459 1525630
1525965 1526031
1526468 1526572
1526633 1526766
1526995 1527044
1527206 1527293
1527338 1527469
1527957 1528006
1528377 1528470
1528943 1529080
1529439 1529498
1529618 1529722
1530054 1530203
1530291 1530348
1530380 1530488
1530817 1530959
1531204 1531246
1531259 1531349
1531410 1531555
1531876 1531943
1532422 1532506
1532609 1532770
1533154 1533198
1533284 1533387
1533602 1533765
1534105 1534147
1534464 1534558
1534660 1534816
1535034 1535079
1535458 1535555
1535679 1535832
1535943 1535991
1535998 1536111
1536345 1536503
1536620 1536659
1537072 1537169
1537289 1537437
1537850 1537899
1538129 1538204
1538222 1538375
1538724 1538770
1538841 1538932
1539419 1539567
1539856 1539880
1540280 1540371
1540519 1540670
1541134 1541189
1541233 1541341
1541386 1541533
1541620 1541668
1542153 1542241
1542442 1542575
1542920 1542962
1543170 1543272
1543493 1543644
1544132 1544188
1544294 1544392
1544396 1544557
1544887 1544939
1545211 1545322
1545650 1545799
1545971 1546005
1546152 1546250
1546499 1546641
1546785 1546828
1547034 1547122
1547305 1547450
1547483 1547533
1547974 1548080
1548352 1548497
1548538 1548588
1548929 1549015
1549139 1549299
1549333 1549391
1549607 1549722
1549792 1549932
1550385 1550441
1550754 1550861
1551193 1551344
1551503 1551535
1551740 1551832
1551995 1552133
1552267 1552315
1552568 1552670
1552884 1553032
1553274 1553313
1553332 1553438
1553653 1553804
1553933 1553981
1554246 1554352
1554652 1554811
1554870 1554914
1555106 1555214
1555245 1555383
1555423 1555455
1555495 1555580
1555844 1555996
1556353 1556410
1556905 1557007
1557151 1557291
1557674 1557724
1558101 1558198
1558382 1558522
1558763 1558820
1559258 1559369
1559732 1559868
1560204 1560249
1560433 1560512
1560542 1560687
1560883 1560920
1560928 1561034
1561125 1561257
1561339 1561386
1561515 1561612
1561979 1562157
1562216 1562275
1562438 1562526
1562646 1562806
1563242 1563286
1563360 1563462
1563862 1563990
1564034 1564070
1564198 1564307
1564527 1564667
1564968 1565012
1565507 1565601
1565930 1566087
1566503 1566548
1566564 1566659
1566883 1567047
1567538 1567574
1567592 1567687
1568174 1568324
1568498 1568552
1568820 1568913
1569375 1569527
1569692 1569725
1569885 1569990
1570487 1570637
1570800 1570838
1571299 1571393
1571460 1571602
1572098 1572130
1572551 1572669
1573163 1573309
1573632 1573681
1574084 1574180
1574632 1574788
1575021 1575049
1575283 1575375
1575489 1575637
1575647 1575692
1575793 1575905
1576273 1576419
1576517 1576573
1576614 1576701
1576924 1577058
1577428 1577478
1577628 1577724
1577922 1578054
1578197 1578244
1578258 1578354
1578465 1578617
1578771 1578829
1579098 1579216
1579487 1579630
1580085 1580142
1580453 1580541
1581006 1581166
1581545 1581613
1581890 1581986
1582011 1582155
1582310 1582361
1582440 1582543
1582814 1582973
1583404 1583454
1583767 1583870
1584245 1584383
1584484 1584547
1584999 1585109
1585534 1585688
1585902 1585952
1586026 1586123
1586586 1586735
1587107 1587147
1587226 1587310
1587610 1587755
1588059 1588103
1588227 1588308
1588344 1588495
1588764 1588812
1589277 1589363
1589723 1589885
1590194 1590228
1590444 1590537
1591035 1591193
1591226 1591279
1591567 1591690
1591722 1591869
1591999 1592056
1592441 1592519
1592523 1592662
1592986 1593036
1593479 1593574
1593987 1594123
1594566 1594613
1594673 1594771
1594834 1594984
1595024 1595073
1595481 1595596
1596053 1596217
1596429 1596486
1596633 1596719
1597210 1597361
1597705 1597748
1597960 1598050
1598440 1598593
1599078 1599133
1599293 1599397
1599864 1600005
1600401 1600438
1600626 1600719
1601072 1601222
1601482 1601520
1601733 1601830
1602204 1602361
1602368 1602425
1602733 1602817
1602958 1603106
1603580 1603642
1604051 1604154
1604279 1604430
1604833 1604888
1604988 1605078
1605206 1605359
1605379 1605418
1605910 1605995
1606081 1606229
1606719 1606761
1607157 1607253
1607699 1607852
1608337 1608382
1608564 1608672
1608773 1608931
1609136 1609183
1609486 1609565
1609976 1610131
1610587 1610624
1610629 1610725
1610995 1611148
1611421 1611456
1611897 1611994
1612299 1612434
1612790 1612866
1612886 1612980
1613101 1613257
1613372 1613421
1613513 1613633
1613736 1613888
1614164 1614221
1614349 1614442
1614605 1614768
1615074 1615117
1615607 1615700
1615723 1615882
1615966 1616028
1616286 1616395
1616742 1616892
1616952 1616992
1617388 1617483
1617768 1617919
1618055 1618105
1618555 1618629
1618983 1619138
1619248 1619275
1619390 1619482
1619733 1619883
1620353 1620398
1620643 1620736
1621225 1621371
1621731 1621780
1622208 1622326
1622704 1622854
1623342 1623395
1623590 1623683
1624021 1624171
1624566 1624609
1624784 1624882
1624916 1625071
1625343 1625395
1625501 1625607
1625775 1625925
1626096 1626139
1626452 1626550
1626688 1626847
1626988 1627037
1627527 1627642
1628034 1628179
1628527 1628597
1628956 1629066
1629493 1629639
1629855 1629890
1630326 1630431
1630918 1631064
1631204 1631268
1631467 1631566
1631612 1631765
1632161 1632184
1632301 1632385
1632448 1632597
1633085 1633116
1633373 1633473
1633926 1634083
1634456 1634519
1634786 1634899
1635394 1635541
1635706 1635756
1636018 1636099
1636518 1636638
1637073 1637125
1637132 1637236
1637534 1637684
1637802 1637841
1638188 1638298
1638548 1638688
1638911 1638975
1639016 1639101
1639599 1639767
1640133 1640177
1640604 1640702
1640897 1641054
1641533 1641600
1642005 1642086
1642154 1642299
1642471 1642527
1642851 1642977
1642993 1643134
1643377 1643423
1643917 1644016
1644027 1644188
1644372 1644425
1644466 1644572
1644580 1644741
1644998 1645052
1645204 1645293
1645635 1645785
1646083 1646116
1646161 1646266
1646594 1646751
1647089 1647160
1647406 1647513
1647658 1647813
1648203 1648234
1648666 1648778
1648829 1648989
1649307 1649359
1649616 1649714
1650001 1650147
1650480 1650548
1650910 1651009
1651020 1651173
1651371 1651422
1651643 1651744
1652103 1652241
1652276 1652340
1652614 1652709
1653178 1653317
1653760 1653812
1654251 1654338
1654350 1654504
1654994 1655045
1655485 1655574
1655954 1656088
1656201 1656235
1656599 1656684
1657153 1657304
1657491 1657539
1658018 1658124
1658402 1658561
1658665 1658706
1659098 1659199
1659309 1659450
1659877 1659935
1659973 1660066
1660470 1660614
1660960 1660990
1661239 1661328
1661610 1661749
1662235 1662278
1662646 1662762
1662845 1662993
1663473 1663512
1663642 1663745
1664178 1664316
1664328 1664379
1664739 1664818
1664943 1665093
1665179 1665234
1665606 1665731
1666034 1666176
1666512 1666550
1666655 1666748
1666832 1666978
1667124 1667170
1667463 1667542
1667773 1667933
1668215 1668256
1668439 1668558
1668644 1668792
1669091 1669126
1669208 1669316
1669631 1669782
1669784 1669814
1670015 1670100
1670267 1670404
1670681 1670746
1671109 1671206
1671367 1671518
1671669 1671720
1671901 1672004
1672061 1672208
1672435 1672465
1672664 1672775
1672811 1672953
1673068 1673108
1673143 1673246
1673505 1673669
1674008 1674051
1674204 1674286
1674504 1674660
1674711 1674756
1674949 1675057
1675320 1675477
1675545 1675594
1675893 1675985
1676181 1676311
1676356 1676401
1676477 1676593
1676628 1676767
1676823 1676853
1677295 1677397
1677584 1677740
1677809 1677857
1678076 1678181
1678427 1678575
1678731 1678769
1679215 1679304
1679699 1679852
1680341 1680397
1680753 1680875
1680986 1681138
1681352 1681406
1681900 1682003
1682055 1682176
1682182 1682246
1682700 1682796
1682971 1683129
1683219 1683260
1683707 1683806
1683903 1684060
1684215 1684256
1684594 1684685
1684772 1684935
1685074 1685135
1685353 1685462
1685544 1685688
1686114 1686157
1686393 1686480
1686653 1686800
1686816 1686861
1686960 1687055
1687089 1687235
1687517 1687582
1688037 1688142
1688167 1688330
1688792 1688846
1689145 1689243
1689259 1689384
1689798 1689845
1690178 1690289
1690681 1690821
1690987 1691028
1691332 1691443
1691829 1691986
1692483 1692524
1692938 1693044
1693342 1693492
1693847 1693900
1693947 1694044
1694274 1694428
1694575 1694622
1694689 1694793
1695017 1695159
1695635 1695672
1695801 1695906
1696235 1696402
1696838 1696876
1697230 1697310
1697362 1697518
1697859 1697910
1698158 1698260
1698372 1698517
1698883 1698930
1699194 1699312
1699400 1699552
1699822 1699845
1700180 1700266
1700290 1700441
1700899 1700950
1701131 1701223
1701345 1701500
1701700 1701755
1701893 1701993
1702394 1702558
1702638 1702688
1703173 1703278
1703590 1703752
1703933 1703984
1704288 1704381
1704422 1704584
1704595 1704640
1705017 1705134
1705554 1705689
1706059 1706121
1706543 1706627
1706982 1707145
1707265 1707325
1707635 1707729
1708184 1708341
1708833 1708872
1709162 1709257
1709380 1709533
1709815 1709877
1710342 1710425
1710714 1710867
1710968 1711029
1711273 1711370
1711803 1711953
1712283 1712340
1712719 1712826
1713013 1713166
1713631 1713687
1713917 1714009
1714246 1714396
1714833 1714876
1715211 1715303
1715351 1715515
1715546 1715581
1715850 1715950
1716022 1716169
1716428 1716471
1716718 1716820
1716869 1717015
1717323 1717389
1717731 1717837
1717896 1718027
1718106 1718150
1718299 1718414
1718825 1718992
1719247 1719304
1719387 1719484
1719898 1720029
1720460 1720514
1720682 1720776
1721267 1721412
1721528 1721576
1721878 1721972
1722337 1722478
1722911 1722956
1723079 1723174
1723356 1723486
1723953 1723999
1724278 1724372
1724564 1724732
1725004 1725032
1725414 1725513
1725797 1725954
1726153 1726201
1726511 1726611
1726900 1727055
1727104 1727163
1727386 1727476
1727680 1727825
1727851 1727905
1728190 1728306
1728656 1728802
1728883 1728918
1729031 1729123
1729367 1729517
1729561 1729607
1729618 1729709
1729941 1730077
1730194 1730241
1730515 1730608
1731047 1731201
1731688 1731752
1732109 1732205
1732572 1732718
1732954 1733002
1733458 1733559
1733862 1733997
1734394 1734456
1734894 1735006
1735470 1735632
1735981 1736031
1736511 1736607
1737088 1737229
1737388 1737433
1737774 1737880
1738039 1738175
1738308 1738370
1738800 1738915
1739300 1739456
1739511 1739562
1740003 1740098
1740413 1740566
1740912 1740968
1741240 1741318
1741780 1741920
1742301 1742351
1742772 1742859
1743011 1743165
1743432 1743484
1743843 1743937
1744164 1744308
1744404 1744463
1744515 1744622
1745092 1745250
1745375 1745415
1745532 1745630
1745896 1746050
1746167 1746225
1746476 1746575
1746711 1746846
1747283 1747339
1747504 1747603
1748003 1748163
1748439 1748505
1748798 1748893
1748995 1749141
1749218 1749265
1749538 1749641
1749997 1750133
1750487 1750539
1750855 1750951
1751114 1751265
