  0;  0;0.457386;0.798458;0.000000;44.06
  0;392;0.457386;0.798086;0.000372;44.06
  0;400;0.457386;0.798458;0.000000;44.06
  8;  0;0.458618;0.797226;0.000000;43.99
  8;  8;0.458618;0.797226;0.000000;43.99
  8; 16;0.458618;0.000000;0.797226;40.35
  8;392;0.458618;0.796854;0.000372;43.99
  8;400;0.458618;0.797226;0.000000;43.99
 16;  0;0.458618;0.797226;0.000000;43.99
 16;  8;0.458618;0.797226;0.000000;43.99
 16; 16;0.458618;0.797226;0.000000;43.99
 16;392;0.458618;0.796854;0.000372;43.99
 16;400;0.458618;0.797226;0.000000;43.99
 24;  0;0.459863;0.795981;0.000000;43.94
 24;  8;0.459863;0.795981;0.000000;43.94
 24; 16;0.459863;0.795981;0.000000;43.94
 24; 24;0.459863;0.795981;0.000000;43.94
 24;392;0.459863;0.795609;0.000372;43.94
 24;400;0.459863;0.795981;0.000000;43.94
 32;  0;0.461844;0.794000;0.000000;43.86
 32;  8;0.461844;0.794000;0.000000;43.86
 32; 16;0.461844;0.794000;0.000000;43.86
 32; 24;0.461844;0.794000;0.000000;43.86
 32; 32;0.461844;0.794000;0.000000;43.86
 32;392;0.461844;0.793628;0.000372;43.86
 32;400;0.461844;0.794000;0.000000;43.86
 40;  0;0.464696;0.791148;0.000000;43.73
 40;  8;0.464696;0.791148;0.000000;43.73
 40; 16;0.464696;0.791148;0.000000;43.73
 40; 24;0.464696;0.791148;0.000000;43.73
 40; 32;0.464696;0.791148;0.000000;43.73
 40; 40;0.464696;0.791148;0.000000;43.73
 40;392;0.464696;0.790776;0.000372;43.73
 40;400;0.464696;0.791148;0.000000;43.73
 48;  0;0.467181;0.788663;0.000000;43.59
 48;  8;0.467181;0.788663;0.000000;43.59
 48; 16;0.467181;0.788663;0.000000;43.59
 48; 24;0.467181;0.788663;0.000000;43.59
 48; 32;0.467181;0.788663;0.000000;43.59
 48; 40;0.467181;0.788663;0.000000;43.59
 48; 48;0.467181;0.788663;0.000000;43.59
 48;392;0.467181;0.788291;0.000372;43.59
 48;400;0.467181;0.788663;0.000000;43.59
 56;  0;0.473184;0.782660;0.000000;43.26
 56;  8;0.473184;0.782660;0.000000;43.26
 56; 16;0.473184;0.782660;0.000000;43.26
 56; 24;0.473184;0.782660;0.000000;43.26
 56; 32;0.473184;0.782660;0.000000;43.26
 56; 40;0.473184;0.782660;0.000000;43.26
 56; 48;0.473184;0.782660;0.000000;43.26
 56; 56;0.473184;0.782660;0.000000;43.26
 56;392;0.473184;0.782288;0.000372;43.26
 56;400;0.473184;0.782660;0.000000;43.26
 64;  0;0.481899;0.773945;0.000000;42.81
 64;  8;0.481899;0.773945;0.000000;42.81
 64; 16;0.481899;0.773945;0.000000;42.81
 64; 24;0.481899;0.773945;0.000000;42.81
 64; 32;0.481899;0.773945;0.000000;42.81
 64; 40;0.481899;0.773945;0.000000;42.81
 64; 48;0.481899;0.773945;0.000000;42.81
 64; 56;0.481899;0.773945;0.000000;42.81
 64; 64;0.481899;0.773945;0.000000;42.81
 64;392;0.481899;0.773573;0.000372;42.81
 64;400;0.481899;0.773945;0.000000;42.81
 72;  0;0.493210;0.762634;0.000000;42.23
 72;  8;0.493210;0.762634;0.000000;42.23
 72; 16;0.493210;0.762634;0.000000;42.23
 72; 24;0.493210;0.762634;0.000000;42.23
 72; 32;0.493210;0.762634;0.000000;42.23
 72; 40;0.493210;0.762634;0.000000;42.23
 72; 48;0.493210;0.762634;0.000000;42.23
 72; 56;0.493210;0.762634;0.000000;42.23
 72; 64;0.493210;0.762634;0.000000;42.23
 72; 72;0.493210;0.762634;0.000000;42.23
 72;392;0.493210;0.762262;0.000372;42.23
 72;400;0.493210;0.762634;0.000000;42.23
 80;  0;0.506418;0.749426;0.000000;41.54
 80;  8;0.506418;0.749426;0.000000;41.54
 80; 16;0.506418;0.749426;0.000000;41.54
 80; 24;0.506418;0.749426;0.000000;41.54
 80; 32;0.506418;0.749426;0.000000;41.54
 80; 40;0.506418;0.749426;0.000000;41.54
 80; 48;0.506418;0.749426;0.000000;41.54
 80; 56;0.506418;0.749426;0.000000;41.54
 80; 64;0.506418;0.749426;0.000000;41.54
 80; 72;0.506418;0.749426;0.000000;41.54
 80; 80;0.506418;0.749426;0.000000;41.54
 80;392;0.506418;0.749054;0.000372;41.54
 80;400;0.506418;0.749426;0.000000;41.54
 88;  0;0.518776;0.737068;0.000000;40.91
 88;  8;0.518776;0.737068;0.000000;40.91
 88; 16;0.518776;0.737068;0.000000;40.91
 88; 24;0.518776;0.737068;0.000000;40.91
 88; 32;0.518776;0.737068;0.000000;40.91
 88; 40;0.518776;0.737068;0.000000;40.91
 88; 48;0.518776;0.737068;0.000000;40.91
 88; 56;0.518776;0.737068;0.000000;40.91
 88; 64;0.518776;0.737068;0.000000;40.91
 88; 72;0.518776;0.737068;0.000000;40.91
 88; 80;0.518776;0.737068;0.000000;40.91
 88; 88;0.518776;0.737068;0.000000;40.91
 88;392;0.518776;0.736696;0.000372;40.91
 88;400;0.518776;0.737068;0.000000;40.91
 96;  0;0.539771;0.716073;0.000000;39.77
 96;  8;0.539771;0.716073;0.000000;39.77
 96; 16;0.539771;0.716073;0.000000;39.77
 96; 24;0.539771;0.716073;0.000000;39.77
 96; 32;0.539771;0.716073;0.000000;39.77
 96; 40;0.539771;0.716073;0.000000;39.77
 96; 48;0.539771;0.716073;0.000000;39.77
 96; 56;0.539771;0.716073;0.000000;39.77
 96; 64;0.539771;0.716073;0.000000;39.77
 96; 72;0.539771;0.716073;0.000000;39.77
 96; 80;0.539771;0.716073;0.000000;39.77
 96; 88;0.539771;0.716073;0.000000;39.77
 96; 96;0.539771;0.716073;0.000000;39.77
 96;392;0.539771;0.715701;0.000372;39.76
 96;400;0.539771;0.716073;0.000000;39.77
104;  0;0.564708;0.691136;0.000000;38.41
104;  8;0.564708;0.691136;0.000000;38.41
104; 16;0.564708;0.691136;0.000000;38.41
104; 24;0.564708;0.691136;0.000000;38.41
104; 32;0.564708;0.691136;0.000000;38.41
104; 40;0.564708;0.691136;0.000000;38.41
104; 48;0.564708;0.691136;0.000000;38.41
104; 56;0.564708;0.691136;0.000000;38.41
104; 64;0.564708;0.691136;0.000000;38.41
104; 72;0.564708;0.691136;0.000000;38.41
104; 80;0.564708;0.691136;0.000000;38.41
104; 88;0.564708;0.691136;0.000000;38.41
104; 96;0.564708;0.691136;0.000000;38.41
104;104;0.564708;0.691136;0.000000;38.41
104;392;0.564708;0.690764;0.000372;38.41
104;400;0.564708;0.691136;0.000000;38.41
112;  0;0.584229;0.671615;0.000000;37.36
112;  8;0.584229;0.671615;0.000000;37.36
112; 16;0.584229;0.671615;0.000000;37.36
112; 24;0.584229;0.671615;0.000000;37.36
112; 32;0.584229;0.671615;0.000000;37.36
112; 40;0.584229;0.671615;0.000000;37.36
112; 48;0.584229;0.671615;0.000000;37.36
112; 56;0.584229;0.671615;0.000000;37.36
112; 64;0.584229;0.671615;0.000000;37.36
112; 72;0.584229;0.671615;0.000000;37.36
112; 80;0.584229;0.671615;0.000000;37.36
112; 88;0.584229;0.671615;0.000000;37.36
112; 96;0.584229;0.671615;0.000000;37.36
112;104;0.584229;0.671615;0.000000;37.36
112;112;0.584229;0.671615;0.000000;37.36
112;392;0.584229;0.671243;0.000372;37.36
112;400;0.584229;0.671615;0.000000;37.36
120;  0;0.605218;0.650626;0.000000;36.22
120;  8;0.605218;0.650626;0.000000;36.22
120; 16;0.605218;0.650626;0.000000;36.22
120; 24;0.605218;0.650626;0.000000;36.22
120; 32;0.605218;0.650626;0.000000;36.22
120; 40;0.605218;0.650626;0.000000;36.22
120; 48;0.605218;0.650626;0.000000;36.22
120; 56;0.605218;0.650626;0.000000;36.22
120; 64;0.605218;0.650626;0.000000;36.22
120; 72;0.605218;0.650626;0.000000;36.22
120; 80;0.605218;0.650626;0.000000;36.22
120; 88;0.605218;0.650626;0.000000;36.22
120; 96;0.605218;0.650626;0.000000;36.22
120;104;0.605218;0.650626;0.000000;36.22
120;112;0.605218;0.650626;0.000000;36.22
120;120;0.605218;0.650626;0.000000;36.22
120;392;0.605218;0.650254;0.000372;36.22
120;400;0.605218;0.650626;0.000000;36.22
128;  0;0.629807;0.626037;0.000000;34.84
128;  8;0.629807;0.626037;0.000000;34.84
128; 16;0.629807;0.626037;0.000000;34.84
128; 24;0.629807;0.626037;0.000000;34.84
128; 32;0.629807;0.626037;0.000000;34.84
128; 40;0.629807;0.626037;0.000000;34.84
128; 48;0.629807;0.626037;0.000000;34.84
128; 56;0.629807;0.626037;0.000000;34.84
128; 64;0.629807;0.626037;0.000000;34.84
128; 72;0.629807;0.626037;0.000000;34.84
128; 80;0.629807;0.626037;0.000000;34.84
128; 88;0.629807;0.626037;0.000000;34.84
128; 96;0.629807;0.626037;0.000000;34.84
128;104;0.629807;0.626037;0.000000;34.84
128;112;0.629807;0.626037;0.000000;34.84
128;120;0.629807;0.626037;0.000000;34.84
128;128;0.629807;0.626037;0.000000;34.84
128;392;0.629807;0.625665;0.000372;34.84
128;400;0.629807;0.626037;0.000000;34.84
136;  0;0.654436;0.601408;0.000000;33.47
136;  8;0.654436;0.601408;0.000000;33.47
136; 16;0.654436;0.601408;0.000000;33.47
136; 24;0.654436;0.601408;0.000000;33.47
136; 32;0.654436;0.601408;0.000000;33.47
136; 40;0.654436;0.601408;0.000000;33.47
136; 48;0.654436;0.601408;0.000000;33.47
136; 56;0.654436;0.601408;0.000000;33.47
136; 64;0.654436;0.601408;0.000000;33.47
136; 72;0.654436;0.601408;0.000000;33.47
136; 80;0.654436;0.601408;0.000000;33.47
136; 88;0.654436;0.601408;0.000000;33.47
136; 96;0.654436;0.601408;0.000000;33.47
136;104;0.654436;0.601408;0.000000;33.47
136;112;0.654436;0.601408;0.000000;33.47
136;120;0.654436;0.601408;0.000000;33.47
136;128;0.654436;0.601408;0.000000;33.47
136;136;0.654436;0.601408;0.000000;33.47
136;392;0.654436;0.601036;0.000372;33.47
136;400;0.654436;0.601408;0.000000;33.47
144;  0;0.680402;0.575442;0.000000;32.04
144;  8;0.680402;0.575442;0.000000;32.04
144; 16;0.680402;0.575442;0.000000;32.04
144; 24;0.680402;0.575442;0.000000;32.04
144; 32;0.680402;0.575442;0.000000;32.04
144; 40;0.680402;0.575442;0.000000;32.04
144; 48;0.680402;0.575442;0.000000;32.04
144; 56;0.680402;0.575442;0.000000;32.04
144; 64;0.680402;0.575442;0.000000;32.04
144; 72;0.680402;0.575442;0.000000;32.04
144; 80;0.680402;0.575442;0.000000;32.04
144; 88;0.680402;0.575442;0.000000;32.04
144; 96;0.680402;0.575442;0.000000;32.04
144;104;0.680402;0.575442;0.000000;32.04
144;112;0.680402;0.575442;0.000000;32.04
144;120;0.680402;0.575442;0.000000;32.04
144;128;0.680402;0.575442;0.000000;32.04
144;136;0.680402;0.575442;0.000000;32.04
144;144;0.680402;0.575442;0.000000;32.04
144;392;0.680402;0.575070;0.000372;32.04
144;400;0.680402;0.575442;0.000000;32.04
152;  0;0.704191;0.551653;0.000000;30.72
152;  8;0.704191;0.551653;0.000000;30.72
152; 16;0.704191;0.551653;0.000000;30.72
152; 24;0.704191;0.551653;0.000000;30.72
152; 32;0.704191;0.551653;0.000000;30.72
152; 40;0.704191;0.551653;0.000000;30.72
152; 48;0.704191;0.551653;0.000000;30.72
152; 56;0.704191;0.551653;0.000000;30.72
152; 64;0.704191;0.551653;0.000000;30.72
152; 72;0.704191;0.551653;0.000000;30.72
152; 80;0.704191;0.551653;0.000000;30.72
152; 88;0.704191;0.551653;0.000000;30.72
152; 96;0.704191;0.551653;0.000000;30.72
152;104;0.704191;0.551653;0.000000;30.72
152;112;0.704191;0.551653;0.000000;30.72
152;120;0.704191;0.551653;0.000000;30.72
152;128;0.704191;0.551653;0.000000;30.72
152;136;0.704191;0.551653;0.000000;30.72
152;144;0.704191;0.551653;0.000000;30.72
152;152;0.704191;0.551653;0.000000;30.72
152;392;0.704191;0.551281;0.000372;30.72
152;400;0.704191;0.551653;0.000000;30.72
160;  0;0.729480;0.526364;0.000000;29.32
160;  8;0.729480;0.526364;0.000000;29.32
160; 16;0.729480;0.526364;0.000000;29.32
160; 24;0.729480;0.526364;0.000000;29.32
160; 32;0.729480;0.526364;0.000000;29.32
160; 40;0.729480;0.526364;0.000000;29.32
160; 48;0.729480;0.526364;0.000000;29.32
160; 56;0.729480;0.526364;0.000000;29.32
160; 64;0.729480;0.526364;0.000000;29.32
160; 72;0.729480;0.526364;0.000000;29.32
160; 80;0.729480;0.526364;0.000000;29.32
160; 88;0.729480;0.526364;0.000000;29.32
160; 96;0.729480;0.526364;0.000000;29.32
160;104;0.729480;0.526364;0.000000;29.32
160;112;0.729480;0.526364;0.000000;29.32
160;120;0.729480;0.526364;0.000000;29.32
160;128;0.729480;0.526364;0.000000;29.32
160;136;0.729480;0.526364;0.000000;29.32
160;144;0.729480;0.526364;0.000000;29.32
160;152;0.729480;0.526364;0.000000;29.32
160;160;0.729480;0.526364;0.000000;29.32
160;392;0.729480;0.525992;0.000372;29.32
160;400;0.729480;0.526364;0.000000;29.32
168;  0;0.757298;0.498546;0.000000;27.77
168;  8;0.757298;0.498546;0.000000;27.77
168; 16;0.757298;0.498546;0.000000;27.77
168; 24;0.757298;0.498546;0.000000;27.77
168; 32;0.757298;0.498546;0.000000;27.77
168; 40;0.757298;0.498546;0.000000;27.77
168; 48;0.757298;0.498546;0.000000;27.77
168; 56;0.757298;0.498546;0.000000;27.77
168; 64;0.757298;0.498546;0.000000;27.77
168; 72;0.757298;0.498546;0.000000;27.77
168; 80;0.757298;0.498546;0.000000;27.77
168; 88;0.757298;0.498546;0.000000;27.77
168; 96;0.757298;0.498546;0.000000;27.77
168;104;0.757298;0.498546;0.000000;27.77
168;112;0.757298;0.498546;0.000000;27.77
168;120;0.757298;0.498546;0.000000;27.77
168;128;0.757298;0.498546;0.000000;27.77
168;136;0.757298;0.498546;0.000000;27.77
168;144;0.757298;0.498546;0.000000;27.77
168;152;0.757298;0.498546;0.000000;27.77
168;160;0.757298;0.498546;0.000000;27.77
168;168;0.757298;0.498546;0.000000;27.77
168;392;0.757298;0.498174;0.000372;27.77
168;400;0.757298;0.498546;0.000000;27.77
176;  0;0.786025;0.469819;0.000000;26.16
176;  8;0.786025;0.469819;0.000000;26.16
176; 16;0.786025;0.469819;0.000000;26.16
176; 24;0.786025;0.469819;0.000000;26.16
176; 32;0.786025;0.469819;0.000000;26.16
176; 40;0.786025;0.469819;0.000000;26.16
176; 48;0.786025;0.469819;0.000000;26.16
176; 56;0.786025;0.469819;0.000000;26.16
176; 64;0.786025;0.469819;0.000000;26.16
176; 72;0.786025;0.469819;0.000000;26.16
176; 80;0.786025;0.469819;0.000000;26.16
176; 88;0.786025;0.469819;0.000000;26.16
176; 96;0.786025;0.469819;0.000000;26.16
176;104;0.786025;0.469819;0.000000;26.16
176;112;0.786025;0.469819;0.000000;26.16
176;120;0.786025;0.469819;0.000000;26.16
176;128;0.786025;0.469819;0.000000;26.16
176;136;0.786025;0.469819;0.000000;26.16
176;144;0.786025;0.469819;0.000000;26.16
176;152;0.786025;0.469819;0.000000;26.16
176;160;0.786025;0.469819;0.000000;26.16
176;168;0.786025;0.469819;0.000000;26.16
176;176;0.786025;0.469819;0.000000;26.16
176;392;0.786025;0.469447;0.000372;26.15
176;400;0.786025;0.469819;0.000000;26.16
184;  0;0.815570;0.440274;0.000000;24.46
184;  8;0.815570;0.440274;0.000000;24.46
184; 16;0.815570;0.440274;0.000000;24.46
184; 24;0.815570;0.440274;0.000000;24.46
184; 32;0.815570;0.440274;0.000000;24.46
184; 40;0.815570;0.440274;0.000000;24.46
184; 48;0.815570;0.440274;0.000000;24.46
184; 56;0.815570;0.440274;0.000000;24.46
184; 64;0.815570;0.440274;0.000000;24.46
184; 72;0.815570;0.440274;0.000000;24.46
184; 80;0.815570;0.440274;0.000000;24.46
184; 88;0.815570;0.440274;0.000000;24.46
184; 96;0.815570;0.440274;0.000000;24.46
184;104;0.815570;0.440274;0.000000;24.46
184;112;0.815570;0.440274;0.000000;24.46
184;120;0.815570;0.440274;0.000000;24.46
184;128;0.815570;0.440274;0.000000;24.46
184;136;0.815570;0.440274;0.000000;24.46
184;144;0.815570;0.440274;0.000000;24.46
184;152;0.815570;0.440274;0.000000;24.46
184;160;0.815570;0.440274;0.000000;24.46
184;168;0.815570;0.440274;0.000000;24.46
184;176;0.815570;0.440274;0.000000;24.46
184;184;0.815570;0.440274;0.000000;24.46
184;392;0.815570;0.439902;0.000372;24.46
184;400;0.815570;0.440274;0.000000;24.46
192;  0;0.843480;0.412364;0.000000;22.86
192;  8;0.843480;0.412364;0.000000;22.86
192; 16;0.843480;0.412364;0.000000;22.86
192; 24;0.843480;0.412364;0.000000;22.86
192; 32;0.843480;0.412364;0.000000;22.86
192; 40;0.843480;0.412364;0.000000;22.86
192; 48;0.843480;0.412364;0.000000;22.86
192; 56;0.843480;0.412364;0.000000;22.86
192; 64;0.843480;0.412364;0.000000;22.86
192; 72;0.843480;0.412364;0.000000;22.86
192; 80;0.843480;0.412364;0.000000;22.86
192; 88;0.843480;0.412364;0.000000;22.86
192; 96;0.843480;0.412364;0.000000;22.86
192;104;0.843480;0.412364;0.000000;22.86
192;112;0.843480;0.412364;0.000000;22.86
192;120;0.843480;0.412364;0.000000;22.86
192;128;0.843480;0.412364;0.000000;22.86
192;136;0.843480;0.412364;0.000000;22.86
192;144;0.843480;0.412364;0.000000;22.86
192;152;0.843480;0.412364;0.000000;22.86
192;160;0.843480;0.412364;0.000000;22.86
192;168;0.843480;0.412364;0.000000;22.86
192;176;0.843480;0.412364;0.000000;22.86
192;184;0.843480;0.412364;0.000000;22.86
192;192;0.843480;0.412364;0.000000;22.86
192;392;0.843480;0.411992;0.000372;22.86
192;400;0.843480;0.412364;0.000000;22.86
200;  0;0.871290;0.384554;0.000000;21.31
200;  8;0.871290;0.384554;0.000000;21.31
200; 16;0.871290;0.384554;0.000000;21.31
200; 24;0.871290;0.384554;0.000000;21.31
200; 32;0.871290;0.384554;0.000000;21.31
200; 40;0.871290;0.384554;0.000000;21.31
200; 48;0.871290;0.384554;0.000000;21.31
200; 56;0.871290;0.384554;0.000000;21.31
200; 64;0.871290;0.384554;0.000000;21.31
200; 72;0.871290;0.384554;0.000000;21.31
200; 80;0.871290;0.384554;0.000000;21.31
200; 88;0.871290;0.384554;0.000000;21.31
200; 96;0.871290;0.384554;0.000000;21.31
200;104;0.871290;0.384554;0.000000;21.31
200;112;0.871290;0.384554;0.000000;21.31
200;120;0.871290;0.384554;0.000000;21.31
200;128;0.871290;0.384554;0.000000;21.31
200;136;0.871290;0.384554;0.000000;21.31
200;144;0.871290;0.384554;0.000000;21.31
200;152;0.871290;0.384554;0.000000;21.31
200;160;0.871290;0.384554;0.000000;21.31
200;168;0.871290;0.384554;0.000000;21.31
200;176;0.871290;0.384554;0.000000;21.31
200;184;0.871290;0.384554;0.000000;21.31
200;192;0.871290;0.384554;0.000000;21.31
200;200;0.871290;0.384554;0.000000;21.31
200;392;0.871290;0.384182;0.000372;21.31
200;400;0.871290;0.384554;0.000000;21.31
208;  0;0.896323;0.359521;0.000000;19.93
208;  8;0.896323;0.359521;0.000000;19.93
208; 16;0.896323;0.359521;0.000000;19.93
208; 24;0.896323;0.359521;0.000000;19.93
208; 32;0.896323;0.359521;0.000000;19.93
208; 40;0.896323;0.359521;0.000000;19.93
208; 48;0.896323;0.359521;0.000000;19.93
208; 56;0.896323;0.359521;0.000000;19.93
208; 64;0.896323;0.359521;0.000000;19.93
208; 72;0.896323;0.359521;0.000000;19.93
208; 80;0.896323;0.359521;0.000000;19.93
208; 88;0.896323;0.359521;0.000000;19.93
208; 96;0.896323;0.359521;0.000000;19.93
208;104;0.896323;0.359521;0.000000;19.93
208;112;0.896323;0.359521;0.000000;19.93
208;120;0.896323;0.359521;0.000000;19.93
208;128;0.896323;0.359521;0.000000;19.93
208;136;0.896323;0.359521;0.000000;19.93
208;144;0.896323;0.359521;0.000000;19.93
208;152;0.896323;0.359521;0.000000;19.93
208;160;0.896323;0.359521;0.000000;19.93
208;168;0.896323;0.359521;0.000000;19.93
208;176;0.896323;0.359521;0.000000;19.93
208;184;0.896323;0.359521;0.000000;19.93
208;192;0.896323;0.359521;0.000000;19.93
208;200;0.896323;0.359521;0.000000;19.93
208;208;0.896323;0.359521;0.000000;19.93
208;392;0.896323;0.359149;0.000372;19.93
208;400;0.896323;0.359521;0.000000;19.93
216;  0;0.923318;0.332526;0.000000;18.40
216;  8;0.923318;0.332526;0.000000;18.40
216; 16;0.923318;0.332526;0.000000;18.40
216; 24;0.923318;0.332526;0.000000;18.40
216; 32;0.923318;0.332526;0.000000;18.40
216; 40;0.923318;0.332526;0.000000;18.40
216; 48;0.923318;0.332526;0.000000;18.40
216; 56;0.923318;0.332526;0.000000;18.40
216; 64;0.923318;0.332526;0.000000;18.40
216; 72;0.923318;0.332526;0.000000;18.40
216; 80;0.923318;0.332526;0.000000;18.40
216; 88;0.923318;0.332526;0.000000;18.40
216; 96;0.923318;0.332526;0.000000;18.40
216;104;0.923318;0.332526;0.000000;18.40
216;112;0.923318;0.332526;0.000000;18.40
216;120;0.923318;0.332526;0.000000;18.40
216;128;0.923318;0.332526;0.000000;18.40
216;136;0.923318;0.332526;0.000000;18.40
216;144;0.923318;0.332526;0.000000;18.40
216;152;0.923318;0.332526;0.000000;18.40
216;160;0.923318;0.332526;0.000000;18.40
216;168;0.923318;0.332526;0.000000;18.40
216;176;0.923318;0.332526;0.000000;18.40
216;184;0.923318;0.332526;0.000000;18.40
216;192;0.923318;0.332526;0.000000;18.40
216;200;0.923318;0.332526;0.000000;18.40
216;208;0.923318;0.332526;0.000000;18.40
216;216;0.923318;0.332526;0.000000;18.40
216;392;0.923318;0.332154;0.000372;18.40
216;400;0.923318;0.332526;0.000000;18.40
224;  0;0.948694;0.307150;0.000000;16.94
224;  8;0.948694;0.307150;0.000000;16.94
224; 16;0.948694;0.307150;0.000000;16.94
224; 24;0.948694;0.307150;0.000000;16.94
224; 32;0.948694;0.307150;0.000000;16.94
224; 40;0.948694;0.307150;0.000000;16.94
224; 48;0.948694;0.307150;0.000000;16.94
224; 56;0.948694;0.307150;0.000000;16.94
224; 64;0.948694;0.307150;0.000000;16.94
224; 72;0.948694;0.307150;0.000000;16.94
224; 80;0.948694;0.307150;0.000000;16.94
224; 88;0.948694;0.307150;0.000000;16.94
224; 96;0.948694;0.307150;0.000000;16.94
224;104;0.948694;0.307150;0.000000;16.94
224;112;0.948694;0.307150;0.000000;16.94
224;120;0.948694;0.307150;0.000000;16.94
224;128;0.948694;0.307150;0.000000;16.94
224;136;0.948694;0.307150;0.000000;16.94
224;144;0.948694;0.307150;0.000000;16.94
224;152;0.948694;0.307150;0.000000;16.94
224;160;0.948694;0.307150;0.000000;16.94
224;168;0.948694;0.307150;0.000000;16.94
224;176;0.948694;0.307150;0.000000;16.94
224;184;0.948694;0.307150;0.000000;16.94
224;192;0.948694;0.307150;0.000000;16.94
224;200;0.948694;0.307150;0.000000;16.94
224;208;0.948694;0.307150;0.000000;16.94
224;216;0.948694;0.307150;0.000000;16.94
224;224;0.948694;0.307150;0.000000;16.94
224;392;0.948694;0.306778;0.000372;16.94
224;400;0.948694;0.307150;0.000000;16.94
232;  0;0.976642;0.279202;0.000000;15.38
232;  8;0.976642;0.279202;0.000000;15.38
232; 16;0.976642;0.279202;0.000000;15.38
232; 24;0.976642;0.279202;0.000000;15.38
232; 32;0.976642;0.279202;0.000000;15.38
232; 40;0.976642;0.279202;0.000000;15.38
232; 48;0.976642;0.279202;0.000000;15.38
232; 56;0.976642;0.279202;0.000000;15.38
232; 64;0.976642;0.279202;0.000000;15.38
232; 72;0.976642;0.279202;0.000000;15.38
232; 80;0.976642;0.279202;0.000000;15.38
232; 88;0.976642;0.279202;0.000000;15.38
232; 96;0.976642;0.279202;0.000000;15.38
232;104;0.976642;0.279202;0.000000;15.38
232;112;0.976642;0.279202;0.000000;15.38
232;120;0.976642;0.279202;0.000000;15.38
232;128;0.976642;0.279202;0.000000;15.38
232;136;0.976642;0.279202;0.000000;15.38
232;144;0.976642;0.279202;0.000000;15.38
232;152;0.976642;0.279202;0.000000;15.38
232;160;0.976642;0.279202;0.000000;15.38
232;168;0.976642;0.279202;0.000000;15.38
232;176;0.976642;0.279202;0.000000;15.38
232;184;0.976642;0.279202;0.000000;15.38
232;192;0.976642;0.279202;0.000000;15.38
232;200;0.976642;0.279202;0.000000;15.38
232;208;0.976642;0.279202;0.000000;15.38
232;216;0.976642;0.279202;0.000000;15.38
232;224;0.976642;0.279202;0.000000;15.38
232;232;0.976642;0.279202;0.000000;15.38
232;392;0.976642;0.278830;0.000372;15.38
232;400;0.976642;0.279202;0.000000;15.38
240;  0;1.003315;0.252529;0.000000;13.84
240;  8;1.003315;0.252529;0.000000;13.84
240; 16;1.003315;0.252529;0.000000;13.84
240; 24;1.003315;0.252529;0.000000;13.84
240; 32;1.003315;0.252529;0.000000;13.84
240; 40;1.003315;0.252529;0.000000;13.84
240; 48;1.003315;0.252529;0.000000;13.84
240; 56;1.003315;0.252529;0.000000;13.84
240; 64;1.003315;0.252529;0.000000;13.84
240; 72;1.003315;0.252529;0.000000;13.84
240; 80;1.003315;0.252529;0.000000;13.84
240; 88;1.003315;0.252529;0.000000;13.84
240; 96;1.003315;0.252529;0.000000;13.84
240;104;1.003315;0.252529;0.000000;13.84
240;112;1.003315;0.252529;0.000000;13.84
240;120;1.003315;0.252529;0.000000;13.84
240;128;1.003315;0.252529;0.000000;13.84
240;136;1.003315;0.252529;0.000000;13.84
240;144;1.003315;0.252529;0.000000;13.84
240;152;1.003315;0.252529;0.000000;13.84
240;160;1.003315;0.252529;0.000000;13.84
240;168;1.003315;0.252529;0.000000;13.84
240;176;1.003315;0.252529;0.000000;13.84
240;184;1.003315;0.252529;0.000000;13.84
240;192;1.003315;0.252529;0.000000;13.84
240;200;1.003315;0.252529;0.000000;13.84
240;208;1.003315;0.252529;0.000000;13.84
240;216;1.003315;0.252529;0.000000;13.84
240;224;1.003315;0.252529;0.000000;13.84
240;232;1.003315;0.252529;0.000000;13.84
240;240;1.003315;0.252529;0.000000;13.84
240;392;1.003315;0.252157;0.000372;13.84
240;400;1.003315;0.252529;0.000000;13.84
248;  0;1.030775;0.225069;0.000000;12.36
248;  8;1.030775;0.225069;0.000000;12.36
248; 16;1.030775;0.225069;0.000000;12.36
248; 24;1.030775;0.225069;0.000000;12.36
248; 32;1.030775;0.225069;0.000000;12.36
248; 40;1.030775;0.225069;0.000000;12.36
248; 48;1.030775;0.225069;0.000000;12.36
248; 56;1.030775;0.225069;0.000000;12.36
248; 64;1.030775;0.225069;0.000000;12.36
248; 72;1.030775;0.225069;0.000000;12.36
248; 80;1.030775;0.225069;0.000000;12.36
248; 88;1.030775;0.225069;0.000000;12.36
248; 96;1.030775;0.225069;0.000000;12.36
248;104;1.030775;0.225069;0.000000;12.36
248;112;1.030775;0.225069;0.000000;12.36
248;120;1.030775;0.225069;0.000000;12.36
248;128;1.030775;0.225069;0.000000;12.36
248;136;1.030775;0.225069;0.000000;12.36
248;144;1.030775;0.225069;0.000000;12.36
248;152;1.030775;0.225069;0.000000;12.36
248;160;1.030775;0.225069;0.000000;12.36
248;168;1.030775;0.225069;0.000000;12.36
248;176;1.030775;0.225069;0.000000;12.36
248;184;1.030775;0.225069;0.000000;12.36
248;192;1.030775;0.225069;0.000000;12.36
248;200;1.030775;0.225069;0.000000;12.36
248;208;1.030775;0.225069;0.000000;12.36
248;216;1.030775;0.225069;0.000000;12.36
248;224;1.030775;0.225069;0.000000;12.36
248;232;1.030775;0.225069;0.000000;12.36
248;240;1.030775;0.225069;0.000000;12.36
248;248;1.030775;0.225069;0.000000;12.36
248;392;1.030775;0.224697;0.000372;12.36
248;400;1.030775;0.225069;0.000000;12.36
256;  0;1.057434;0.198410;0.000000;10.88
256;  8;1.057434;0.198410;0.000000;10.88
256; 16;1.057434;0.198410;0.000000;10.88
256; 24;1.057434;0.198410;0.000000;10.88
256; 32;1.057434;0.198410;0.000000;10.88
256; 40;1.057434;0.198410;0.000000;10.88
256; 48;1.057434;0.198410;0.000000;10.88
256; 56;1.057434;0.198410;0.000000;10.88
256; 64;1.057434;0.198410;0.000000;10.88
256; 72;1.057434;0.198410;0.000000;10.88
256; 80;1.057434;0.198410;0.000000;10.88
256; 88;1.057434;0.198410;0.000000;10.88
256; 96;1.057434;0.198410;0.000000;10.88
256;104;1.057434;0.198410;0.000000;10.88
256;112;1.057434;0.198410;0.000000;10.88
256;120;1.057434;0.198410;0.000000;10.88
256;128;1.057434;0.198410;0.000000;10.88
256;136;1.057434;0.198410;0.000000;10.88
256;144;1.057434;0.198410;0.000000;10.88
256;152;1.057434;0.198410;0.000000;10.88
256;160;1.057434;0.198410;0.000000;10.88
256;168;1.057434;0.198410;0.000000;10.88
256;176;1.057434;0.198410;0.000000;10.88
256;184;1.057434;0.198410;0.000000;10.88
256;192;1.057434;0.198410;0.000000;10.88
256;200;1.057434;0.198410;0.000000;10.88
256;208;1.057434;0.198410;0.000000;10.88
256;216;1.057434;0.198410;0.000000;10.88
256;224;1.057434;0.198410;0.000000;10.88
256;232;1.057434;0.198410;0.000000;10.88
256;240;1.057434;0.198410;0.000000;10.88
256;248;1.057434;0.198410;0.000000;10.88
256;256;1.057434;0.198410;0.000000;10.88
256;392;1.057434;0.198038;0.000372;10.88
256;400;1.057434;0.198410;0.000000;10.88
264;  0;1.082967;0.172877;0.000000;9.48
264;  8;1.082967;0.172877;0.000000;9.48
264; 16;1.082967;0.172877;0.000000;9.48
264; 24;1.082967;0.172877;0.000000;9.48
264; 32;1.082967;0.172877;0.000000;9.48
264; 40;1.082967;0.172877;0.000000;9.48
264; 48;1.082967;0.172877;0.000000;9.48
264; 56;1.082967;0.172877;0.000000;9.48
264; 64;1.082967;0.172877;0.000000;9.48
264; 72;1.082967;0.172877;0.000000;9.48
264; 80;1.082967;0.172877;0.000000;9.48
264; 88;1.082967;0.172877;0.000000;9.48
264; 96;1.082967;0.172877;0.000000;9.48
264;104;1.082967;0.172877;0.000000;9.48
264;112;1.082967;0.172877;0.000000;9.48
264;120;1.082967;0.172877;0.000000;9.48
264;128;1.082967;0.172877;0.000000;9.48
264;136;1.082967;0.172877;0.000000;9.48
264;144;1.082967;0.172877;0.000000;9.48
264;152;1.082967;0.172877;0.000000;9.48
264;160;1.082967;0.172877;0.000000;9.48
264;168;1.082967;0.172877;0.000000;9.48
264;176;1.082967;0.172877;0.000000;9.48
264;184;1.082967;0.172877;0.000000;9.48
264;192;1.082967;0.172877;0.000000;9.48
264;200;1.082967;0.172877;0.000000;9.48
264;208;1.082967;0.172877;0.000000;9.48
264;216;1.082967;0.172877;0.000000;9.48
264;224;1.082967;0.172877;0.000000;9.48
264;232;1.082967;0.172877;0.000000;9.48
264;240;1.082967;0.172877;0.000000;9.48
264;248;1.082967;0.172877;0.000000;9.48
264;256;1.082967;0.172877;0.000000;9.48
264;264;1.082967;0.172877;0.000000;9.48
264;392;1.082967;0.172505;0.000372;9.48
264;400;1.082967;0.172877;0.000000;9.48
272;  0;1.104208;0.151636;0.000000;8.34
272;  8;1.104208;0.151636;0.000000;8.34
272; 16;1.104208;0.151636;0.000000;8.34
272; 24;1.104208;0.151636;0.000000;8.34
272; 32;1.104208;0.151636;0.000000;8.34
272; 40;1.104208;0.151636;0.000000;8.34
272; 48;1.104208;0.151636;0.000000;8.34
272; 56;1.104208;0.151636;0.000000;8.34
272; 64;1.104208;0.151636;0.000000;8.34
272; 72;1.104208;0.151636;0.000000;8.34
272; 80;1.104208;0.151636;0.000000;8.34
272; 88;1.104208;0.151636;0.000000;8.34
272; 96;1.104208;0.151636;0.000000;8.34
272;104;1.104208;0.151636;0.000000;8.34
272;112;1.104208;0.151636;0.000000;8.34
272;120;1.104208;0.151636;0.000000;8.34
272;128;1.104208;0.151636;0.000000;8.34
272;136;1.104208;0.151636;0.000000;8.34
272;144;1.104208;0.151636;0.000000;8.34
272;152;1.104208;0.151636;0.000000;8.34
272;160;1.104208;0.151636;0.000000;8.34
272;168;1.104208;0.151636;0.000000;8.34
272;176;1.104208;0.151636;0.000000;8.34
272;184;1.104208;0.151636;0.000000;8.34
272;192;1.104208;0.151636;0.000000;8.34
272;200;1.104208;0.151636;0.000000;8.34
272;208;1.104208;0.151636;0.000000;8.34
272;216;1.104208;0.151636;0.000000;8.34
272;224;1.104208;0.151636;0.000000;8.34
272;232;1.104208;0.151636;0.000000;8.34
272;240;1.104208;0.151636;0.000000;8.34
272;248;1.104208;0.151636;0.000000;8.34
272;256;1.104208;0.151636;0.000000;8.34
272;264;1.104208;0.151636;0.000000;8.34
272;272;1.104208;0.151636;0.000000;8.34
272;392;1.104208;0.151264;0.000372;8.34
272;400;1.104208;0.151636;0.000000;8.34
280;  0;1.125266;0.130578;0.000000;7.18
280;  8;1.125266;0.130578;0.000000;7.18
280; 16;1.125266;0.130578;0.000000;7.18
280; 24;1.125266;0.130578;0.000000;7.18
280; 32;1.125266;0.130578;0.000000;7.18
280; 40;1.125266;0.130578;0.000000;7.18
280; 48;1.125266;0.130578;0.000000;7.18
280; 56;1.125266;0.130578;0.000000;7.18
280; 64;1.125266;0.130578;0.000000;7.18
280; 72;1.125266;0.130578;0.000000;7.18
280; 80;1.125266;0.130578;0.000000;7.18
280; 88;1.125266;0.130578;0.000000;7.18
280; 96;1.125266;0.130578;0.000000;7.18
280;104;1.125266;0.130578;0.000000;7.18
280;112;1.125266;0.130578;0.000000;7.18
280;120;1.125266;0.130578;0.000000;7.18
280;128;1.125266;0.130578;0.000000;7.18
280;136;1.125266;0.130578;0.000000;7.18
280;144;1.125266;0.130578;0.000000;7.18
280;152;1.125266;0.130578;0.000000;7.18
280;160;1.125266;0.130578;0.000000;7.18
280;168;1.125266;0.130578;0.000000;7.18
280;176;1.125266;0.130578;0.000000;7.18
280;184;1.125266;0.130578;0.000000;7.18
280;192;1.125266;0.130578;0.000000;7.18
280;200;1.125266;0.130578;0.000000;7.18
280;208;1.125266;0.130578;0.000000;7.18
280;216;1.125266;0.130578;0.000000;7.18
280;224;1.125266;0.130578;0.000000;7.18
280;232;1.125266;0.130578;0.000000;7.18
280;240;1.125266;0.130578;0.000000;7.18
280;248;1.125266;0.130578;0.000000;7.18
280;256;1.125266;0.130578;0.000000;7.18
280;264;1.125266;0.130578;0.000000;7.18
280;272;1.125266;0.130578;0.000000;7.18
280;280;1.125266;0.130578;0.000000;7.18
280;392;1.125266;0.130206;0.000372;7.18
280;400;1.125266;0.130578;0.000000;7.18
288;  0;1.145449;0.110395;0.000000;6.09
288;  8;1.145449;0.110395;0.000000;6.09
288; 16;1.145449;0.110395;0.000000;6.09
288; 24;1.145449;0.110395;0.000000;6.09
288; 32;1.145449;0.110395;0.000000;6.09
288; 40;1.145449;0.110395;0.000000;6.09
288; 48;1.145449;0.110395;0.000000;6.09
288; 56;1.145449;0.110395;0.000000;6.09
288; 64;1.145449;0.110395;0.000000;6.09
288; 72;1.145449;0.110395;0.000000;6.09
288; 80;1.145449;0.110395;0.000000;6.09
288; 88;1.145449;0.110395;0.000000;6.09
288; 96;1.145449;0.110395;0.000000;6.09
288;104;1.145449;0.110395;0.000000;6.09
288;112;1.145449;0.110395;0.000000;6.09
288;120;1.145449;0.110395;0.000000;6.09
288;128;1.145449;0.110395;0.000000;6.09
288;136;1.145449;0.110395;0.000000;6.09
288;144;1.145449;0.110395;0.000000;6.09
288;152;1.145449;0.110395;0.000000;6.09
288;160;1.145449;0.110395;0.000000;6.09
288;168;1.145449;0.110395;0.000000;6.09
288;176;1.145449;0.110395;0.000000;6.09
288;184;1.145449;0.110395;0.000000;6.09
288;192;1.145449;0.110395;0.000000;6.09
288;200;1.145449;0.110395;0.000000;6.09
288;208;1.145449;0.110395;0.000000;6.09
288;216;1.145449;0.110395;0.000000;6.09
288;224;1.145449;0.110395;0.000000;6.09
288;232;1.145449;0.110395;0.000000;6.09
288;240;1.145449;0.110395;0.000000;6.09
288;248;1.145449;0.110395;0.000000;6.09
288;256;1.145449;0.110395;0.000000;6.09
288;264;1.145449;0.110395;0.000000;6.09
288;272;1.145449;0.110395;0.000000;6.09
288;280;1.145449;0.110395;0.000000;6.09
288;288;1.145449;0.110395;0.000000;6.09
288;392;1.145449;0.110023;0.000372;6.09
288;400;1.145449;0.110395;0.000000;6.09
296;  0;1.170041;0.085803;0.000000;4.71
296;  8;1.170041;0.085803;0.000000;4.71
296; 16;1.170041;0.085803;0.000000;4.71
296; 24;1.170041;0.085803;0.000000;4.71
296; 32;1.170041;0.085803;0.000000;4.71
296; 40;1.170041;0.085803;0.000000;4.71
296; 48;1.170041;0.085803;0.000000;4.71
296; 56;1.170041;0.085803;0.000000;4.71
296; 64;1.170041;0.085803;0.000000;4.71
296; 72;1.170041;0.085803;0.000000;4.71
296; 80;1.170041;0.085803;0.000000;4.71
296; 88;1.170041;0.085803;0.000000;4.71
296; 96;1.170041;0.085803;0.000000;4.71
296;104;1.170041;0.085803;0.000000;4.71
296;112;1.170041;0.085803;0.000000;4.71
296;120;1.170041;0.085803;0.000000;4.71
296;128;1.170041;0.085803;0.000000;4.71
296;136;1.170041;0.085803;0.000000;4.71
296;144;1.170041;0.085803;0.000000;4.71
296;152;1.170041;0.085803;0.000000;4.71
296;160;1.170041;0.085803;0.000000;4.71
296;168;1.170041;0.085803;0.000000;4.71
296;176;1.170041;0.085803;0.000000;4.71
296;184;1.170041;0.085803;0.000000;4.71
296;192;1.170041;0.085803;0.000000;4.71
296;200;1.170041;0.085803;0.000000;4.71
296;208;1.170041;0.085803;0.000000;4.71
296;216;1.170041;0.085803;0.000000;4.71
296;224;1.170041;0.085803;0.000000;4.71
296;232;1.170041;0.085803;0.000000;4.71
296;240;1.170041;0.085803;0.000000;4.71
296;248;1.170041;0.085803;0.000000;4.71
296;256;1.170041;0.085803;0.000000;4.71
296;264;1.170041;0.085803;0.000000;4.71
296;272;1.170041;0.085803;0.000000;4.71
296;280;1.170041;0.085803;0.000000;4.71
296;288;1.170041;0.085803;0.000000;4.71
296;296;1.170041;0.085803;0.000000;4.71
296;392;1.170041;0.085431;0.000372;4.71
296;400;1.170041;0.085803;0.000000;4.71
304;  0;1.190593;0.065251;0.000000;3.58
304;  8;1.190593;0.065251;0.000000;3.58
304; 16;1.190593;0.065251;0.000000;3.58
304; 24;1.190593;0.065251;0.000000;3.58
304; 32;1.190593;0.065251;0.000000;3.58
304; 40;1.190593;0.065251;0.000000;3.58
304; 48;1.190593;0.065251;0.000000;3.58
304; 56;1.190593;0.065251;0.000000;3.58
304; 64;1.190593;0.065251;0.000000;3.58
304; 72;1.190593;0.065251;0.000000;3.58
304; 80;1.190593;0.065251;0.000000;3.58
304; 88;1.190593;0.065251;0.000000;3.58
304; 96;1.190593;0.065251;0.000000;3.58
304;104;1.190593;0.065251;0.000000;3.58
304;112;1.190593;0.065251;0.000000;3.58
304;120;1.190593;0.065251;0.000000;3.58
304;128;1.190593;0.065251;0.000000;3.58
304;136;1.190593;0.065251;0.000000;3.58
304;144;1.190593;0.065251;0.000000;3.58
304;152;1.190593;0.065251;0.000000;3.58
304;160;1.190593;0.065251;0.000000;3.58
304;168;1.190593;0.065251;0.000000;3.58
304;176;1.190593;0.065251;0.000000;3.58
304;184;1.190593;0.065251;0.000000;3.58
304;192;1.190593;0.065251;0.000000;3.58
304;200;1.190593;0.065251;0.000000;3.58
304;208;1.190593;0.065251;0.000000;3.58
304;216;1.190593;0.065251;0.000000;3.58
304;224;1.190593;0.065251;0.000000;3.58
304;232;1.190593;0.065251;0.000000;3.58
304;240;1.190593;0.065251;0.000000;3.58
304;248;1.190593;0.065251;0.000000;3.58
304;256;1.190593;0.065251;0.000000;3.58
304;264;1.190593;0.065251;0.000000;3.58
304;272;1.190593;0.065251;0.000000;3.58
304;280;1.190593;0.065251;0.000000;3.58
304;288;1.190593;0.065251;0.000000;3.58
304;296;1.190593;0.065251;0.000000;3.58
304;304;1.190593;0.065251;0.000000;3.58
304;392;1.190593;0.064879;0.000372;3.58
304;400;1.190593;0.065251;0.000000;3.58
312;  0;1.207025;0.048819;0.000000;2.70
312;  8;1.207025;0.048819;0.000000;2.70
312; 16;1.207025;0.048819;0.000000;2.70
312; 24;1.207025;0.048819;0.000000;2.70
312; 32;1.207025;0.048819;0.000000;2.70
312; 40;1.207025;0.048819;0.000000;2.70
312; 48;1.207025;0.048819;0.000000;2.70
312; 56;1.207025;0.048819;0.000000;2.70
312; 64;1.207025;0.048819;0.000000;2.70
312; 72;1.207025;0.048819;0.000000;2.70
312; 80;1.207025;0.048819;0.000000;2.70
312; 88;1.207025;0.048819;0.000000;2.70
312; 96;1.207025;0.048819;0.000000;2.70
312;104;1.207025;0.048819;0.000000;2.70
312;112;1.207025;0.048819;0.000000;2.70
312;120;1.207025;0.048819;0.000000;2.70
312;128;1.207025;0.048819;0.000000;2.70
312;136;1.207025;0.048819;0.000000;2.70
312;144;1.207025;0.048819;0.000000;2.70
312;152;1.207025;0.048819;0.000000;2.70
312;160;1.207025;0.048819;0.000000;2.70
312;168;1.207025;0.048819;0.000000;2.70
312;176;1.207025;0.048819;0.000000;2.70
312;184;1.207025;0.048819;0.000000;2.70
312;192;1.207025;0.048819;0.000000;2.70
312;200;1.207025;0.048819;0.000000;2.70
312;208;1.207025;0.048819;0.000000;2.70
312;216;1.207025;0.048819;0.000000;2.70
312;224;1.207025;0.048819;0.000000;2.70
312;232;1.207025;0.048819;0.000000;2.70
312;240;1.207025;0.048819;0.000000;2.70
312;248;1.207025;0.048819;0.000000;2.70
312;256;1.207025;0.048819;0.000000;2.70
312;264;1.207025;0.048819;0.000000;2.70
312;272;1.207025;0.048819;0.000000;2.70
312;280;1.207025;0.048819;0.000000;2.70
312;288;1.207025;0.048819;0.000000;2.70
312;296;1.207025;0.048819;0.000000;2.70
312;304;1.207025;0.048819;0.000000;2.70
312;312;1.207025;0.048819;0.000000;2.70
312;392;1.207025;0.048447;0.000372;2.70
312;400;1.207025;0.048819;0.000000;2.70
320;  0;1.221988;0.033856;0.000000;1.87
320;  8;1.221988;0.033856;0.000000;1.87
320; 16;1.221988;0.033856;0.000000;1.87
320; 24;1.221988;0.033856;0.000000;1.87
320; 32;1.221988;0.033856;0.000000;1.87
320; 40;1.221988;0.033856;0.000000;1.87
320; 48;1.221988;0.033856;0.000000;1.87
320; 56;1.221988;0.033856;0.000000;1.87
320; 64;1.221988;0.033856;0.000000;1.87
320; 72;1.221988;0.033856;0.000000;1.87
320; 80;1.221988;0.033856;0.000000;1.87
320; 88;1.221988;0.033856;0.000000;1.87
320; 96;1.221988;0.033856;0.000000;1.87
320;104;1.221988;0.033856;0.000000;1.87
320;112;1.221988;0.033856;0.000000;1.87
320;120;1.221988;0.033856;0.000000;1.87
320;128;1.221988;0.033856;0.000000;1.87
320;136;1.221988;0.033856;0.000000;1.87
320;144;1.221988;0.033856;0.000000;1.87
320;152;1.221988;0.033856;0.000000;1.87
320;160;1.221988;0.033856;0.000000;1.87
320;168;1.221988;0.033856;0.000000;1.87
320;176;1.221988;0.033856;0.000000;1.87
320;184;1.221988;0.033856;0.000000;1.87
320;192;1.221988;0.033856;0.000000;1.87
320;200;1.221988;0.033856;0.000000;1.87
320;208;1.221988;0.033856;0.000000;1.87
320;216;1.221988;0.033856;0.000000;1.87
320;224;1.221988;0.033856;0.000000;1.87
320;232;1.221988;0.033856;0.000000;1.87
320;240;1.221988;0.033856;0.000000;1.87
320;248;1.221988;0.033856;0.000000;1.87
320;256;1.221988;0.033856;0.000000;1.87
320;264;1.221988;0.033856;0.000000;1.87
320;272;1.221988;0.033856;0.000000;1.87
320;280;1.221988;0.033856;0.000000;1.87
320;288;1.221988;0.033856;0.000000;1.87
320;296;1.221988;0.033856;0.000000;1.87
320;304;1.221988;0.033856;0.000000;1.87
320;312;1.221988;0.033856;0.000000;1.87
320;320;1.221988;0.033856;0.000000;1.87
320;392;1.221988;0.033484;0.000372;1.87
320;400;1.221988;0.033856;0.000000;1.87
328;  0;1.232305;0.023539;0.000000;1.29
328;  8;1.232305;0.023539;0.000000;1.29
328; 16;1.232305;0.023539;0.000000;1.29
328; 24;1.232305;0.023539;0.000000;1.29
328; 32;1.232305;0.023539;0.000000;1.29
328; 40;1.232305;0.023539;0.000000;1.29
328; 48;1.232305;0.023539;0.000000;1.29
328; 56;1.232305;0.023539;0.000000;1.29
328; 64;1.232305;0.023539;0.000000;1.29
328; 72;1.232305;0.023539;0.000000;1.29
328; 80;1.232305;0.023539;0.000000;1.29
328; 88;1.232305;0.023539;0.000000;1.29
328; 96;1.232305;0.023539;0.000000;1.29
328;104;1.232305;0.023539;0.000000;1.29
328;112;1.232305;0.023539;0.000000;1.29
328;120;1.232305;0.023539;0.000000;1.29
328;128;1.232305;0.023539;0.000000;1.29
328;136;1.232305;0.023539;0.000000;1.29
328;144;1.232305;0.023539;0.000000;1.29
328;152;1.232305;0.023539;0.000000;1.29
328;160;1.232305;0.023539;0.000000;1.29
328;168;1.232305;0.023539;0.000000;1.29
328;176;1.232305;0.023539;0.000000;1.29
328;184;1.232305;0.023539;0.000000;1.29
328;192;1.232305;0.023539;0.000000;1.29
328;200;1.232305;0.023539;0.000000;1.29
328;208;1.232305;0.023539;0.000000;1.29
328;216;1.232305;0.023539;0.000000;1.29
328;224;1.232305;0.023539;0.000000;1.29
328;232;1.232305;0.023539;0.000000;1.29
328;240;1.232305;0.023539;0.000000;1.29
328;248;1.232305;0.023539;0.000000;1.29
328;256;1.232305;0.023539;0.000000;1.29
328;264;1.232305;0.023539;0.000000;1.29
328;272;1.232305;0.023539;0.000000;1.29
328;280;1.232305;0.023539;0.000000;1.29
328;288;1.232305;0.023539;0.000000;1.29
328;296;1.232305;0.023539;0.000000;1.29
328;304;1.232305;0.023539;0.000000;1.29
328;312;1.232305;0.023539;0.000000;1.29
328;320;1.232305;0.023539;0.000000;1.29
328;328;1.232305;0.023539;0.000000;1.29
328;392;1.232305;0.023167;0.000372;1.29
328;400;1.232305;0.023539;0.000000;1.29
336;  0;1.240173;0.015671;0.000000;0.85
336;  8;1.240173;0.015671;0.000000;0.85
336; 16;1.240173;0.015671;0.000000;0.85
336; 24;1.240173;0.015671;0.000000;0.85
336; 32;1.240173;0.015671;0.000000;0.85
336; 40;1.240173;0.015671;0.000000;0.85
336; 48;1.240173;0.015671;0.000000;0.85
336; 56;1.240173;0.015671;0.000000;0.85
336; 64;1.240173;0.015671;0.000000;0.85
336; 72;1.240173;0.015671;0.000000;0.85
336; 80;1.240173;0.015671;0.000000;0.85
336; 88;1.240173;0.015671;0.000000;0.85
336; 96;1.240173;0.015671;0.000000;0.85
336;104;1.240173;0.015671;0.000000;0.85
336;112;1.240173;0.015671;0.000000;0.85
336;120;1.240173;0.015671;0.000000;0.85
336;128;1.240173;0.015671;0.000000;0.85
336;136;1.240173;0.015671;0.000000;0.85
336;144;1.240173;0.015671;0.000000;0.85
336;152;1.240173;0.015671;0.000000;0.85
336;160;1.240173;0.015671;0.000000;0.85
336;168;1.240173;0.015671;0.000000;0.85
336;176;1.240173;0.015671;0.000000;0.85
336;184;1.240173;0.015671;0.000000;0.85
336;192;1.240173;0.015671;0.000000;0.85
336;200;1.240173;0.015671;0.000000;0.85
336;208;1.240173;0.015671;0.000000;0.85
336;216;1.240173;0.015671;0.000000;0.85
336;224;1.240173;0.015671;0.000000;0.85
336;232;1.240173;0.015671;0.000000;0.85
336;240;1.240173;0.015671;0.000000;0.85
336;248;1.240173;0.015671;0.000000;0.85
336;256;1.240173;0.015671;0.000000;0.85
336;264;1.240173;0.015671;0.000000;0.85
336;272;1.240173;0.015671;0.000000;0.85
336;280;1.240173;0.015671;0.000000;0.85
336;288;1.240173;0.015671;0.000000;0.85
336;296;1.240173;0.015671;0.000000;0.85
336;304;1.240173;0.015671;0.000000;0.85
336;312;1.240173;0.015671;0.000000;0.85
336;320;1.240173;0.015671;0.000000;0.85
336;328;1.240173;0.015671;0.000000;0.85
336;336;1.240173;0.015671;0.000000;0.85
336;392;1.240173;0.015299;0.000372;0.85
336;400;1.240173;0.015671;0.000000;0.85
344;  0;1.244035;0.011809;0.000000;0.65
344;  8;1.244035;0.011809;0.000000;0.65
344; 16;1.244035;0.011809;0.000000;0.65
344; 24;1.244035;0.011809;0.000000;0.65
344; 32;1.244035;0.011809;0.000000;0.65
344; 40;1.244035;0.011809;0.000000;0.65
344; 48;1.244035;0.011809;0.000000;0.65
344; 56;1.244035;0.011809;0.000000;0.65
344; 64;1.244035;0.011809;0.000000;0.65
344; 72;1.244035;0.011809;0.000000;0.65
344; 80;1.244035;0.011809;0.000000;0.65
344; 88;1.244035;0.011809;0.000000;0.65
344; 96;1.244035;0.011809;0.000000;0.65
344;104;1.244035;0.011809;0.000000;0.65
344;112;1.244035;0.011809;0.000000;0.65
344;120;1.244035;0.011809;0.000000;0.65
344;128;1.244035;0.011809;0.000000;0.65
344;136;1.244035;0.011809;0.000000;0.65
344;144;1.244035;0.011809;0.000000;0.65
344;152;1.244035;0.011809;0.000000;0.65
344;160;1.244035;0.011809;0.000000;0.65
344;168;1.244035;0.011809;0.000000;0.65
344;176;1.244035;0.011809;0.000000;0.65
344;184;1.244035;0.011809;0.000000;0.65
344;192;1.244035;0.011809;0.000000;0.65
344;200;1.244035;0.011809;0.000000;0.65
344;208;1.244035;0.011809;0.000000;0.65
344;216;1.244035;0.011809;0.000000;0.65
344;224;1.244035;0.011809;0.000000;0.65
344;232;1.244035;0.011809;0.000000;0.65
344;240;1.244035;0.011809;0.000000;0.65
344;248;1.244035;0.011809;0.000000;0.65
344;256;1.244035;0.011809;0.000000;0.65
344;264;1.244035;0.011809;0.000000;0.65
344;272;1.244035;0.011809;0.000000;0.65
344;280;1.244035;0.011809;0.000000;0.65
344;288;1.244035;0.011809;0.000000;0.65
344;296;1.244035;0.011809;0.000000;0.65
344;304;1.244035;0.011809;0.000000;0.65
344;312;1.244035;0.011809;0.000000;0.65
344;320;1.244035;0.011809;0.000000;0.65
344;328;1.244035;0.011809;0.000000;0.65
344;336;1.244035;0.011809;0.000000;0.65
344;344;1.244035;0.011809;0.000000;0.65
344;368;1.244035;0.010011;0.001798;0.65
344;376;1.244035;0.010338;0.001471;0.65
344;392;1.244035;0.011437;0.000372;0.65
344;400;1.244035;0.011809;0.000000;0.65
352;  0;1.249392;0.006452;0.000000;0.36
352;  8;1.249392;0.006452;0.000000;0.36
352; 16;1.249392;0.006452;0.000000;0.36
352; 24;1.249392;0.006452;0.000000;0.36
352; 32;1.249392;0.006452;0.000000;0.36
352; 40;1.249392;0.006452;0.000000;0.36
352; 48;1.249392;0.006452;0.000000;0.36
352; 56;1.249392;0.006452;0.000000;0.36
352; 64;1.249392;0.006452;0.000000;0.36
352; 72;1.249392;0.006452;0.000000;0.36
352; 80;1.249392;0.006452;0.000000;0.36
352; 88;1.249392;0.006452;0.000000;0.36
352; 96;1.249392;0.006452;0.000000;0.36
352;104;1.249392;0.006452;0.000000;0.36
352;112;1.249392;0.006452;0.000000;0.36
352;120;1.249392;0.006452;0.000000;0.36
352;128;1.249392;0.006452;0.000000;0.36
352;136;1.249392;0.006452;0.000000;0.36
352;144;1.249392;0.006452;0.000000;0.36
352;152;1.249392;0.006452;0.000000;0.36
352;160;1.249392;0.006452;0.000000;0.36
352;168;1.249392;0.006452;0.000000;0.36
352;176;1.249392;0.006452;0.000000;0.36
352;184;1.249392;0.006452;0.000000;0.36
352;192;1.249392;0.006452;0.000000;0.36
352;200;1.249392;0.006452;0.000000;0.36
352;208;1.249392;0.006452;0.000000;0.36
352;216;1.249392;0.006452;0.000000;0.36
352;224;1.249392;0.006452;0.000000;0.36
352;232;1.249392;0.006452;0.000000;0.36
352;240;1.249392;0.006452;0.000000;0.36
352;248;1.249392;0.006452;0.000000;0.36
352;256;1.249392;0.006452;0.000000;0.36
352;264;1.249392;0.006452;0.000000;0.36
352;272;1.249392;0.006452;0.000000;0.36
352;280;1.249392;0.006452;0.000000;0.36
352;288;1.249392;0.006452;0.000000;0.36
352;296;1.249392;0.006452;0.000000;0.36
352;304;1.249392;0.006452;0.000000;0.36
352;312;1.249392;0.006452;0.000000;0.36
352;320;1.249392;0.006452;0.000000;0.36
352;328;1.249392;0.006452;0.000000;0.36
352;336;1.249392;0.006452;0.000000;0.36
352;344;1.249392;0.006452;0.000000;0.36
352;352;1.249392;0.006452;0.000000;0.36
352;368;1.249392;0.004654;0.001798;0.36
352;376;1.249392;0.004981;0.001471;0.36
352;392;1.249392;0.006080;0.000372;0.36
352;400;1.249392;0.006452;0.000000;0.36
360;  0;1.252498;0.003346;0.000000;0.19
360;  8;1.252498;0.003346;0.000000;0.19
360; 16;1.252498;0.003346;0.000000;0.19
360; 24;1.252498;0.003346;0.000000;0.19
360; 32;1.252498;0.003346;0.000000;0.19
360; 40;1.252498;0.003346;0.000000;0.19
360; 48;1.252498;0.003346;0.000000;0.19
360; 56;1.252498;0.003346;0.000000;0.19
360; 64;1.252498;0.003346;0.000000;0.19
360; 72;1.252498;0.003346;0.000000;0.19
360; 80;1.252498;0.003346;0.000000;0.19
360; 88;1.252498;0.003346;0.000000;0.19
360; 96;1.252498;0.003346;0.000000;0.19
360;104;1.252498;0.003346;0.000000;0.19
360;112;1.252498;0.003346;0.000000;0.19
360;120;1.252498;0.003346;0.000000;0.19
360;128;1.252498;0.003346;0.000000;0.19
360;136;1.252498;0.003346;0.000000;0.19
360;144;1.252498;0.003346;0.000000;0.19
360;152;1.252498;0.003346;0.000000;0.19
360;160;1.252498;0.003346;0.000000;0.19
360;168;1.252498;0.003346;0.000000;0.19
360;176;1.252498;0.003346;0.000000;0.19
360;184;1.252498;0.003346;0.000000;0.19
360;192;1.252498;0.003346;0.000000;0.19
360;200;1.252498;0.003346;0.000000;0.19
360;208;1.252498;0.003346;0.000000;0.19
360;216;1.252498;0.003346;0.000000;0.19
360;224;1.252498;0.003346;0.000000;0.19
360;232;1.252498;0.003346;0.000000;0.19
360;240;1.252498;0.003346;0.000000;0.19
360;248;1.252498;0.003346;0.000000;0.19
360;256;1.252498;0.003346;0.000000;0.19
360;264;1.252498;0.003346;0.000000;0.19
360;272;1.252498;0.003346;0.000000;0.19
360;280;1.252498;0.003346;0.000000;0.19
360;288;1.252498;0.003346;0.000000;0.19
360;296;1.252498;0.003346;0.000000;0.19
360;304;1.252498;0.003346;0.000000;0.19
360;312;1.252498;0.003346;0.000000;0.19
360;320;1.252498;0.003346;0.000000;0.19
360;328;1.252498;0.003346;0.000000;0.19
360;336;1.252498;0.003346;0.000000;0.19
360;344;1.252498;0.003346;0.000000;0.19
360;352;1.252498;0.003346;0.000000;0.19
360;360;1.252498;0.003346;0.000000;0.19
360;368;1.252498;0.001548;0.001798;0.18
360;376;1.252498;0.001875;0.001471;0.18
360;392;1.252498;0.002974;0.000372;0.19
360;400;1.252498;0.003346;0.000000;0.19
368;  0;1.254046;0.001798;0.000000;0.11
368;  8;1.254046;0.001798;0.000000;0.11
368; 16;1.254046;0.001798;0.000000;0.11
368; 24;1.254046;0.001798;0.000000;0.11
368; 32;1.254046;0.001798;0.000000;0.11
368; 40;1.254046;0.001798;0.000000;0.11
368; 48;1.254046;0.001798;0.000000;0.11
368; 56;1.254046;0.001798;0.000000;0.11
368; 64;1.254046;0.001798;0.000000;0.11
368; 72;1.254046;0.001798;0.000000;0.11
368; 80;1.254046;0.001798;0.000000;0.11
368; 88;1.254046;0.001798;0.000000;0.11
368; 96;1.254046;0.001798;0.000000;0.11
368;104;1.254046;0.001798;0.000000;0.11
368;112;1.254046;0.001798;0.000000;0.11
368;120;1.254046;0.001798;0.000000;0.11
368;128;1.254046;0.001798;0.000000;0.11
368;136;1.254046;0.001798;0.000000;0.11
368;144;1.254046;0.001798;0.000000;0.11
368;152;1.254046;0.001798;0.000000;0.11
368;160;1.254046;0.001798;0.000000;0.11
368;168;1.254046;0.001798;0.000000;0.11
368;176;1.254046;0.001798;0.000000;0.11
368;184;1.254046;0.001798;0.000000;0.11
368;192;1.254046;0.001798;0.000000;0.11
368;200;1.254046;0.001798;0.000000;0.11
368;208;1.254046;0.001798;0.000000;0.11
368;216;1.254046;0.001798;0.000000;0.11
368;224;1.254046;0.001798;0.000000;0.11
368;232;1.254046;0.001798;0.000000;0.11
368;240;1.254046;0.001798;0.000000;0.11
368;248;1.254046;0.001798;0.000000;0.11
368;256;1.254046;0.001798;0.000000;0.11
368;264;1.254046;0.001798;0.000000;0.11
368;272;1.254046;0.001798;0.000000;0.11
368;280;1.254046;0.001798;0.000000;0.11
368;288;1.254046;0.001798;0.000000;0.11
368;296;1.254046;0.001798;0.000000;0.11
368;304;1.254046;0.001798;0.000000;0.11
368;312;1.254046;0.001798;0.000000;0.11
368;320;1.254046;0.001798;0.000000;0.11
368;328;1.254046;0.001798;0.000000;0.11
368;336;1.254046;0.001798;0.000000;0.11
368;344;1.254046;0.001798;0.000000;0.11
368;352;1.254046;0.001798;0.000000;0.11
368;360;1.254046;0.001798;0.000000;0.11
368;368;1.254046;0.001798;0.000000;0.11
368;376;1.254046;0.000327;0.001471;0.10
368;392;1.254046;0.001426;0.000372;0.11
368;400;1.254046;0.001798;0.000000;0.11
376;  0;1.254373;0.001471;0.000000;0.09
376;  8;1.254373;0.001471;0.000000;0.09
376; 16;1.254373;0.001471;0.000000;0.09
376; 24;1.254373;0.001471;0.000000;0.09
376; 32;1.254373;0.001471;0.000000;0.09
376; 40;1.254373;0.001471;0.000000;0.09
376; 48;1.254373;0.001471;0.000000;0.09
376; 56;1.254373;0.001471;0.000000;0.09
376; 64;1.254373;0.001471;0.000000;0.09
376; 72;1.254373;0.001471;0.000000;0.09
376; 80;1.254373;0.001471;0.000000;0.09
376; 88;1.254373;0.001471;0.000000;0.09
376; 96;1.254373;0.001471;0.000000;0.09
376;104;1.254373;0.001471;0.000000;0.09
376;112;1.254373;0.001471;0.000000;0.09
376;120;1.254373;0.001471;0.000000;0.09
376;128;1.254373;0.001471;0.000000;0.09
376;136;1.254373;0.001471;0.000000;0.09
376;144;1.254373;0.001471;0.000000;0.09
376;152;1.254373;0.001471;0.000000;0.09
376;160;1.254373;0.001471;0.000000;0.09
376;168;1.254373;0.001471;0.000000;0.09
376;176;1.254373;0.001471;0.000000;0.09
376;184;1.254373;0.001471;0.000000;0.09
376;192;1.254373;0.001471;0.000000;0.09
376;200;1.254373;0.001471;0.000000;0.09
376;208;1.254373;0.001471;0.000000;0.09
376;216;1.254373;0.001471;0.000000;0.09
376;224;1.254373;0.001471;0.000000;0.09
376;232;1.254373;0.001471;0.000000;0.09
376;240;1.254373;0.001471;0.000000;0.09
376;248;1.254373;0.001471;0.000000;0.09
376;256;1.254373;0.001471;0.000000;0.09
376;264;1.254373;0.001471;0.000000;0.09
376;272;1.254373;0.001471;0.000000;0.09
376;280;1.254373;0.001471;0.000000;0.09
376;288;1.254373;0.001471;0.000000;0.09
376;296;1.254373;0.001471;0.000000;0.09
376;304;1.254373;0.001471;0.000000;0.09
376;312;1.254373;0.001471;0.000000;0.09
376;320;1.254373;0.001471;0.000000;0.09
376;328;1.254373;0.001471;0.000000;0.09
376;336;1.254373;0.001471;0.000000;0.09
376;344;1.254373;0.001471;0.000000;0.09
376;352;1.254373;0.001471;0.000000;0.09
376;360;1.254373;0.001471;0.000000;0.09
376;368;1.254373;0.001471;0.000000;0.09
376;376;1.254373;0.001471;0.000000;0.09
376;392;1.254373;0.001099;0.000372;0.09
376;400;1.254373;0.001471;0.000000;0.09
384;  0;1.255082;0.000762;0.000000;0.05
384;  8;1.255082;0.000762;0.000000;0.05
384; 16;1.255082;0.000762;0.000000;0.05
384; 24;1.255082;0.000762;0.000000;0.05
384; 32;1.255082;0.000762;0.000000;0.05
384; 40;1.255082;0.000762;0.000000;0.05
384; 48;1.255082;0.000762;0.000000;0.05
384; 56;1.255082;0.000762;0.000000;0.05
384; 64;1.255082;0.000762;0.000000;0.05
384; 72;1.255082;0.000762;0.000000;0.05
384; 80;1.255082;0.000762;0.000000;0.05
384; 88;1.255082;0.000762;0.000000;0.05
384; 96;1.255082;0.000762;0.000000;0.05
384;104;1.255082;0.000762;0.000000;0.05
384;112;1.255082;0.000762;0.000000;0.05
384;120;1.255082;0.000762;0.000000;0.05
384;128;1.255082;0.000762;0.000000;0.05
384;136;1.255082;0.000762;0.000000;0.05
384;144;1.255082;0.000762;0.000000;0.05
384;152;1.255082;0.000762;0.000000;0.05
384;160;1.255082;0.000762;0.000000;0.05
384;168;1.255082;0.000762;0.000000;0.05
384;176;1.255082;0.000762;0.000000;0.05
384;184;1.255082;0.000762;0.000000;0.05
384;192;1.255082;0.000762;0.000000;0.05
384;200;1.255082;0.000762;0.000000;0.05
384;208;1.255082;0.000762;0.000000;0.05
384;216;1.255082;0.000762;0.000000;0.05
384;224;1.255082;0.000762;0.000000;0.05
384;232;1.255082;0.000762;0.000000;0.05
384;240;1.255082;0.000762;0.000000;0.05
384;248;1.255082;0.000762;0.000000;0.05
384;256;1.255082;0.000762;0.000000;0.05
384;264;1.255082;0.000762;0.000000;0.05
384;272;1.255082;0.000762;0.000000;0.05
384;280;1.255082;0.000762;0.000000;0.05
384;288;1.255082;0.000762;0.000000;0.05
384;296;1.255082;0.000762;0.000000;0.05
384;304;1.255082;0.000762;0.000000;0.05
384;312;1.255082;0.000762;0.000000;0.05
384;320;1.255082;0.000762;0.000000;0.05
384;328;1.255082;0.000762;0.000000;0.05
384;336;1.255082;0.000762;0.000000;0.05
384;344;1.255082;0.000762;0.000000;0.05
384;352;1.255082;0.000762;0.000000;0.05
384;360;1.255082;0.000762;0.000000;0.05
384;368;1.255082;0.000762;0.000000;0.05
384;376;1.255082;0.000762;0.000000;0.05
384;384;1.255082;0.000762;0.000000;0.05
384;392;1.255082;0.000390;0.000372;0.04
384;400;1.255082;0.000762;0.000000;0.05
392;  0;1.255472;0.000372;0.000000;0.02
392;  8;1.255472;0.000372;0.000000;0.02
392; 16;1.255472;0.000372;0.000000;0.02
392; 24;1.255472;0.000372;0.000000;0.02
392; 32;1.255472;0.000372;0.000000;0.02
392; 40;1.255472;0.000372;0.000000;0.02
392; 48;1.255472;0.000372;0.000000;0.02
392; 56;1.255472;0.000372;0.000000;0.02
392; 64;1.255472;0.000372;0.000000;0.02
392; 72;1.255472;0.000372;0.000000;0.02
392; 80;1.255472;0.000372;0.000000;0.02
392; 88;1.255472;0.000372;0.000000;0.02
392; 96;1.255472;0.000372;0.000000;0.02
392;104;1.255472;0.000372;0.000000;0.02
392;112;1.255472;0.000372;0.000000;0.02
392;120;1.255472;0.000372;0.000000;0.02
392;128;1.255472;0.000372;0.000000;0.02
392;136;1.255472;0.000372;0.000000;0.02
392;144;1.255472;0.000372;0.000000;0.02
392;152;1.255472;0.000372;0.000000;0.02
392;160;1.255472;0.000372;0.000000;0.02
392;168;1.255472;0.000372;0.000000;0.02
392;176;1.255472;0.000372;0.000000;0.02
392;184;1.255472;0.000372;0.000000;0.02
392;192;1.255472;0.000372;0.000000;0.02
392;200;1.255472;0.000372;0.000000;0.02
392;208;1.255472;0.000372;0.000000;0.02
392;216;1.255472;0.000372;0.000000;0.02
392;224;1.255472;0.000372;0.000000;0.02
392;232;1.255472;0.000372;0.000000;0.02
392;240;1.255472;0.000372;0.000000;0.02
392;248;1.255472;0.000372;0.000000;0.02
392;256;1.255472;0.000372;0.000000;0.02
392;264;1.255472;0.000372;0.000000;0.02
392;272;1.255472;0.000372;0.000000;0.02
392;280;1.255472;0.000372;0.000000;0.02
392;288;1.255472;0.000372;0.000000;0.02
392;296;1.255472;0.000372;0.000000;0.02
392;304;1.255472;0.000372;0.000000;0.02
392;312;1.255472;0.000372;0.000000;0.02
392;320;1.255472;0.000372;0.000000;0.02
392;328;1.255472;0.000372;0.000000;0.02
392;336;1.255472;0.000372;0.000000;0.02
392;344;1.255472;0.000372;0.000000;0.02
392;352;1.255472;0.000372;0.000000;0.02
392;360;1.255472;0.000372;0.000000;0.02
392;368;1.255472;0.000372;0.000000;0.02
392;376;1.255472;0.000372;0.000000;0.02
392;384;1.255472;0.000372;0.000000;0.02
392;392;1.255472;0.000372;0.000000;0.02
392;400;1.255472;0.000372;0.000000;0.02
400;  0;1.255844;0.000000;0.000000;0.00
400;  8;1.255844;0.000000;0.000000;0.00
400; 16;1.255844;0.000000;0.000000;0.00
400; 24;1.255844;0.000000;0.000000;0.00
400; 32;1.255844;0.000000;0.000000;0.00
400; 40;1.255844;0.000000;0.000000;0.00
400; 48;1.255844;0.000000;0.000000;0.00
400; 56;1.255844;0.000000;0.000000;0.00
400; 64;1.255844;0.000000;0.000000;0.00
400; 72;1.255844;0.000000;0.000000;0.00
400; 80;1.255844;0.000000;0.000000;0.00
400; 88;1.255844;0.000000;0.000000;0.00
400; 96;1.255844;0.000000;0.000000;0.00
400;104;1.255844;0.000000;0.000000;0.00
400;112;1.255844;0.000000;0.000000;0.00
400;120;1.255844;0.000000;0.000000;0.00
400;128;1.255844;0.000000;0.000000;0.00
400;136;1.255844;0.000000;0.000000;0.00
400;144;1.255844;0.000000;0.000000;0.00
400;152;1.255844;0.000000;0.000000;0.00
400;160;1.255844;0.000000;0.000000;0.00
400;168;1.255844;0.000000;0.000000;0.00
400;176;1.255844;0.000000;0.000000;0.00
400;184;1.255844;0.000000;0.000000;0.00
400;192;1.255844;0.000000;0.000000;0.00
400;200;1.255844;0.000000;0.000000;0.00
400;208;1.255844;0.000000;0.000000;0.00
400;216;1.255844;0.000000;0.000000;0.00
400;224;1.255844;0.000000;0.000000;0.00
400;232;1.255844;0.000000;0.000000;0.00
400;240;1.255844;0.000000;0.000000;0.00
400;248;1.255844;0.000000;0.000000;0.00
400;256;1.255844;0.000000;0.000000;0.00
400;264;1.255844;0.000000;0.000000;0.00
400;272;1.255844;0.000000;0.000000;0.00
400;280;1.255844;0.000000;0.000000;0.00
400;288;1.255844;0.000000;0.000000;0.00
400;296;1.255844;0.000000;0.000000;0.00
400;304;1.255844;0.000000;0.000000;0.00
400;312;1.255844;0.000000;0.000000;0.00
400;320;1.255844;0.000000;0.000000;0.00
400;328;1.255844;0.000000;0.000000;0.00
400;336;1.255844;0.000000;0.000000;0.00
400;344;1.255844;0.000000;0.000000;0.00
400;352;1.255844;0.000000;0.000000;0.00
400;360;1.255844;0.000000;0.000000;0.00
400;368;1.255844;0.000000;0.000000;0.00
400;376;1.255844;0.000000;0.000000;0.00
400;384;1.255844;0.000000;0.000000;0.00
400;392;1.255844;0.000000;0.000000;0.00
400;400;1.255844;0.000000;0.000000;0.00
