  0;  0;0.296571;0.953796;0.000000;57.12
  0;  8;0.296571;0.000000;0.953796;57.01
  0; 16;0.296571;0.000000;0.953796;57.01
  0;296;0.296571;0.953796;0.000000;57.12
  0;304;0.296571;0.953796;0.000000;57.12
  0;312;0.296571;0.953796;0.000000;57.12
  0;320;0.296571;0.953796;0.000000;57.12
  0;328;0.296571;0.953796;0.000000;57.12
  0;336;0.296571;0.953796;0.000000;57.12
  0;344;0.296571;0.953796;0.000000;57.12
  0;352;0.296571;0.953796;0.000000;57.12
  0;360;0.296571;0.953796;0.000000;57.12
  0;368;0.296571;0.953796;0.000000;57.12
  0;376;0.296571;0.953796;0.000000;57.12
  0;384;0.296571;0.953796;0.000000;57.12
  0;392;0.296571;0.953796;0.000000;57.12
  0;400;0.296571;0.953796;0.000000;57.12
  8;  0;0.296571;0.953796;0.000000;57.12
  8;  8;0.296571;0.953796;0.000000;57.12
  8; 16;0.296571;0.000000;0.953796;57.01
  8;296;0.296571;0.953796;0.000000;57.12
  8;304;0.296571;0.953796;0.000000;57.12
  8;312;0.296571;0.953796;0.000000;57.12
  8;320;0.296571;0.953796;0.000000;57.12
  8;328;0.296571;0.953796;0.000000;57.12
  8;336;0.296571;0.953796;0.000000;57.12
  8;344;0.296571;0.953796;0.000000;57.12
  8;352;0.296571;0.953796;0.000000;57.12
  8;360;0.296571;0.953796;0.000000;57.12
  8;368;0.296571;0.953796;0.000000;57.12
  8;376;0.296571;0.953796;0.000000;57.12
  8;384;0.296571;0.953796;0.000000;57.12
  8;392;0.296571;0.953796;0.000000;57.12
  8;400;0.296571;0.953796;0.000000;57.12
 16;  0;0.296571;0.953796;0.000000;57.12
 16;  8;0.296571;0.953796;0.000000;57.12
 16; 16;0.296571;0.953796;0.000000;57.12
 16;296;0.296571;0.953796;0.000000;57.12
 16;304;0.296571;0.953796;0.000000;57.12
 16;312;0.296571;0.953796;0.000000;57.12
 16;320;0.296571;0.953796;0.000000;57.12
 16;328;0.296571;0.953796;0.000000;57.12
 16;336;0.296571;0.953796;0.000000;57.12
 16;344;0.296571;0.953796;0.000000;57.12
 16;352;0.296571;0.953796;0.000000;57.12
 16;360;0.296571;0.953796;0.000000;57.12
 16;368;0.296571;0.953796;0.000000;57.12
 16;376;0.296571;0.953796;0.000000;57.12
 16;384;0.296571;0.953796;0.000000;57.12
 16;392;0.296571;0.953796;0.000000;57.12
 16;400;0.296571;0.953796;0.000000;57.12
 24;  0;0.296943;0.953424;0.000000;57.10
 24;  8;0.296943;0.953424;0.000000;57.10
 24; 16;0.296943;0.953424;0.000000;57.10
 24; 24;0.296943;0.953424;0.000000;57.10
 24; 32;0.296943;0.000000;0.953424;56.98
 24; 40;0.296943;0.000000;0.953424;56.98
 24; 48;0.296943;0.000000;0.953424;56.98
 24; 56;0.296943;0.000000;0.953424;56.98
 24; 64;0.296943;0.000000;0.953424;56.98
 24; 72;0.296943;0.000000;0.953424;56.98
 24; 80;0.296943;0.000000;0.953424;56.98
 24; 88;0.296943;0.000000;0.953424;56.98
 24; 96;0.296943;0.000000;0.953424;56.98
 24;104;0.296943;0.000000;0.953424;56.98
 24;112;0.296943;0.000000;0.953424;56.98
 24;120;0.296943;0.000000;0.953424;56.98
 24;128;0.296943;0.000000;0.953424;56.98
 24;296;0.296943;0.953424;0.000000;57.10
 24;304;0.296943;0.953424;0.000000;57.10
 24;312;0.296943;0.953424;0.000000;57.10
 24;320;0.296943;0.953424;0.000000;57.10
 24;328;0.296943;0.953424;0.000000;57.10
 24;336;0.296943;0.953424;0.000000;57.10
 24;344;0.296943;0.953424;0.000000;57.10
 24;352;0.296943;0.953424;0.000000;57.10
 24;360;0.296943;0.953424;0.000000;57.10
 24;368;0.296943;0.953424;0.000000;57.10
 24;376;0.296943;0.953424;0.000000;57.10
 24;384;0.296943;0.953424;0.000000;57.10
 24;392;0.296943;0.953424;0.000000;57.10
 24;400;0.296943;0.953424;0.000000;57.10
 32;  0;0.296943;0.953424;0.000000;57.10
 32;  8;0.296943;0.953424;0.000000;57.10
 32; 16;0.296943;0.953424;0.000000;57.10
 32; 24;0.296943;0.953424;0.000000;57.10
 32; 32;0.296943;0.953424;0.000000;57.10
 32; 40;0.296943;0.000000;0.953424;56.98
 32; 48;0.296943;0.000000;0.953424;56.98
 32; 56;0.296943;0.000000;0.953424;56.98
 32; 64;0.296943;0.000000;0.953424;56.98
 32; 72;0.296943;0.000000;0.953424;56.98
 32; 80;0.296943;0.000000;0.953424;56.98
 32; 88;0.296943;0.000000;0.953424;56.98
 32; 96;0.296943;0.000000;0.953424;56.98
 32;104;0.296943;0.000000;0.953424;56.98
 32;112;0.296943;0.000000;0.953424;56.98
 32;120;0.296943;0.000000;0.953424;56.98
 32;128;0.296943;0.000000;0.953424;56.98
 32;296;0.296943;0.953424;0.000000;57.10
 32;304;0.296943;0.953424;0.000000;57.10
 32;312;0.296943;0.953424;0.000000;57.10
 32;320;0.296943;0.953424;0.000000;57.10
 32;328;0.296943;0.953424;0.000000;57.10
 32;336;0.296943;0.953424;0.000000;57.10
 32;344;0.296943;0.953424;0.000000;57.10
 32;352;0.296943;0.953424;0.000000;57.10
 32;360;0.296943;0.953424;0.000000;57.10
 32;368;0.296943;0.953424;0.000000;57.10
 32;376;0.296943;0.953424;0.000000;57.10
 32;384;0.296943;0.953424;0.000000;57.10
 32;392;0.296943;0.953424;0.000000;57.10
 32;400;0.296943;0.953424;0.000000;57.10
 40;  0;0.296943;0.953424;0.000000;57.10
 40;  8;0.296943;0.953424;0.000000;57.10
 40; 16;0.296943;0.953424;0.000000;57.10
 40; 24;0.296943;0.953424;0.000000;57.10
 40; 32;0.296943;0.953424;0.000000;57.10
 40; 40;0.296943;0.953424;0.000000;57.10
 40; 48;0.296943;0.000000;0.953424;56.98
 40; 56;0.296943;0.000000;0.953424;56.98
 40; 64;0.296943;0.000000;0.953424;56.98
 40; 72;0.296943;0.000000;0.953424;56.98
 40; 80;0.296943;0.000000;0.953424;56.98
 40; 88;0.296943;0.000000;0.953424;56.98
 40; 96;0.296943;0.000000;0.953424;56.98
 40;104;0.296943;0.000000;0.953424;56.98
 40;112;0.296943;0.000000;0.953424;56.98
 40;120;0.296943;0.000000;0.953424;56.98
 40;128;0.296943;0.000000;0.953424;56.98
 40;296;0.296943;0.953424;0.000000;57.10
 40;304;0.296943;0.953424;0.000000;57.10
 40;312;0.296943;0.953424;0.000000;57.10
 40;320;0.296943;0.953424;0.000000;57.10
 40;328;0.296943;0.953424;0.000000;57.10
 40;336;0.296943;0.953424;0.000000;57.10
 40;344;0.296943;0.953424;0.000000;57.10
 40;352;0.296943;0.953424;0.000000;57.10
 40;360;0.296943;0.953424;0.000000;57.10
 40;368;0.296943;0.953424;0.000000;57.10
 40;376;0.296943;0.953424;0.000000;57.10
 40;384;0.296943;0.953424;0.000000;57.10
 40;392;0.296943;0.953424;0.000000;57.10
 40;400;0.296943;0.953424;0.000000;57.10
 48;  0;0.296943;0.953424;0.000000;57.10
 48;  8;0.296943;0.953424;0.000000;57.10
 48; 16;0.296943;0.953424;0.000000;57.10
 48; 24;0.296943;0.953424;0.000000;57.10
 48; 32;0.296943;0.953424;0.000000;57.10
 48; 40;0.296943;0.953424;0.000000;57.10
 48; 48;0.296943;0.953424;0.000000;57.10
 48; 56;0.296943;0.000000;0.953424;56.98
 48; 64;0.296943;0.000000;0.953424;56.98
 48; 72;0.296943;0.000000;0.953424;56.98
 48; 80;0.296943;0.000000;0.953424;56.98
 48; 88;0.296943;0.000000;0.953424;56.98
 48; 96;0.296943;0.000000;0.953424;56.98
 48;104;0.296943;0.000000;0.953424;56.98
 48;112;0.296943;0.000000;0.953424;56.98
 48;120;0.296943;0.000000;0.953424;56.98
 48;128;0.296943;0.000000;0.953424;56.98
 48;296;0.296943;0.953424;0.000000;57.10
 48;304;0.296943;0.953424;0.000000;57.10
 48;312;0.296943;0.953424;0.000000;57.10
 48;320;0.296943;0.953424;0.000000;57.10
 48;328;0.296943;0.953424;0.000000;57.10
 48;336;0.296943;0.953424;0.000000;57.10
 48;344;0.296943;0.953424;0.000000;57.10
 48;352;0.296943;0.953424;0.000000;57.10
 48;360;0.296943;0.953424;0.000000;57.10
 48;368;0.296943;0.953424;0.000000;57.10
 48;376;0.296943;0.953424;0.000000;57.10
 48;384;0.296943;0.953424;0.000000;57.10
 48;392;0.296943;0.953424;0.000000;57.10
 48;400;0.296943;0.953424;0.000000;57.10
 56;  0;0.296943;0.953424;0.000000;57.10
 56;  8;0.296943;0.953424;0.000000;57.10
 56; 16;0.296943;0.953424;0.000000;57.10
 56; 24;0.296943;0.953424;0.000000;57.10
 56; 32;0.296943;0.953424;0.000000;57.10
 56; 40;0.296943;0.953424;0.000000;57.10
 56; 48;0.296943;0.953424;0.000000;57.10
 56; 56;0.296943;0.953424;0.000000;57.10
 56; 64;0.296943;0.000000;0.953424;56.98
 56; 72;0.296943;0.000000;0.953424;56.98
 56; 80;0.296943;0.000000;0.953424;56.98
 56; 88;0.296943;0.000000;0.953424;56.98
 56; 96;0.296943;0.000000;0.953424;56.98
 56;104;0.296943;0.000000;0.953424;56.98
 56;112;0.296943;0.000000;0.953424;56.98
 56;120;0.296943;0.000000;0.953424;56.98
 56;128;0.296943;0.000000;0.953424;56.98
 56;296;0.296943;0.953424;0.000000;57.10
 56;304;0.296943;0.953424;0.000000;57.10
 56;312;0.296943;0.953424;0.000000;57.10
 56;320;0.296943;0.953424;0.000000;57.10
 56;328;0.296943;0.953424;0.000000;57.10
 56;336;0.296943;0.953424;0.000000;57.10
 56;344;0.296943;0.953424;0.000000;57.10
 56;352;0.296943;0.953424;0.000000;57.10
 56;360;0.296943;0.953424;0.000000;57.10
 56;368;0.296943;0.953424;0.000000;57.10
 56;376;0.296943;0.953424;0.000000;57.10
 56;384;0.296943;0.953424;0.000000;57.10
 56;392;0.296943;0.953424;0.000000;57.10
 56;400;0.296943;0.953424;0.000000;57.10
 64;  0;0.296943;0.953424;0.000000;57.10
 64;  8;0.296943;0.953424;0.000000;57.10
 64; 16;0.296943;0.953424;0.000000;57.10
 64; 24;0.296943;0.953424;0.000000;57.10
 64; 32;0.296943;0.953424;0.000000;57.10
 64; 40;0.296943;0.953424;0.000000;57.10
 64; 48;0.296943;0.953424;0.000000;57.10
 64; 56;0.296943;0.953424;0.000000;57.10
 64; 64;0.296943;0.953424;0.000000;57.10
 64; 72;0.296943;0.000000;0.953424;56.98
 64; 80;0.296943;0.000000;0.953424;56.98
 64; 88;0.296943;0.000000;0.953424;56.98
 64; 96;0.296943;0.000000;0.953424;56.98
 64;104;0.296943;0.000000;0.953424;56.98
 64;112;0.296943;0.000000;0.953424;56.98
 64;120;0.296943;0.000000;0.953424;56.98
 64;128;0.296943;0.000000;0.953424;56.98
 64;296;0.296943;0.953424;0.000000;57.10
 64;304;0.296943;0.953424;0.000000;57.10
 64;312;0.296943;0.953424;0.000000;57.10
 64;320;0.296943;0.953424;0.000000;57.10
 64;328;0.296943;0.953424;0.000000;57.10
 64;336;0.296943;0.953424;0.000000;57.10
 64;344;0.296943;0.953424;0.000000;57.10
 64;352;0.296943;0.953424;0.000000;57.10
 64;360;0.296943;0.953424;0.000000;57.10
 64;368;0.296943;0.953424;0.000000;57.10
 64;376;0.296943;0.953424;0.000000;57.10
 64;384;0.296943;0.953424;0.000000;57.10
 64;392;0.296943;0.953424;0.000000;57.10
 64;400;0.296943;0.953424;0.000000;57.10
 72;  0;0.296943;0.953424;0.000000;57.10
 72;  8;0.296943;0.953424;0.000000;57.10
 72; 16;0.296943;0.953424;0.000000;57.10
 72; 24;0.296943;0.953424;0.000000;57.10
 72; 32;0.296943;0.953424;0.000000;57.10
 72; 40;0.296943;0.953424;0.000000;57.10
 72; 48;0.296943;0.953424;0.000000;57.10
 72; 56;0.296943;0.953424;0.000000;57.10
 72; 64;0.296943;0.953424;0.000000;57.10
 72; 72;0.296943;0.953424;0.000000;57.10
 72; 80;0.296943;0.000000;0.953424;56.98
 72; 88;0.296943;0.000000;0.953424;56.98
 72; 96;0.296943;0.000000;0.953424;56.98
 72;104;0.296943;0.000000;0.953424;56.98
 72;112;0.296943;0.000000;0.953424;56.98
 72;120;0.296943;0.000000;0.953424;56.98
 72;128;0.296943;0.000000;0.953424;56.98
 72;296;0.296943;0.953424;0.000000;57.10
 72;304;0.296943;0.953424;0.000000;57.10
 72;312;0.296943;0.953424;0.000000;57.10
 72;320;0.296943;0.953424;0.000000;57.10
 72;328;0.296943;0.953424;0.000000;57.10
 72;336;0.296943;0.953424;0.000000;57.10
 72;344;0.296943;0.953424;0.000000;57.10
 72;352;0.296943;0.953424;0.000000;57.10
 72;360;0.296943;0.953424;0.000000;57.10
 72;368;0.296943;0.953424;0.000000;57.10
 72;376;0.296943;0.953424;0.000000;57.10
 72;384;0.296943;0.953424;0.000000;57.10
 72;392;0.296943;0.953424;0.000000;57.10
 72;400;0.296943;0.953424;0.000000;57.10
 80;  0;0.296943;0.953424;0.000000;57.10
 80;  8;0.296943;0.953424;0.000000;57.10
 80; 16;0.296943;0.953424;0.000000;57.10
 80; 24;0.296943;0.953424;0.000000;57.10
 80; 32;0.296943;0.953424;0.000000;57.10
 80; 40;0.296943;0.953424;0.000000;57.10
 80; 48;0.296943;0.953424;0.000000;57.10
 80; 56;0.296943;0.953424;0.000000;57.10
 80; 64;0.296943;0.953424;0.000000;57.10
 80; 72;0.296943;0.953424;0.000000;57.10
 80; 80;0.296943;0.953424;0.000000;57.10
 80; 88;0.296943;0.000000;0.953424;56.98
 80; 96;0.296943;0.000000;0.953424;56.98
 80;104;0.296943;0.000000;0.953424;56.98
 80;112;0.296943;0.000000;0.953424;56.98
 80;120;0.296943;0.000000;0.953424;56.98
 80;128;0.296943;0.000000;0.953424;56.98
 80;296;0.296943;0.953424;0.000000;57.10
 80;304;0.296943;0.953424;0.000000;57.10
 80;312;0.296943;0.953424;0.000000;57.10
 80;320;0.296943;0.953424;0.000000;57.10
 80;328;0.296943;0.953424;0.000000;57.10
 80;336;0.296943;0.953424;0.000000;57.10
 80;344;0.296943;0.953424;0.000000;57.10
 80;352;0.296943;0.953424;0.000000;57.10
 80;360;0.296943;0.953424;0.000000;57.10
 80;368;0.296943;0.953424;0.000000;57.10
 80;376;0.296943;0.953424;0.000000;57.10
 80;384;0.296943;0.953424;0.000000;57.10
 80;392;0.296943;0.953424;0.000000;57.10
 80;400;0.296943;0.953424;0.000000;57.10
 88;  0;0.296943;0.953424;0.000000;57.10
 88;  8;0.296943;0.953424;0.000000;57.10
 88; 16;0.296943;0.953424;0.000000;57.10
 88; 24;0.296943;0.953424;0.000000;57.10
 88; 32;0.296943;0.953424;0.000000;57.10
 88; 40;0.296943;0.953424;0.000000;57.10
 88; 48;0.296943;0.953424;0.000000;57.10
 88; 56;0.296943;0.953424;0.000000;57.10
 88; 64;0.296943;0.953424;0.000000;57.10
 88; 72;0.296943;0.953424;0.000000;57.10
 88; 80;0.296943;0.953424;0.000000;57.10
 88; 88;0.296943;0.953424;0.000000;57.10
 88; 96;0.296943;0.000000;0.953424;56.98
 88;104;0.296943;0.000000;0.953424;56.98
 88;112;0.296943;0.000000;0.953424;56.98
 88;120;0.296943;0.000000;0.953424;56.98
 88;128;0.296943;0.000000;0.953424;56.98
 88;296;0.296943;0.953424;0.000000;57.10
 88;304;0.296943;0.953424;0.000000;57.10
 88;312;0.296943;0.953424;0.000000;57.10
 88;320;0.296943;0.953424;0.000000;57.10
 88;328;0.296943;0.953424;0.000000;57.10
 88;336;0.296943;0.953424;0.000000;57.10
 88;344;0.296943;0.953424;0.000000;57.10
 88;352;0.296943;0.953424;0.000000;57.10
 88;360;0.296943;0.953424;0.000000;57.10
 88;368;0.296943;0.953424;0.000000;57.10
 88;376;0.296943;0.953424;0.000000;57.10
 88;384;0.296943;0.953424;0.000000;57.10
 88;392;0.296943;0.953424;0.000000;57.10
 88;400;0.296943;0.953424;0.000000;57.10
 96;  0;0.296943;0.953424;0.000000;57.10
 96;  8;0.296943;0.953424;0.000000;57.10
 96; 16;0.296943;0.953424;0.000000;57.10
 96; 24;0.296943;0.953424;0.000000;57.10
 96; 32;0.296943;0.953424;0.000000;57.10
 96; 40;0.296943;0.953424;0.000000;57.10
 96; 48;0.296943;0.953424;0.000000;57.10
 96; 56;0.296943;0.953424;0.000000;57.10
 96; 64;0.296943;0.953424;0.000000;57.10
 96; 72;0.296943;0.953424;0.000000;57.10
 96; 80;0.296943;0.953424;0.000000;57.10
 96; 88;0.296943;0.953424;0.000000;57.10
 96; 96;0.296943;0.953424;0.000000;57.10
 96;104;0.296943;0.000000;0.953424;56.98
 96;112;0.296943;0.000000;0.953424;56.98
 96;120;0.296943;0.000000;0.953424;56.98
 96;128;0.296943;0.000000;0.953424;56.98
 96;296;0.296943;0.953424;0.000000;57.10
 96;304;0.296943;0.953424;0.000000;57.10
 96;312;0.296943;0.953424;0.000000;57.10
 96;320;0.296943;0.953424;0.000000;57.10
 96;328;0.296943;0.953424;0.000000;57.10
 96;336;0.296943;0.953424;0.000000;57.10
 96;344;0.296943;0.953424;0.000000;57.10
 96;352;0.296943;0.953424;0.000000;57.10
 96;360;0.296943;0.953424;0.000000;57.10
 96;368;0.296943;0.953424;0.000000;57.10
 96;376;0.296943;0.953424;0.000000;57.10
 96;384;0.296943;0.953424;0.000000;57.10
 96;392;0.296943;0.953424;0.000000;57.10
 96;400;0.296943;0.953424;0.000000;57.10
104;  0;0.296943;0.953424;0.000000;57.10
104;  8;0.296943;0.953424;0.000000;57.10
104; 16;0.296943;0.953424;0.000000;57.10
104; 24;0.296943;0.953424;0.000000;57.10
104; 32;0.296943;0.953424;0.000000;57.10
104; 40;0.296943;0.953424;0.000000;57.10
104; 48;0.296943;0.953424;0.000000;57.10
104; 56;0.296943;0.953424;0.000000;57.10
104; 64;0.296943;0.953424;0.000000;57.10
104; 72;0.296943;0.953424;0.000000;57.10
104; 80;0.296943;0.953424;0.000000;57.10
104; 88;0.296943;0.953424;0.000000;57.10
104; 96;0.296943;0.953424;0.000000;57.10
104;104;0.296943;0.953424;0.000000;57.10
104;112;0.296943;0.000000;0.953424;56.98
104;120;0.296943;0.000000;0.953424;56.98
104;128;0.296943;0.000000;0.953424;56.98
104;296;0.296943;0.953424;0.000000;57.10
104;304;0.296943;0.953424;0.000000;57.10
104;312;0.296943;0.953424;0.000000;57.10
104;320;0.296943;0.953424;0.000000;57.10
104;328;0.296943;0.953424;0.000000;57.10
104;336;0.296943;0.953424;0.000000;57.10
104;344;0.296943;0.953424;0.000000;57.10
104;352;0.296943;0.953424;0.000000;57.10
104;360;0.296943;0.953424;0.000000;57.10
104;368;0.296943;0.953424;0.000000;57.10
104;376;0.296943;0.953424;0.000000;57.10
104;384;0.296943;0.953424;0.000000;57.10
104;392;0.296943;0.953424;0.000000;57.10
104;400;0.296943;0.953424;0.000000;57.10
112;  0;0.296943;0.953424;0.000000;57.10
112;  8;0.296943;0.953424;0.000000;57.10
112; 16;0.296943;0.953424;0.000000;57.10
112; 24;0.296943;0.953424;0.000000;57.10
112; 32;0.296943;0.953424;0.000000;57.10
112; 40;0.296943;0.953424;0.000000;57.10
112; 48;0.296943;0.953424;0.000000;57.10
112; 56;0.296943;0.953424;0.000000;57.10
112; 64;0.296943;0.953424;0.000000;57.10
112; 72;0.296943;0.953424;0.000000;57.10
112; 80;0.296943;0.953424;0.000000;57.10
112; 88;0.296943;0.953424;0.000000;57.10
112; 96;0.296943;0.953424;0.000000;57.10
112;104;0.296943;0.953424;0.000000;57.10
112;112;0.296943;0.953424;0.000000;57.10
112;120;0.296943;0.000000;0.953424;56.98
112;128;0.296943;0.000000;0.953424;56.98
112;296;0.296943;0.953424;0.000000;57.10
112;304;0.296943;0.953424;0.000000;57.10
112;312;0.296943;0.953424;0.000000;57.10
112;320;0.296943;0.953424;0.000000;57.10
112;328;0.296943;0.953424;0.000000;57.10
112;336;0.296943;0.953424;0.000000;57.10
112;344;0.296943;0.953424;0.000000;57.10
112;352;0.296943;0.953424;0.000000;57.10
112;360;0.296943;0.953424;0.000000;57.10
112;368;0.296943;0.953424;0.000000;57.10
112;376;0.296943;0.953424;0.000000;57.10
112;384;0.296943;0.953424;0.000000;57.10
112;392;0.296943;0.953424;0.000000;57.10
112;400;0.296943;0.953424;0.000000;57.10
120;  0;0.296943;0.953424;0.000000;57.10
120;  8;0.296943;0.953424;0.000000;57.10
120; 16;0.296943;0.953424;0.000000;57.10
120; 24;0.296943;0.953424;0.000000;57.10
120; 32;0.296943;0.953424;0.000000;57.10
120; 40;0.296943;0.953424;0.000000;57.10
120; 48;0.296943;0.953424;0.000000;57.10
120; 56;0.296943;0.953424;0.000000;57.10
120; 64;0.296943;0.953424;0.000000;57.10
120; 72;0.296943;0.953424;0.000000;57.10
120; 80;0.296943;0.953424;0.000000;57.10
120; 88;0.296943;0.953424;0.000000;57.10
120; 96;0.296943;0.953424;0.000000;57.10
120;104;0.296943;0.953424;0.000000;57.10
120;112;0.296943;0.953424;0.000000;57.10
120;120;0.296943;0.953424;0.000000;57.10
120;128;0.296943;0.000000;0.953424;56.98
120;296;0.296943;0.953424;0.000000;57.10
120;304;0.296943;0.953424;0.000000;57.10
120;312;0.296943;0.953424;0.000000;57.10
120;320;0.296943;0.953424;0.000000;57.10
120;328;0.296943;0.953424;0.000000;57.10
120;336;0.296943;0.953424;0.000000;57.10
120;344;0.296943;0.953424;0.000000;57.10
120;352;0.296943;0.953424;0.000000;57.10
120;360;0.296943;0.953424;0.000000;57.10
120;368;0.296943;0.953424;0.000000;57.10
120;376;0.296943;0.953424;0.000000;57.10
120;384;0.296943;0.953424;0.000000;57.10
120;392;0.296943;0.953424;0.000000;57.10
120;400;0.296943;0.953424;0.000000;57.10
128;  0;0.296943;0.953424;0.000000;57.10
128;  8;0.296943;0.953424;0.000000;57.10
128; 16;0.296943;0.953424;0.000000;57.10
128; 24;0.296943;0.953424;0.000000;57.10
128; 32;0.296943;0.953424;0.000000;57.10
128; 40;0.296943;0.953424;0.000000;57.10
128; 48;0.296943;0.953424;0.000000;57.10
128; 56;0.296943;0.953424;0.000000;57.10
128; 64;0.296943;0.953424;0.000000;57.10
128; 72;0.296943;0.953424;0.000000;57.10
128; 80;0.296943;0.953424;0.000000;57.10
128; 88;0.296943;0.953424;0.000000;57.10
128; 96;0.296943;0.953424;0.000000;57.10
128;104;0.296943;0.953424;0.000000;57.10
128;112;0.296943;0.953424;0.000000;57.10
128;120;0.296943;0.953424;0.000000;57.10
128;128;0.296943;0.953424;0.000000;57.10
128;296;0.296943;0.953424;0.000000;57.10
128;304;0.296943;0.953424;0.000000;57.10
128;312;0.296943;0.953424;0.000000;57.10
128;320;0.296943;0.953424;0.000000;57.10
128;328;0.296943;0.953424;0.000000;57.10
128;336;0.296943;0.953424;0.000000;57.10
128;344;0.296943;0.953424;0.000000;57.10
128;352;0.296943;0.953424;0.000000;57.10
128;360;0.296943;0.953424;0.000000;57.10
128;368;0.296943;0.953424;0.000000;57.10
128;376;0.296943;0.953424;0.000000;57.10
128;384;0.296943;0.953424;0.000000;57.10
128;392;0.296943;0.953424;0.000000;57.10
128;400;0.296943;0.953424;0.000000;57.10
136;  0;0.297087;0.953280;0.000000;57.09
136;  8;0.297087;0.953280;0.000000;57.09
136; 16;0.297087;0.953280;0.000000;57.09
136; 24;0.297087;0.953280;0.000000;57.09
136; 32;0.297087;0.953280;0.000000;57.09
136; 40;0.297087;0.953280;0.000000;57.09
136; 48;0.297087;0.953280;0.000000;57.09
136; 56;0.297087;0.953280;0.000000;57.09
136; 64;0.297087;0.953280;0.000000;57.09
136; 72;0.297087;0.953280;0.000000;57.09
136; 80;0.297087;0.953280;0.000000;57.09
136; 88;0.297087;0.953280;0.000000;57.09
136; 96;0.297087;0.953280;0.000000;57.09
136;104;0.297087;0.953280;0.000000;57.09
136;112;0.297087;0.953280;0.000000;57.09
136;120;0.297087;0.953280;0.000000;57.09
136;128;0.297087;0.953280;0.000000;57.09
136;136;0.297087;0.953280;0.000000;57.09
136;296;0.297087;0.953280;0.000000;57.09
136;304;0.297087;0.953280;0.000000;57.09
136;312;0.297087;0.953280;0.000000;57.09
136;320;0.297087;0.953280;0.000000;57.09
136;328;0.297087;0.953280;0.000000;57.09
136;336;0.297087;0.953280;0.000000;57.09
136;344;0.297087;0.953280;0.000000;57.09
136;352;0.297087;0.953280;0.000000;57.09
136;360;0.297087;0.953280;0.000000;57.09
136;368;0.297087;0.953280;0.000000;57.09
136;376;0.297087;0.953280;0.000000;57.09
136;384;0.297087;0.953280;0.000000;57.09
136;392;0.297087;0.953280;0.000000;57.09
136;400;0.297087;0.953280;0.000000;57.09
144;  0;0.297637;0.952730;0.000000;57.05
144;  8;0.297637;0.952730;0.000000;57.05
144; 16;0.297637;0.952730;0.000000;57.05
144; 24;0.297637;0.952730;0.000000;57.05
144; 32;0.297637;0.952730;0.000000;57.05
144; 40;0.297637;0.952730;0.000000;57.05
144; 48;0.297637;0.952730;0.000000;57.05
144; 56;0.297637;0.952730;0.000000;57.05
144; 64;0.297637;0.952730;0.000000;57.05
144; 72;0.297637;0.952730;0.000000;57.05
144; 80;0.297637;0.952730;0.000000;57.05
144; 88;0.297637;0.952730;0.000000;57.05
144; 96;0.297637;0.952730;0.000000;57.05
144;104;0.297637;0.952730;0.000000;57.05
144;112;0.297637;0.952730;0.000000;57.05
144;120;0.297637;0.952730;0.000000;57.05
144;128;0.297637;0.952730;0.000000;57.05
144;136;0.297637;0.952730;0.000000;57.05
144;144;0.297637;0.952730;0.000000;57.05
144;296;0.297637;0.952730;0.000000;57.05
144;304;0.297637;0.952730;0.000000;57.05
144;312;0.297637;0.952730;0.000000;57.05
144;320;0.297637;0.952730;0.000000;57.05
144;328;0.297637;0.952730;0.000000;57.05
144;336;0.297637;0.952730;0.000000;57.05
144;344;0.297637;0.952730;0.000000;57.05
144;352;0.297637;0.952730;0.000000;57.05
144;360;0.297637;0.952730;0.000000;57.05
144;368;0.297637;0.952730;0.000000;57.05
144;376;0.297637;0.952730;0.000000;57.05
144;384;0.297637;0.952730;0.000000;57.05
144;392;0.297637;0.952730;0.000000;57.05
144;400;0.297637;0.952730;0.000000;57.05
152;  0;0.297862;0.952505;0.000000;57.03
152;  8;0.297862;0.952505;0.000000;57.03
152; 16;0.297862;0.952505;0.000000;57.03
152; 24;0.297862;0.952505;0.000000;57.03
152; 32;0.297862;0.952505;0.000000;57.03
152; 40;0.297862;0.952505;0.000000;57.03
152; 48;0.297862;0.952505;0.000000;57.03
152; 56;0.297862;0.952505;0.000000;57.03
152; 64;0.297862;0.952505;0.000000;57.03
152; 72;0.297862;0.952505;0.000000;57.03
152; 80;0.297862;0.952505;0.000000;57.03
152; 88;0.297862;0.952505;0.000000;57.03
152; 96;0.297862;0.952505;0.000000;57.03
152;104;0.297862;0.952505;0.000000;57.03
152;112;0.297862;0.952505;0.000000;57.03
152;120;0.297862;0.952505;0.000000;57.03
152;128;0.297862;0.952505;0.000000;57.03
152;136;0.297862;0.952505;0.000000;57.03
152;144;0.297862;0.952505;0.000000;57.03
152;152;0.297862;0.952505;0.000000;57.03
152;296;0.297862;0.952505;0.000000;57.03
152;304;0.297862;0.952505;0.000000;57.03
152;312;0.297862;0.952505;0.000000;57.03
152;320;0.297862;0.952505;0.000000;57.03
152;328;0.297862;0.952505;0.000000;57.03
152;336;0.297862;0.952505;0.000000;57.03
152;344;0.297862;0.952505;0.000000;57.03
152;352;0.297862;0.952505;0.000000;57.03
152;360;0.297862;0.952505;0.000000;57.03
152;368;0.297862;0.952505;0.000000;57.03
152;376;0.297862;0.952505;0.000000;57.03
152;384;0.297862;0.952505;0.000000;57.03
152;392;0.297862;0.952505;0.000000;57.03
152;400;0.297862;0.952505;0.000000;57.03
160;  0;0.299126;0.951241;0.000000;56.94
160;  8;0.299126;0.951241;0.000000;56.94
160; 16;0.299126;0.951241;0.000000;56.94
160; 24;0.299126;0.951241;0.000000;56.94
160; 32;0.299126;0.951241;0.000000;56.94
160; 40;0.299126;0.951241;0.000000;56.94
160; 48;0.299126;0.951241;0.000000;56.94
160; 56;0.299126;0.951241;0.000000;56.94
160; 64;0.299126;0.951241;0.000000;56.94
160; 72;0.299126;0.951241;0.000000;56.94
160; 80;0.299126;0.951241;0.000000;56.94
160; 88;0.299126;0.951241;0.000000;56.94
160; 96;0.299126;0.951241;0.000000;56.94
160;104;0.299126;0.951241;0.000000;56.94
160;112;0.299126;0.951241;0.000000;56.94
160;120;0.299126;0.951241;0.000000;56.94
160;128;0.299126;0.951241;0.000000;56.94
160;136;0.299126;0.951241;0.000000;56.94
160;144;0.299126;0.951241;0.000000;56.94
160;152;0.299126;0.951241;0.000000;56.94
160;160;0.299126;0.951241;0.000000;56.94
160;296;0.299126;0.951241;0.000000;56.94
160;304;0.299126;0.951241;0.000000;56.94
160;312;0.299126;0.951241;0.000000;56.94
160;320;0.299126;0.951241;0.000000;56.94
160;328;0.299126;0.951241;0.000000;56.94
160;336;0.299126;0.951241;0.000000;56.94
160;344;0.299126;0.951241;0.000000;56.94
160;352;0.299126;0.951241;0.000000;56.94
160;360;0.299126;0.951241;0.000000;56.94
160;368;0.299126;0.951241;0.000000;56.94
160;376;0.299126;0.951241;0.000000;56.94
160;384;0.299126;0.951241;0.000000;56.94
160;392;0.299126;0.951241;0.000000;56.94
160;400;0.299126;0.951241;0.000000;56.94
168;  0;0.307426;0.942941;0.000000;56.38
168;  8;0.307426;0.942941;0.000000;56.38
168; 16;0.307426;0.942941;0.000000;56.38
168; 24;0.307426;0.942941;0.000000;56.38
168; 32;0.307426;0.942941;0.000000;56.38
168; 40;0.307426;0.942941;0.000000;56.38
168; 48;0.307426;0.942941;0.000000;56.38
168; 56;0.307426;0.942941;0.000000;56.38
168; 64;0.307426;0.942941;0.000000;56.38
168; 72;0.307426;0.942941;0.000000;56.38
168; 80;0.307426;0.942941;0.000000;56.38
168; 88;0.307426;0.942941;0.000000;56.38
168; 96;0.307426;0.942941;0.000000;56.38
168;104;0.307426;0.942941;0.000000;56.38
168;112;0.307426;0.942941;0.000000;56.38
168;120;0.307426;0.942941;0.000000;56.38
168;128;0.307426;0.942941;0.000000;56.38
168;136;0.307426;0.942941;0.000000;56.38
168;144;0.307426;0.942941;0.000000;56.38
168;152;0.307426;0.942941;0.000000;56.38
168;160;0.307426;0.942941;0.000000;56.38
168;168;0.307426;0.942941;0.000000;56.38
168;296;0.307426;0.942941;0.000000;56.38
168;304;0.307426;0.942941;0.000000;56.38
168;312;0.307426;0.942941;0.000000;56.38
168;320;0.307426;0.942941;0.000000;56.38
168;328;0.307426;0.942941;0.000000;56.38
168;336;0.307426;0.942941;0.000000;56.38
168;344;0.307426;0.942941;0.000000;56.38
168;352;0.307426;0.942941;0.000000;56.38
168;360;0.307426;0.942941;0.000000;56.38
168;368;0.307426;0.942941;0.000000;56.38
168;376;0.307426;0.942941;0.000000;56.38
168;384;0.307426;0.942941;0.000000;56.38
168;392;0.307426;0.942941;0.000000;56.38
168;400;0.307426;0.942941;0.000000;56.38
176;  0;0.323469;0.926898;0.000000;55.27
176;  8;0.323469;0.926898;0.000000;55.27
176; 16;0.323469;0.926898;0.000000;55.27
176; 24;0.323469;0.926898;0.000000;55.27
176; 32;0.323469;0.926898;0.000000;55.27
176; 40;0.323469;0.926898;0.000000;55.27
176; 48;0.323469;0.926898;0.000000;55.27
176; 56;0.323469;0.926898;0.000000;55.27
176; 64;0.323469;0.926898;0.000000;55.27
176; 72;0.323469;0.926898;0.000000;55.27
176; 80;0.323469;0.926898;0.000000;55.27
176; 88;0.323469;0.926898;0.000000;55.27
176; 96;0.323469;0.926898;0.000000;55.27
176;104;0.323469;0.926898;0.000000;55.27
176;112;0.323469;0.926898;0.000000;55.27
176;120;0.323469;0.926898;0.000000;55.27
176;128;0.323469;0.926898;0.000000;55.27
176;136;0.323469;0.926898;0.000000;55.27
176;144;0.323469;0.926898;0.000000;55.27
176;152;0.323469;0.926898;0.000000;55.27
176;160;0.323469;0.926898;0.000000;55.27
176;168;0.323469;0.926898;0.000000;55.27
176;176;0.323469;0.926898;0.000000;55.27
176;296;0.323469;0.926898;0.000000;55.27
176;304;0.323469;0.926898;0.000000;55.27
176;312;0.323469;0.926898;0.000000;55.27
176;320;0.323469;0.926898;0.000000;55.27
176;328;0.323469;0.926898;0.000000;55.27
176;336;0.323469;0.926898;0.000000;55.27
176;344;0.323469;0.926898;0.000000;55.27
176;352;0.323469;0.926898;0.000000;55.27
176;360;0.323469;0.926898;0.000000;55.27
176;368;0.323469;0.926898;0.000000;55.27
176;376;0.323469;0.926898;0.000000;55.27
176;384;0.323469;0.926898;0.000000;55.27
176;392;0.323469;0.926898;0.000000;55.27
176;400;0.323469;0.926898;0.000000;55.27
184;  0;0.357233;0.893134;0.000000;52.99
184;  8;0.357233;0.893134;0.000000;52.99
184; 16;0.357233;0.893134;0.000000;52.99
184; 24;0.357233;0.893134;0.000000;52.99
184; 32;0.357233;0.893134;0.000000;52.99
184; 40;0.357233;0.893134;0.000000;52.99
184; 48;0.357233;0.893134;0.000000;52.99
184; 56;0.357233;0.893134;0.000000;52.99
184; 64;0.357233;0.893134;0.000000;52.99
184; 72;0.357233;0.893134;0.000000;52.99
184; 80;0.357233;0.893134;0.000000;52.99
184; 88;0.357233;0.893134;0.000000;52.99
184; 96;0.357233;0.893134;0.000000;52.99
184;104;0.357233;0.893134;0.000000;52.99
184;112;0.357233;0.893134;0.000000;52.99
184;120;0.357233;0.893134;0.000000;52.99
184;128;0.357233;0.893134;0.000000;52.99
184;136;0.357233;0.893134;0.000000;52.99
184;144;0.357233;0.893134;0.000000;52.99
184;152;0.357233;0.893134;0.000000;52.99
184;160;0.357233;0.893134;0.000000;52.99
184;168;0.357233;0.893134;0.000000;52.99
184;176;0.357233;0.893134;0.000000;52.99
184;184;0.357233;0.893134;0.000000;52.99
184;296;0.357233;0.893134;0.000000;52.99
184;304;0.357233;0.893134;0.000000;52.99
184;312;0.357233;0.893134;0.000000;52.99
184;320;0.357233;0.893134;0.000000;52.99
184;328;0.357233;0.893134;0.000000;52.99
184;336;0.357233;0.893134;0.000000;52.99
184;344;0.357233;0.893134;0.000000;52.99
184;352;0.357233;0.893134;0.000000;52.99
184;360;0.357233;0.893134;0.000000;52.99
184;368;0.357233;0.893134;0.000000;52.99
184;376;0.357233;0.893134;0.000000;52.99
184;384;0.357233;0.893134;0.000000;52.99
184;392;0.357233;0.893134;0.000000;52.99
184;400;0.357233;0.893134;0.000000;52.99
192;  0;0.443182;0.807185;0.000000;47.11
192;  8;0.443182;0.807185;0.000000;47.11
192; 16;0.443182;0.807185;0.000000;47.11
192; 24;0.443182;0.807185;0.000000;47.11
192; 32;0.443182;0.807185;0.000000;47.11
192; 40;0.443182;0.807185;0.000000;47.11
192; 48;0.443182;0.807185;0.000000;47.11
192; 56;0.443182;0.807185;0.000000;47.11
192; 64;0.443182;0.807185;0.000000;47.11
192; 72;0.443182;0.807185;0.000000;47.11
192; 80;0.443182;0.807185;0.000000;47.11
192; 88;0.443182;0.807185;0.000000;47.11
192; 96;0.443182;0.807185;0.000000;47.11
192;104;0.443182;0.807185;0.000000;47.11
192;112;0.443182;0.807185;0.000000;47.11
192;120;0.443182;0.807185;0.000000;47.11
192;128;0.443182;0.807185;0.000000;47.11
192;136;0.443182;0.807185;0.000000;47.11
192;144;0.443182;0.807185;0.000000;47.11
192;152;0.443182;0.807185;0.000000;47.11
192;160;0.443182;0.807185;0.000000;47.11
192;168;0.443182;0.807185;0.000000;47.11
192;176;0.443182;0.807185;0.000000;47.11
192;184;0.443182;0.807185;0.000000;47.11
192;192;0.443182;0.807185;0.000000;47.11
192;272;0.443182;0.806240;0.000945;47.10
192;296;0.443182;0.807185;0.000000;47.11
192;304;0.443182;0.807185;0.000000;47.11
192;312;0.443182;0.807185;0.000000;47.11
192;320;0.443182;0.807185;0.000000;47.11
192;328;0.443182;0.807185;0.000000;47.11
192;336;0.443182;0.807185;0.000000;47.11
192;344;0.443182;0.807185;0.000000;47.11
192;352;0.443182;0.807185;0.000000;47.11
192;360;0.443182;0.807185;0.000000;47.11
192;368;0.443182;0.807185;0.000000;47.11
192;376;0.443182;0.807185;0.000000;47.11
192;384;0.443182;0.807185;0.000000;47.11
192;392;0.443182;0.807185;0.000000;47.11
192;400;0.443182;0.807185;0.000000;47.11
200;  0;0.571869;0.678498;0.000000;38.59
200;  8;0.571869;0.678498;0.000000;38.59
200; 16;0.571869;0.678498;0.000000;38.59
200; 24;0.571869;0.678498;0.000000;38.59
200; 32;0.571869;0.678498;0.000000;38.59
200; 40;0.571869;0.678498;0.000000;38.59
200; 48;0.571869;0.678498;0.000000;38.59
200; 56;0.571869;0.678498;0.000000;38.59
200; 64;0.571869;0.678498;0.000000;38.59
200; 72;0.571869;0.678498;0.000000;38.59
200; 80;0.571869;0.678498;0.000000;38.59
200; 88;0.571869;0.678498;0.000000;38.59
200; 96;0.571869;0.678498;0.000000;38.59
200;104;0.571869;0.678498;0.000000;38.59
200;112;0.571869;0.678498;0.000000;38.59
200;120;0.571869;0.678498;0.000000;38.59
200;128;0.571869;0.678498;0.000000;38.59
200;136;0.571869;0.678498;0.000000;38.59
200;144;0.571869;0.678498;0.000000;38.59
200;152;0.571869;0.678498;0.000000;38.59
200;160;0.571869;0.678498;0.000000;38.59
200;168;0.571869;0.678498;0.000000;38.59
200;176;0.571869;0.678498;0.000000;38.59
200;184;0.571869;0.678498;0.000000;38.59
200;192;0.571869;0.678498;0.000000;38.59
200;200;0.571869;0.678498;0.000000;38.59
200;272;0.571869;0.677553;0.000945;38.58
200;296;0.571869;0.678498;0.000000;38.59
200;304;0.571869;0.678498;0.000000;38.59
200;312;0.571869;0.678498;0.000000;38.59
200;320;0.571869;0.678498;0.000000;38.59
200;328;0.571869;0.678498;0.000000;38.59
200;336;0.571869;0.678498;0.000000;38.59
200;344;0.571869;0.678498;0.000000;38.59
200;352;0.571869;0.678498;0.000000;38.59
200;360;0.571869;0.678498;0.000000;38.59
200;368;0.571869;0.678498;0.000000;38.59
200;376;0.571869;0.678498;0.000000;38.59
200;384;0.571869;0.678498;0.000000;38.59
200;392;0.571869;0.678498;0.000000;38.59
200;400;0.571869;0.678498;0.000000;38.59
208;  0;0.723472;0.526895;0.000000;29.03
208;  8;0.723472;0.526895;0.000000;29.03
208; 16;0.723472;0.526895;0.000000;29.03
208; 24;0.723472;0.526895;0.000000;29.03
208; 32;0.723472;0.526895;0.000000;29.03
208; 40;0.723472;0.526895;0.000000;29.03
208; 48;0.723472;0.526895;0.000000;29.03
208; 56;0.723472;0.526895;0.000000;29.03
208; 64;0.723472;0.526895;0.000000;29.03
208; 72;0.723472;0.526895;0.000000;29.03
208; 80;0.723472;0.526895;0.000000;29.03
208; 88;0.723472;0.526895;0.000000;29.03
208; 96;0.723472;0.526895;0.000000;29.03
208;104;0.723472;0.526895;0.000000;29.03
208;112;0.723472;0.526895;0.000000;29.03
208;120;0.723472;0.526895;0.000000;29.03
208;128;0.723472;0.526895;0.000000;29.03
208;136;0.723472;0.526895;0.000000;29.03
208;144;0.723472;0.526895;0.000000;29.03
208;152;0.723472;0.526895;0.000000;29.03
208;160;0.723472;0.526895;0.000000;29.03
208;168;0.723472;0.526895;0.000000;29.03
208;176;0.723472;0.526895;0.000000;29.03
208;184;0.723472;0.526895;0.000000;29.03
208;192;0.723472;0.526895;0.000000;29.03
208;200;0.723472;0.526895;0.000000;29.03
208;208;0.723472;0.526895;0.000000;29.03
208;272;0.723472;0.525950;0.000945;29.02
208;296;0.723472;0.526895;0.000000;29.03
208;304;0.723472;0.526895;0.000000;29.03
208;312;0.723472;0.526895;0.000000;29.03
208;320;0.723472;0.526895;0.000000;29.03
208;328;0.723472;0.526895;0.000000;29.03
208;336;0.723472;0.526895;0.000000;29.03
208;344;0.723472;0.526895;0.000000;29.03
208;352;0.723472;0.526895;0.000000;29.03
208;360;0.723472;0.526895;0.000000;29.03
208;368;0.723472;0.526895;0.000000;29.03
208;376;0.723472;0.526895;0.000000;29.03
208;384;0.723472;0.526895;0.000000;29.03
208;392;0.723472;0.526895;0.000000;29.03
208;400;0.723472;0.526895;0.000000;29.03
216;  0;0.899939;0.350428;0.000000;18.51
216;  8;0.899939;0.350428;0.000000;18.51
216; 16;0.899939;0.350428;0.000000;18.51
216; 24;0.899939;0.350428;0.000000;18.51
216; 32;0.899939;0.350428;0.000000;18.51
216; 40;0.899939;0.350428;0.000000;18.51
216; 48;0.899939;0.350428;0.000000;18.51
216; 56;0.899939;0.350428;0.000000;18.51
216; 64;0.899939;0.350428;0.000000;18.51
216; 72;0.899939;0.350428;0.000000;18.51
216; 80;0.899939;0.350428;0.000000;18.51
216; 88;0.899939;0.350428;0.000000;18.51
216; 96;0.899939;0.350428;0.000000;18.51
216;104;0.899939;0.350428;0.000000;18.51
216;112;0.899939;0.350428;0.000000;18.51
216;120;0.899939;0.350428;0.000000;18.51
216;128;0.899939;0.350428;0.000000;18.51
216;136;0.899939;0.350428;0.000000;18.51
216;144;0.899939;0.350428;0.000000;18.51
216;152;0.899939;0.350428;0.000000;18.51
216;160;0.899939;0.350428;0.000000;18.51
216;168;0.899939;0.350428;0.000000;18.51
216;176;0.899939;0.350428;0.000000;18.51
216;184;0.899939;0.350428;0.000000;18.51
216;192;0.899939;0.350428;0.000000;18.51
216;200;0.899939;0.350428;0.000000;18.51
216;208;0.899939;0.350428;0.000000;18.51
216;216;0.899939;0.350428;0.000000;18.51
216;272;0.899939;0.349483;0.000945;18.50
216;296;0.899939;0.350428;0.000000;18.51
216;304;0.899939;0.350428;0.000000;18.51
216;312;0.899939;0.350428;0.000000;18.51
216;320;0.899939;0.350428;0.000000;18.51
216;328;0.899939;0.350428;0.000000;18.51
216;336;0.899939;0.350428;0.000000;18.51
216;344;0.899939;0.350428;0.000000;18.51
216;352;0.899939;0.350428;0.000000;18.51
216;360;0.899939;0.350428;0.000000;18.51
216;368;0.899939;0.350428;0.000000;18.51
216;376;0.899939;0.350428;0.000000;18.51
216;384;0.899939;0.350428;0.000000;18.51
216;392;0.899939;0.350428;0.000000;18.51
216;400;0.899939;0.350428;0.000000;18.51
224;  0;1.039191;0.211176;0.000000;10.71
224;  8;1.039191;0.211176;0.000000;10.71
224; 16;1.039191;0.211176;0.000000;10.71
224; 24;1.039191;0.211176;0.000000;10.71
224; 32;1.039191;0.211176;0.000000;10.71
224; 40;1.039191;0.211176;0.000000;10.71
224; 48;1.039191;0.211176;0.000000;10.71
224; 56;1.039191;0.211176;0.000000;10.71
224; 64;1.039191;0.211176;0.000000;10.71
224; 72;1.039191;0.211176;0.000000;10.71
224; 80;1.039191;0.211176;0.000000;10.71
224; 88;1.039191;0.211176;0.000000;10.71
224; 96;1.039191;0.211176;0.000000;10.71
224;104;1.039191;0.211176;0.000000;10.71
224;112;1.039191;0.211176;0.000000;10.71
224;120;1.039191;0.211176;0.000000;10.71
224;128;1.039191;0.211176;0.000000;10.71
224;136;1.039191;0.211176;0.000000;10.71
224;144;1.039191;0.211176;0.000000;10.71
224;152;1.039191;0.211176;0.000000;10.71
224;160;1.039191;0.211176;0.000000;10.71
224;168;1.039191;0.211176;0.000000;10.71
224;176;1.039191;0.211176;0.000000;10.71
224;184;1.039191;0.211176;0.000000;10.71
224;192;1.039191;0.211176;0.000000;10.71
224;200;1.039191;0.211176;0.000000;10.71
224;208;1.039191;0.211176;0.000000;10.71
224;216;1.039191;0.211176;0.000000;10.71
224;224;1.039191;0.211176;0.000000;10.71
224;272;1.039191;0.210231;0.000945;10.70
224;296;1.039191;0.211176;0.000000;10.71
224;304;1.039191;0.211176;0.000000;10.71
224;312;1.039191;0.211176;0.000000;10.71
224;320;1.039191;0.211176;0.000000;10.71
224;328;1.039191;0.211176;0.000000;10.71
224;336;1.039191;0.211176;0.000000;10.71
224;344;1.039191;0.211176;0.000000;10.71
224;352;1.039191;0.211176;0.000000;10.71
224;360;1.039191;0.211176;0.000000;10.71
224;368;1.039191;0.211176;0.000000;10.71
224;376;1.039191;0.211176;0.000000;10.71
224;384;1.039191;0.211176;0.000000;10.71
224;392;1.039191;0.211176;0.000000;10.71
224;400;1.039191;0.211176;0.000000;10.71
232;  0;1.149026;0.101341;0.000000;4.98
232;  8;1.149026;0.101341;0.000000;4.98
232; 16;1.149026;0.101341;0.000000;4.98
232; 24;1.149026;0.101341;0.000000;4.98
232; 32;1.149026;0.101341;0.000000;4.98
232; 40;1.149026;0.101341;0.000000;4.98
232; 48;1.149026;0.101341;0.000000;4.98
232; 56;1.149026;0.101341;0.000000;4.98
232; 64;1.149026;0.101341;0.000000;4.98
232; 72;1.149026;0.101341;0.000000;4.98
232; 80;1.149026;0.101341;0.000000;4.98
232; 88;1.149026;0.101341;0.000000;4.98
232; 96;1.149026;0.101341;0.000000;4.98
232;104;1.149026;0.101341;0.000000;4.98
232;112;1.149026;0.101341;0.000000;4.98
232;120;1.149026;0.101341;0.000000;4.98
232;128;1.149026;0.101341;0.000000;4.98
232;136;1.149026;0.101341;0.000000;4.98
232;144;1.149026;0.101341;0.000000;4.98
232;152;1.149026;0.101341;0.000000;4.98
232;160;1.149026;0.101341;0.000000;4.98
232;168;1.149026;0.101341;0.000000;4.98
232;176;1.149026;0.101341;0.000000;4.98
232;184;1.149026;0.101341;0.000000;4.98
232;192;1.149026;0.101341;0.000000;4.98
232;200;1.149026;0.101341;0.000000;4.98
232;208;1.149026;0.101341;0.000000;4.98
232;216;1.149026;0.101341;0.000000;4.98
232;224;1.149026;0.101341;0.000000;4.98
232;232;1.149026;0.101341;0.000000;4.98
232;272;1.149026;0.100396;0.000945;4.97
232;296;1.149026;0.101341;0.000000;4.98
232;304;1.149026;0.101341;0.000000;4.98
232;312;1.149026;0.101341;0.000000;4.98
232;320;1.149026;0.101341;0.000000;4.98
232;328;1.149026;0.101341;0.000000;4.98
232;336;1.149026;0.101341;0.000000;4.98
232;344;1.149026;0.101341;0.000000;4.98
232;352;1.149026;0.101341;0.000000;4.98
232;360;1.149026;0.101341;0.000000;4.98
232;368;1.149026;0.101341;0.000000;4.98
232;376;1.149026;0.101341;0.000000;4.98
232;384;1.149026;0.101341;0.000000;4.98
232;392;1.149026;0.101341;0.000000;4.98
232;400;1.149026;0.101341;0.000000;4.98
240;  0;1.208482;0.041885;0.000000;2.05
240;  8;1.208482;0.041885;0.000000;2.05
240; 16;1.208482;0.041885;0.000000;2.05
240; 24;1.208482;0.041885;0.000000;2.05
240; 32;1.208482;0.041885;0.000000;2.05
240; 40;1.208482;0.041885;0.000000;2.05
240; 48;1.208482;0.041885;0.000000;2.05
240; 56;1.208482;0.041885;0.000000;2.05
240; 64;1.208482;0.041885;0.000000;2.05
240; 72;1.208482;0.041885;0.000000;2.05
240; 80;1.208482;0.041885;0.000000;2.05
240; 88;1.208482;0.041885;0.000000;2.05
240; 96;1.208482;0.041885;0.000000;2.05
240;104;1.208482;0.041885;0.000000;2.05
240;112;1.208482;0.041885;0.000000;2.05
240;120;1.208482;0.041885;0.000000;2.05
240;128;1.208482;0.041885;0.000000;2.05
240;136;1.208482;0.041885;0.000000;2.05
240;144;1.208482;0.041885;0.000000;2.05
240;152;1.208482;0.041885;0.000000;2.05
240;160;1.208482;0.041885;0.000000;2.05
240;168;1.208482;0.041885;0.000000;2.05
240;176;1.208482;0.041885;0.000000;2.05
240;184;1.208482;0.041885;0.000000;2.05
240;192;1.208482;0.041885;0.000000;2.05
240;200;1.208482;0.041885;0.000000;2.05
240;208;1.208482;0.041885;0.000000;2.05
240;216;1.208482;0.041885;0.000000;2.05
240;224;1.208482;0.041885;0.000000;2.05
240;232;1.208482;0.041885;0.000000;2.05
240;240;1.208482;0.041885;0.000000;2.05
240;264;1.208482;0.039572;0.002313;2.03
240;272;1.208482;0.040940;0.000945;2.04
240;296;1.208482;0.041885;0.000000;2.05
240;304;1.208482;0.041885;0.000000;2.05
240;312;1.208482;0.041885;0.000000;2.05
240;320;1.208482;0.041885;0.000000;2.05
240;328;1.208482;0.041885;0.000000;2.05
240;336;1.208482;0.041885;0.000000;2.05
240;344;1.208482;0.041885;0.000000;2.05
240;352;1.208482;0.041885;0.000000;2.05
240;360;1.208482;0.041885;0.000000;2.05
240;368;1.208482;0.041885;0.000000;2.05
240;376;1.208482;0.041885;0.000000;2.05
240;384;1.208482;0.041885;0.000000;2.05
240;392;1.208482;0.041885;0.000000;2.05
240;400;1.208482;0.041885;0.000000;2.05
248;  0;1.232822;0.017545;0.000000;0.86
248;  8;1.232822;0.017545;0.000000;0.86
248; 16;1.232822;0.017545;0.000000;0.86
248; 24;1.232822;0.017545;0.000000;0.86
248; 32;1.232822;0.017545;0.000000;0.86
248; 40;1.232822;0.017545;0.000000;0.86
248; 48;1.232822;0.017545;0.000000;0.86
248; 56;1.232822;0.017545;0.000000;0.86
248; 64;1.232822;0.017545;0.000000;0.86
248; 72;1.232822;0.017545;0.000000;0.86
248; 80;1.232822;0.017545;0.000000;0.86
248; 88;1.232822;0.017545;0.000000;0.86
248; 96;1.232822;0.017545;0.000000;0.86
248;104;1.232822;0.017545;0.000000;0.86
248;112;1.232822;0.017545;0.000000;0.86
248;120;1.232822;0.017545;0.000000;0.86
248;128;1.232822;0.017545;0.000000;0.86
248;136;1.232822;0.017545;0.000000;0.86
248;144;1.232822;0.017545;0.000000;0.86
248;152;1.232822;0.017545;0.000000;0.86
248;160;1.232822;0.017545;0.000000;0.86
248;168;1.232822;0.017545;0.000000;0.86
248;176;1.232822;0.017545;0.000000;0.86
248;184;1.232822;0.017545;0.000000;0.86
248;192;1.232822;0.017545;0.000000;0.86
248;200;1.232822;0.017545;0.000000;0.86
248;208;1.232822;0.017545;0.000000;0.86
248;216;1.232822;0.017545;0.000000;0.86
248;224;1.232822;0.017545;0.000000;0.86
248;232;1.232822;0.017545;0.000000;0.86
248;240;1.232822;0.017545;0.000000;0.86
248;248;1.232822;0.017545;0.000000;0.86
248;256;1.232822;0.011577;0.005968;0.80
248;264;1.232822;0.015232;0.002313;0.84
248;272;1.232822;0.016600;0.000945;0.85
248;296;1.232822;0.017545;0.000000;0.86
248;304;1.232822;0.017545;0.000000;0.86
248;312;1.232822;0.017545;0.000000;0.86
248;320;1.232822;0.017545;0.000000;0.86
248;328;1.232822;0.017545;0.000000;0.86
248;336;1.232822;0.017545;0.000000;0.86
248;344;1.232822;0.017545;0.000000;0.86
248;352;1.232822;0.017545;0.000000;0.86
248;360;1.232822;0.017545;0.000000;0.86
248;368;1.232822;0.017545;0.000000;0.86
248;376;1.232822;0.017545;0.000000;0.86
248;384;1.232822;0.017545;0.000000;0.86
248;392;1.232822;0.017545;0.000000;0.86
248;400;1.232822;0.017545;0.000000;0.86
256;  0;1.244399;0.005968;0.000000;0.30
256;  8;1.244399;0.005968;0.000000;0.30
256; 16;1.244399;0.005968;0.000000;0.30
256; 24;1.244399;0.005968;0.000000;0.30
256; 32;1.244399;0.005968;0.000000;0.30
256; 40;1.244399;0.005968;0.000000;0.30
256; 48;1.244399;0.005968;0.000000;0.30
256; 56;1.244399;0.005968;0.000000;0.30
256; 64;1.244399;0.005968;0.000000;0.30
256; 72;1.244399;0.005968;0.000000;0.30
256; 80;1.244399;0.005968;0.000000;0.30
256; 88;1.244399;0.005968;0.000000;0.30
256; 96;1.244399;0.005968;0.000000;0.30
256;104;1.244399;0.005968;0.000000;0.30
256;112;1.244399;0.005968;0.000000;0.30
256;120;1.244399;0.005968;0.000000;0.30
256;128;1.244399;0.005968;0.000000;0.30
256;136;1.244399;0.005968;0.000000;0.30
256;144;1.244399;0.005968;0.000000;0.30
256;152;1.244399;0.005968;0.000000;0.30
256;160;1.244399;0.005968;0.000000;0.30
256;168;1.244399;0.005968;0.000000;0.30
256;176;1.244399;0.005968;0.000000;0.30
256;184;1.244399;0.005968;0.000000;0.30
256;192;1.244399;0.005968;0.000000;0.30
256;200;1.244399;0.005968;0.000000;0.30
256;208;1.244399;0.005968;0.000000;0.30
256;216;1.244399;0.005968;0.000000;0.30
256;224;1.244399;0.005968;0.000000;0.30
256;232;1.244399;0.005968;0.000000;0.30
256;240;1.244399;0.005968;0.000000;0.30
256;248;1.244399;0.005968;0.000000;0.30
256;256;1.244399;0.005968;0.000000;0.30
256;264;1.244399;0.003655;0.002313;0.28
256;272;1.244399;0.005023;0.000945;0.29
256;296;1.244399;0.005968;0.000000;0.30
256;304;1.244399;0.005968;0.000000;0.30
256;312;1.244399;0.005968;0.000000;0.30
256;320;1.244399;0.005968;0.000000;0.30
256;328;1.244399;0.005968;0.000000;0.30
256;336;1.244399;0.005968;0.000000;0.30
256;344;1.244399;0.005968;0.000000;0.30
256;352;1.244399;0.005968;0.000000;0.30
256;360;1.244399;0.005968;0.000000;0.30
256;368;1.244399;0.005968;0.000000;0.30
256;376;1.244399;0.005968;0.000000;0.30
256;384;1.244399;0.005968;0.000000;0.30
256;392;1.244399;0.005968;0.000000;0.30
256;400;1.244399;0.005968;0.000000;0.30
264;  0;1.248054;0.002313;0.000000;0.12
264;  8;1.248054;0.002313;0.000000;0.12
264; 16;1.248054;0.002313;0.000000;0.12
264; 24;1.248054;0.002313;0.000000;0.12
264; 32;1.248054;0.002313;0.000000;0.12
264; 40;1.248054;0.002313;0.000000;0.12
264; 48;1.248054;0.002313;0.000000;0.12
264; 56;1.248054;0.002313;0.000000;0.12
264; 64;1.248054;0.002313;0.000000;0.12
264; 72;1.248054;0.002313;0.000000;0.12
264; 80;1.248054;0.002313;0.000000;0.12
264; 88;1.248054;0.002313;0.000000;0.12
264; 96;1.248054;0.002313;0.000000;0.12
264;104;1.248054;0.002313;0.000000;0.12
264;112;1.248054;0.002313;0.000000;0.12
264;120;1.248054;0.002313;0.000000;0.12
264;128;1.248054;0.002313;0.000000;0.12
264;136;1.248054;0.002313;0.000000;0.12
264;144;1.248054;0.002313;0.000000;0.12
264;152;1.248054;0.002313;0.000000;0.12
264;160;1.248054;0.002313;0.000000;0.12
264;168;1.248054;0.002313;0.000000;0.12
264;176;1.248054;0.002313;0.000000;0.12
264;184;1.248054;0.002313;0.000000;0.12
264;192;1.248054;0.002313;0.000000;0.12
264;200;1.248054;0.002313;0.000000;0.12
264;208;1.248054;0.002313;0.000000;0.12
264;216;1.248054;0.002313;0.000000;0.12
264;224;1.248054;0.002313;0.000000;0.12
264;232;1.248054;0.002313;0.000000;0.12
264;240;1.248054;0.002313;0.000000;0.12
264;248;1.248054;0.002313;0.000000;0.12
264;256;1.248054;0.002313;0.000000;0.12
264;264;1.248054;0.002313;0.000000;0.12
264;272;1.248054;0.001368;0.000945;0.11
264;296;1.248054;0.002313;0.000000;0.12
264;304;1.248054;0.002313;0.000000;0.12
264;312;1.248054;0.002313;0.000000;0.12
264;320;1.248054;0.002313;0.000000;0.12
264;328;1.248054;0.002313;0.000000;0.12
264;336;1.248054;0.002313;0.000000;0.12
264;344;1.248054;0.002313;0.000000;0.12
264;352;1.248054;0.002313;0.000000;0.12
264;360;1.248054;0.002313;0.000000;0.12
264;368;1.248054;0.002313;0.000000;0.12
264;376;1.248054;0.002313;0.000000;0.12
264;384;1.248054;0.002313;0.000000;0.12
264;392;1.248054;0.002313;0.000000;0.12
264;400;1.248054;0.002313;0.000000;0.12
272;  0;1.249422;0.000945;0.000000;0.05
272;  8;1.249422;0.000945;0.000000;0.05
272; 16;1.249422;0.000945;0.000000;0.05
272; 24;1.249422;0.000945;0.000000;0.05
272; 32;1.249422;0.000945;0.000000;0.05
272; 40;1.249422;0.000945;0.000000;0.05
272; 48;1.249422;0.000945;0.000000;0.05
272; 56;1.249422;0.000945;0.000000;0.05
272; 64;1.249422;0.000945;0.000000;0.05
272; 72;1.249422;0.000945;0.000000;0.05
272; 80;1.249422;0.000945;0.000000;0.05
272; 88;1.249422;0.000945;0.000000;0.05
272; 96;1.249422;0.000945;0.000000;0.05
272;104;1.249422;0.000945;0.000000;0.05
272;112;1.249422;0.000945;0.000000;0.05
272;120;1.249422;0.000945;0.000000;0.05
272;128;1.249422;0.000945;0.000000;0.05
272;136;1.249422;0.000945;0.000000;0.05
272;144;1.249422;0.000945;0.000000;0.05
272;152;1.249422;0.000945;0.000000;0.05
272;160;1.249422;0.000945;0.000000;0.05
272;168;1.249422;0.000945;0.000000;0.05
272;176;1.249422;0.000945;0.000000;0.05
272;184;1.249422;0.000945;0.000000;0.05
272;192;1.249422;0.000945;0.000000;0.05
272;200;1.249422;0.000945;0.000000;0.05
272;208;1.249422;0.000945;0.000000;0.05
272;216;1.249422;0.000945;0.000000;0.05
272;224;1.249422;0.000945;0.000000;0.05
272;232;1.249422;0.000945;0.000000;0.05
272;240;1.249422;0.000945;0.000000;0.05
272;248;1.249422;0.000945;0.000000;0.05
272;256;1.249422;0.000945;0.000000;0.05
272;264;1.249422;0.000945;0.000000;0.05
272;272;1.249422;0.000945;0.000000;0.05
272;296;1.249422;0.000945;0.000000;0.05
272;304;1.249422;0.000945;0.000000;0.05
272;312;1.249422;0.000945;0.000000;0.05
272;320;1.249422;0.000945;0.000000;0.05
272;328;1.249422;0.000945;0.000000;0.05
272;336;1.249422;0.000945;0.000000;0.05
272;344;1.249422;0.000945;0.000000;0.05
272;352;1.249422;0.000945;0.000000;0.05
272;360;1.249422;0.000945;0.000000;0.05
272;368;1.249422;0.000945;0.000000;0.05
272;376;1.249422;0.000945;0.000000;0.05
272;384;1.249422;0.000945;0.000000;0.05
272;392;1.249422;0.000945;0.000000;0.05
272;400;1.249422;0.000945;0.000000;0.05
280;  0;1.249988;0.000379;0.000000;0.01
280;  8;1.249988;0.000379;0.000000;0.01
280; 16;1.249988;0.000379;0.000000;0.01
280; 24;1.249988;0.000379;0.000000;0.01
280; 32;1.249988;0.000379;0.000000;0.01
280; 40;1.249988;0.000379;0.000000;0.01
280; 48;1.249988;0.000379;0.000000;0.01
280; 56;1.249988;0.000379;0.000000;0.01
280; 64;1.249988;0.000379;0.000000;0.01
280; 72;1.249988;0.000379;0.000000;0.01
280; 80;1.249988;0.000379;0.000000;0.01
280; 88;1.249988;0.000379;0.000000;0.01
280; 96;1.249988;0.000379;0.000000;0.01
280;104;1.249988;0.000379;0.000000;0.01
280;112;1.249988;0.000379;0.000000;0.01
280;120;1.249988;0.000379;0.000000;0.01
280;128;1.249988;0.000379;0.000000;0.01
280;136;1.249988;0.000379;0.000000;0.01
280;144;1.249988;0.000379;0.000000;0.01
280;152;1.249988;0.000379;0.000000;0.01
280;160;1.249988;0.000379;0.000000;0.01
280;168;1.249988;0.000379;0.000000;0.01
280;176;1.249988;0.000379;0.000000;0.01
280;184;1.249988;0.000379;0.000000;0.01
280;192;1.249988;0.000379;0.000000;0.01
280;200;1.249988;0.000379;0.000000;0.01
280;208;1.249988;0.000379;0.000000;0.01
280;216;1.249988;0.000379;0.000000;0.01
280;224;1.249988;0.000379;0.000000;0.01
280;232;1.249988;0.000379;0.000000;0.01
280;240;1.249988;0.000379;0.000000;0.01
280;248;1.249988;0.000379;0.000000;0.01
280;256;1.249988;0.000379;0.000000;0.01
280;264;1.249988;0.000379;0.000000;0.01
280;272;1.249988;0.000379;0.000000;0.01
280;280;1.249988;0.000379;0.000000;0.01
280;288;1.249988;0.000142;0.000237;0.01
280;296;1.249988;0.000379;0.000000;0.01
280;304;1.249988;0.000379;0.000000;0.01
280;312;1.249988;0.000379;0.000000;0.01
280;320;1.249988;0.000379;0.000000;0.01
280;328;1.249988;0.000379;0.000000;0.01
280;336;1.249988;0.000379;0.000000;0.01
280;344;1.249988;0.000379;0.000000;0.01
280;352;1.249988;0.000379;0.000000;0.01
280;360;1.249988;0.000379;0.000000;0.01
280;368;1.249988;0.000379;0.000000;0.01
280;376;1.249988;0.000379;0.000000;0.01
280;384;1.249988;0.000379;0.000000;0.01
280;392;1.249988;0.000379;0.000000;0.01
280;400;1.249988;0.000379;0.000000;0.01
288;  0;1.250130;0.000237;0.000000;0.01
288;  8;1.250130;0.000237;0.000000;0.01
288; 16;1.250130;0.000237;0.000000;0.01
288; 24;1.250130;0.000237;0.000000;0.01
288; 32;1.250130;0.000237;0.000000;0.01
288; 40;1.250130;0.000237;0.000000;0.01
288; 48;1.250130;0.000237;0.000000;0.01
288; 56;1.250130;0.000237;0.000000;0.01
288; 64;1.250130;0.000237;0.000000;0.01
288; 72;1.250130;0.000237;0.000000;0.01
288; 80;1.250130;0.000237;0.000000;0.01
288; 88;1.250130;0.000237;0.000000;0.01
288; 96;1.250130;0.000237;0.000000;0.01
288;104;1.250130;0.000237;0.000000;0.01
288;112;1.250130;0.000237;0.000000;0.01
288;120;1.250130;0.000237;0.000000;0.01
288;128;1.250130;0.000237;0.000000;0.01
288;136;1.250130;0.000237;0.000000;0.01
288;144;1.250130;0.000237;0.000000;0.01
288;152;1.250130;0.000237;0.000000;0.01
288;160;1.250130;0.000237;0.000000;0.01
288;168;1.250130;0.000237;0.000000;0.01
288;176;1.250130;0.000237;0.000000;0.01
288;184;1.250130;0.000237;0.000000;0.01
288;192;1.250130;0.000237;0.000000;0.01
288;200;1.250130;0.000237;0.000000;0.01
288;208;1.250130;0.000237;0.000000;0.01
288;216;1.250130;0.000237;0.000000;0.01
288;224;1.250130;0.000237;0.000000;0.01
288;232;1.250130;0.000237;0.000000;0.01
288;240;1.250130;0.000237;0.000000;0.01
288;248;1.250130;0.000237;0.000000;0.01
288;256;1.250130;0.000237;0.000000;0.01
288;264;1.250130;0.000237;0.000000;0.01
288;272;1.250130;0.000237;0.000000;0.01
288;280;1.250130;0.000237;0.000000;0.01
288;288;1.250130;0.000237;0.000000;0.01
288;296;1.250130;0.000237;0.000000;0.01
288;304;1.250130;0.000237;0.000000;0.01
288;312;1.250130;0.000237;0.000000;0.01
288;320;1.250130;0.000237;0.000000;0.01
288;328;1.250130;0.000237;0.000000;0.01
288;336;1.250130;0.000237;0.000000;0.01
288;344;1.250130;0.000237;0.000000;0.01
288;352;1.250130;0.000237;0.000000;0.01
288;360;1.250130;0.000237;0.000000;0.01
288;368;1.250130;0.000237;0.000000;0.01
288;376;1.250130;0.000237;0.000000;0.01
288;384;1.250130;0.000237;0.000000;0.01
288;392;1.250130;0.000237;0.000000;0.01
288;400;1.250130;0.000237;0.000000;0.01
296;  0;1.250367;0.000000;0.000000;0.00
296;  8;1.250367;0.000000;0.000000;0.00
296; 16;1.250367;0.000000;0.000000;0.00
296; 24;1.250367;0.000000;0.000000;0.00
296; 32;1.250367;0.000000;0.000000;0.00
296; 40;1.250367;0.000000;0.000000;0.00
296; 48;1.250367;0.000000;0.000000;0.00
296; 56;1.250367;0.000000;0.000000;0.00
296; 64;1.250367;0.000000;0.000000;0.00
296; 72;1.250367;0.000000;0.000000;0.00
296; 80;1.250367;0.000000;0.000000;0.00
296; 88;1.250367;0.000000;0.000000;0.00
296; 96;1.250367;0.000000;0.000000;0.00
296;104;1.250367;0.000000;0.000000;0.00
296;112;1.250367;0.000000;0.000000;0.00
296;120;1.250367;0.000000;0.000000;0.00
296;128;1.250367;0.000000;0.000000;0.00
296;136;1.250367;0.000000;0.000000;0.00
296;144;1.250367;0.000000;0.000000;0.00
296;152;1.250367;0.000000;0.000000;0.00
296;160;1.250367;0.000000;0.000000;0.00
296;168;1.250367;0.000000;0.000000;0.00
296;176;1.250367;0.000000;0.000000;0.00
296;184;1.250367;0.000000;0.000000;0.00
296;192;1.250367;0.000000;0.000000;0.00
296;200;1.250367;0.000000;0.000000;0.00
296;208;1.250367;0.000000;0.000000;0.00
296;216;1.250367;0.000000;0.000000;0.00
296;224;1.250367;0.000000;0.000000;0.00
296;232;1.250367;0.000000;0.000000;0.00
296;240;1.250367;0.000000;0.000000;0.00
296;248;1.250367;0.000000;0.000000;0.00
296;256;1.250367;0.000000;0.000000;0.00
296;264;1.250367;0.000000;0.000000;0.00
296;272;1.250367;0.000000;0.000000;0.00
296;280;1.250367;0.000000;0.000000;0.00
296;288;1.250367;0.000000;0.000000;0.00
296;296;1.250367;0.000000;0.000000;0.00
296;304;1.250367;0.000000;0.000000;0.00
296;312;1.250367;0.000000;0.000000;0.00
296;320;1.250367;0.000000;0.000000;0.00
296;328;1.250367;0.000000;0.000000;0.00
296;336;1.250367;0.000000;0.000000;0.00
296;344;1.250367;0.000000;0.000000;0.00
296;352;1.250367;0.000000;0.000000;0.00
296;360;1.250367;0.000000;0.000000;0.00
296;368;1.250367;0.000000;0.000000;0.00
296;376;1.250367;0.000000;0.000000;0.00
296;384;1.250367;0.000000;0.000000;0.00
296;392;1.250367;0.000000;0.000000;0.00
296;400;1.250367;0.000000;0.000000;0.00
304;  0;1.250367;0.000000;0.000000;0.00
304;  8;1.250367;0.000000;0.000000;0.00
304; 16;1.250367;0.000000;0.000000;0.00
304; 24;1.250367;0.000000;0.000000;0.00
304; 32;1.250367;0.000000;0.000000;0.00
304; 40;1.250367;0.000000;0.000000;0.00
304; 48;1.250367;0.000000;0.000000;0.00
304; 56;1.250367;0.000000;0.000000;0.00
304; 64;1.250367;0.000000;0.000000;0.00
304; 72;1.250367;0.000000;0.000000;0.00
304; 80;1.250367;0.000000;0.000000;0.00
304; 88;1.250367;0.000000;0.000000;0.00
304; 96;1.250367;0.000000;0.000000;0.00
304;104;1.250367;0.000000;0.000000;0.00
304;112;1.250367;0.000000;0.000000;0.00
304;120;1.250367;0.000000;0.000000;0.00
304;128;1.250367;0.000000;0.000000;0.00
304;136;1.250367;0.000000;0.000000;0.00
304;144;1.250367;0.000000;0.000000;0.00
304;152;1.250367;0.000000;0.000000;0.00
304;160;1.250367;0.000000;0.000000;0.00
304;168;1.250367;0.000000;0.000000;0.00
304;176;1.250367;0.000000;0.000000;0.00
304;184;1.250367;0.000000;0.000000;0.00
304;192;1.250367;0.000000;0.000000;0.00
304;200;1.250367;0.000000;0.000000;0.00
304;208;1.250367;0.000000;0.000000;0.00
304;216;1.250367;0.000000;0.000000;0.00
304;224;1.250367;0.000000;0.000000;0.00
304;232;1.250367;0.000000;0.000000;0.00
304;240;1.250367;0.000000;0.000000;0.00
304;248;1.250367;0.000000;0.000000;0.00
304;256;1.250367;0.000000;0.000000;0.00
304;264;1.250367;0.000000;0.000000;0.00
304;272;1.250367;0.000000;0.000000;0.00
304;280;1.250367;0.000000;0.000000;0.00
304;288;1.250367;0.000000;0.000000;0.00
304;296;1.250367;0.000000;0.000000;0.00
304;304;1.250367;0.000000;0.000000;0.00
304;312;1.250367;0.000000;0.000000;0.00
304;320;1.250367;0.000000;0.000000;0.00
304;328;1.250367;0.000000;0.000000;0.00
304;336;1.250367;0.000000;0.000000;0.00
304;344;1.250367;0.000000;0.000000;0.00
304;352;1.250367;0.000000;0.000000;0.00
304;360;1.250367;0.000000;0.000000;0.00
304;368;1.250367;0.000000;0.000000;0.00
304;376;1.250367;0.000000;0.000000;0.00
304;384;1.250367;0.000000;0.000000;0.00
304;392;1.250367;0.000000;0.000000;0.00
304;400;1.250367;0.000000;0.000000;0.00
312;  0;1.250367;0.000000;0.000000;0.00
312;  8;1.250367;0.000000;0.000000;0.00
312; 16;1.250367;0.000000;0.000000;0.00
312; 24;1.250367;0.000000;0.000000;0.00
312; 32;1.250367;0.000000;0.000000;0.00
312; 40;1.250367;0.000000;0.000000;0.00
312; 48;1.250367;0.000000;0.000000;0.00
312; 56;1.250367;0.000000;0.000000;0.00
312; 64;1.250367;0.000000;0.000000;0.00
312; 72;1.250367;0.000000;0.000000;0.00
312; 80;1.250367;0.000000;0.000000;0.00
312; 88;1.250367;0.000000;0.000000;0.00
312; 96;1.250367;0.000000;0.000000;0.00
312;104;1.250367;0.000000;0.000000;0.00
312;112;1.250367;0.000000;0.000000;0.00
312;120;1.250367;0.000000;0.000000;0.00
312;128;1.250367;0.000000;0.000000;0.00
312;136;1.250367;0.000000;0.000000;0.00
312;144;1.250367;0.000000;0.000000;0.00
312;152;1.250367;0.000000;0.000000;0.00
312;160;1.250367;0.000000;0.000000;0.00
312;168;1.250367;0.000000;0.000000;0.00
312;176;1.250367;0.000000;0.000000;0.00
312;184;1.250367;0.000000;0.000000;0.00
312;192;1.250367;0.000000;0.000000;0.00
312;200;1.250367;0.000000;0.000000;0.00
312;208;1.250367;0.000000;0.000000;0.00
312;216;1.250367;0.000000;0.000000;0.00
312;224;1.250367;0.000000;0.000000;0.00
312;232;1.250367;0.000000;0.000000;0.00
312;240;1.250367;0.000000;0.000000;0.00
312;248;1.250367;0.000000;0.000000;0.00
312;256;1.250367;0.000000;0.000000;0.00
312;264;1.250367;0.000000;0.000000;0.00
312;272;1.250367;0.000000;0.000000;0.00
312;280;1.250367;0.000000;0.000000;0.00
312;288;1.250367;0.000000;0.000000;0.00
312;296;1.250367;0.000000;0.000000;0.00
312;304;1.250367;0.000000;0.000000;0.00
312;312;1.250367;0.000000;0.000000;0.00
312;320;1.250367;0.000000;0.000000;0.00
312;328;1.250367;0.000000;0.000000;0.00
312;336;1.250367;0.000000;0.000000;0.00
312;344;1.250367;0.000000;0.000000;0.00
312;352;1.250367;0.000000;0.000000;0.00
312;360;1.250367;0.000000;0.000000;0.00
312;368;1.250367;0.000000;0.000000;0.00
312;376;1.250367;0.000000;0.000000;0.00
312;384;1.250367;0.000000;0.000000;0.00
312;392;1.250367;0.000000;0.000000;0.00
312;400;1.250367;0.000000;0.000000;0.00
320;  0;1.250367;0.000000;0.000000;0.00
320;  8;1.250367;0.000000;0.000000;0.00
320; 16;1.250367;0.000000;0.000000;0.00
320; 24;1.250367;0.000000;0.000000;0.00
320; 32;1.250367;0.000000;0.000000;0.00
320; 40;1.250367;0.000000;0.000000;0.00
320; 48;1.250367;0.000000;0.000000;0.00
320; 56;1.250367;0.000000;0.000000;0.00
320; 64;1.250367;0.000000;0.000000;0.00
320; 72;1.250367;0.000000;0.000000;0.00
320; 80;1.250367;0.000000;0.000000;0.00
320; 88;1.250367;0.000000;0.000000;0.00
320; 96;1.250367;0.000000;0.000000;0.00
320;104;1.250367;0.000000;0.000000;0.00
320;112;1.250367;0.000000;0.000000;0.00
320;120;1.250367;0.000000;0.000000;0.00
320;128;1.250367;0.000000;0.000000;0.00
320;136;1.250367;0.000000;0.000000;0.00
320;144;1.250367;0.000000;0.000000;0.00
320;152;1.250367;0.000000;0.000000;0.00
320;160;1.250367;0.000000;0.000000;0.00
320;168;1.250367;0.000000;0.000000;0.00
320;176;1.250367;0.000000;0.000000;0.00
320;184;1.250367;0.000000;0.000000;0.00
320;192;1.250367;0.000000;0.000000;0.00
320;200;1.250367;0.000000;0.000000;0.00
320;208;1.250367;0.000000;0.000000;0.00
320;216;1.250367;0.000000;0.000000;0.00
320;224;1.250367;0.000000;0.000000;0.00
320;232;1.250367;0.000000;0.000000;0.00
320;240;1.250367;0.000000;0.000000;0.00
320;248;1.250367;0.000000;0.000000;0.00
320;256;1.250367;0.000000;0.000000;0.00
320;264;1.250367;0.000000;0.000000;0.00
320;272;1.250367;0.000000;0.000000;0.00
320;280;1.250367;0.000000;0.000000;0.00
320;288;1.250367;0.000000;0.000000;0.00
320;296;1.250367;0.000000;0.000000;0.00
320;304;1.250367;0.000000;0.000000;0.00
320;312;1.250367;0.000000;0.000000;0.00
320;320;1.250367;0.000000;0.000000;0.00
320;328;1.250367;0.000000;0.000000;0.00
320;336;1.250367;0.000000;0.000000;0.00
320;344;1.250367;0.000000;0.000000;0.00
320;352;1.250367;0.000000;0.000000;0.00
320;360;1.250367;0.000000;0.000000;0.00
320;368;1.250367;0.000000;0.000000;0.00
320;376;1.250367;0.000000;0.000000;0.00
320;384;1.250367;0.000000;0.000000;0.00
320;392;1.250367;0.000000;0.000000;0.00
320;400;1.250367;0.000000;0.000000;0.00
328;  0;1.250367;0.000000;0.000000;0.00
328;  8;1.250367;0.000000;0.000000;0.00
328; 16;1.250367;0.000000;0.000000;0.00
328; 24;1.250367;0.000000;0.000000;0.00
328; 32;1.250367;0.000000;0.000000;0.00
328; 40;1.250367;0.000000;0.000000;0.00
328; 48;1.250367;0.000000;0.000000;0.00
328; 56;1.250367;0.000000;0.000000;0.00
328; 64;1.250367;0.000000;0.000000;0.00
328; 72;1.250367;0.000000;0.000000;0.00
328; 80;1.250367;0.000000;0.000000;0.00
328; 88;1.250367;0.000000;0.000000;0.00
328; 96;1.250367;0.000000;0.000000;0.00
328;104;1.250367;0.000000;0.000000;0.00
328;112;1.250367;0.000000;0.000000;0.00
328;120;1.250367;0.000000;0.000000;0.00
328;128;1.250367;0.000000;0.000000;0.00
328;136;1.250367;0.000000;0.000000;0.00
328;144;1.250367;0.000000;0.000000;0.00
328;152;1.250367;0.000000;0.000000;0.00
328;160;1.250367;0.000000;0.000000;0.00
328;168;1.250367;0.000000;0.000000;0.00
328;176;1.250367;0.000000;0.000000;0.00
328;184;1.250367;0.000000;0.000000;0.00
328;192;1.250367;0.000000;0.000000;0.00
328;200;1.250367;0.000000;0.000000;0.00
328;208;1.250367;0.000000;0.000000;0.00
328;216;1.250367;0.000000;0.000000;0.00
328;224;1.250367;0.000000;0.000000;0.00
328;232;1.250367;0.000000;0.000000;0.00
328;240;1.250367;0.000000;0.000000;0.00
328;248;1.250367;0.000000;0.000000;0.00
328;256;1.250367;0.000000;0.000000;0.00
328;264;1.250367;0.000000;0.000000;0.00
328;272;1.250367;0.000000;0.000000;0.00
328;280;1.250367;0.000000;0.000000;0.00
328;288;1.250367;0.000000;0.000000;0.00
328;296;1.250367;0.000000;0.000000;0.00
328;304;1.250367;0.000000;0.000000;0.00
328;312;1.250367;0.000000;0.000000;0.00
328;320;1.250367;0.000000;0.000000;0.00
328;328;1.250367;0.000000;0.000000;0.00
328;336;1.250367;0.000000;0.000000;0.00
328;344;1.250367;0.000000;0.000000;0.00
328;352;1.250367;0.000000;0.000000;0.00
328;360;1.250367;0.000000;0.000000;0.00
328;368;1.250367;0.000000;0.000000;0.00
328;376;1.250367;0.000000;0.000000;0.00
328;384;1.250367;0.000000;0.000000;0.00
328;392;1.250367;0.000000;0.000000;0.00
328;400;1.250367;0.000000;0.000000;0.00
336;  0;1.250367;0.000000;0.000000;0.00
336;  8;1.250367;0.000000;0.000000;0.00
336; 16;1.250367;0.000000;0.000000;0.00
336; 24;1.250367;0.000000;0.000000;0.00
336; 32;1.250367;0.000000;0.000000;0.00
336; 40;1.250367;0.000000;0.000000;0.00
336; 48;1.250367;0.000000;0.000000;0.00
336; 56;1.250367;0.000000;0.000000;0.00
336; 64;1.250367;0.000000;0.000000;0.00
336; 72;1.250367;0.000000;0.000000;0.00
336; 80;1.250367;0.000000;0.000000;0.00
336; 88;1.250367;0.000000;0.000000;0.00
336; 96;1.250367;0.000000;0.000000;0.00
336;104;1.250367;0.000000;0.000000;0.00
336;112;1.250367;0.000000;0.000000;0.00
336;120;1.250367;0.000000;0.000000;0.00
336;128;1.250367;0.000000;0.000000;0.00
336;136;1.250367;0.000000;0.000000;0.00
336;144;1.250367;0.000000;0.000000;0.00
336;152;1.250367;0.000000;0.000000;0.00
336;160;1.250367;0.000000;0.000000;0.00
336;168;1.250367;0.000000;0.000000;0.00
336;176;1.250367;0.000000;0.000000;0.00
336;184;1.250367;0.000000;0.000000;0.00
336;192;1.250367;0.000000;0.000000;0.00
336;200;1.250367;0.000000;0.000000;0.00
336;208;1.250367;0.000000;0.000000;0.00
336;216;1.250367;0.000000;0.000000;0.00
336;224;1.250367;0.000000;0.000000;0.00
336;232;1.250367;0.000000;0.000000;0.00
336;240;1.250367;0.000000;0.000000;0.00
336;248;1.250367;0.000000;0.000000;0.00
336;256;1.250367;0.000000;0.000000;0.00
336;264;1.250367;0.000000;0.000000;0.00
336;272;1.250367;0.000000;0.000000;0.00
336;280;1.250367;0.000000;0.000000;0.00
336;288;1.250367;0.000000;0.000000;0.00
336;296;1.250367;0.000000;0.000000;0.00
336;304;1.250367;0.000000;0.000000;0.00
336;312;1.250367;0.000000;0.000000;0.00
336;320;1.250367;0.000000;0.000000;0.00
336;328;1.250367;0.000000;0.000000;0.00
336;336;1.250367;0.000000;0.000000;0.00
336;344;1.250367;0.000000;0.000000;0.00
336;352;1.250367;0.000000;0.000000;0.00
336;360;1.250367;0.000000;0.000000;0.00
336;368;1.250367;0.000000;0.000000;0.00
336;376;1.250367;0.000000;0.000000;0.00
336;384;1.250367;0.000000;0.000000;0.00
336;392;1.250367;0.000000;0.000000;0.00
336;400;1.250367;0.000000;0.000000;0.00
344;  0;1.250367;0.000000;0.000000;0.00
344;  8;1.250367;0.000000;0.000000;0.00
344; 16;1.250367;0.000000;0.000000;0.00
344; 24;1.250367;0.000000;0.000000;0.00
344; 32;1.250367;0.000000;0.000000;0.00
344; 40;1.250367;0.000000;0.000000;0.00
344; 48;1.250367;0.000000;0.000000;0.00
344; 56;1.250367;0.000000;0.000000;0.00
344; 64;1.250367;0.000000;0.000000;0.00
344; 72;1.250367;0.000000;0.000000;0.00
344; 80;1.250367;0.000000;0.000000;0.00
344; 88;1.250367;0.000000;0.000000;0.00
344; 96;1.250367;0.000000;0.000000;0.00
344;104;1.250367;0.000000;0.000000;0.00
344;112;1.250367;0.000000;0.000000;0.00
344;120;1.250367;0.000000;0.000000;0.00
344;128;1.250367;0.000000;0.000000;0.00
344;136;1.250367;0.000000;0.000000;0.00
344;144;1.250367;0.000000;0.000000;0.00
344;152;1.250367;0.000000;0.000000;0.00
344;160;1.250367;0.000000;0.000000;0.00
344;168;1.250367;0.000000;0.000000;0.00
344;176;1.250367;0.000000;0.000000;0.00
344;184;1.250367;0.000000;0.000000;0.00
344;192;1.250367;0.000000;0.000000;0.00
344;200;1.250367;0.000000;0.000000;0.00
344;208;1.250367;0.000000;0.000000;0.00
344;216;1.250367;0.000000;0.000000;0.00
344;224;1.250367;0.000000;0.000000;0.00
344;232;1.250367;0.000000;0.000000;0.00
344;240;1.250367;0.000000;0.000000;0.00
344;248;1.250367;0.000000;0.000000;0.00
344;256;1.250367;0.000000;0.000000;0.00
344;264;1.250367;0.000000;0.000000;0.00
344;272;1.250367;0.000000;0.000000;0.00
344;280;1.250367;0.000000;0.000000;0.00
344;288;1.250367;0.000000;0.000000;0.00
344;296;1.250367;0.000000;0.000000;0.00
344;304;1.250367;0.000000;0.000000;0.00
344;312;1.250367;0.000000;0.000000;0.00
344;320;1.250367;0.000000;0.000000;0.00
344;328;1.250367;0.000000;0.000000;0.00
344;336;1.250367;0.000000;0.000000;0.00
344;344;1.250367;0.000000;0.000000;0.00
344;352;1.250367;0.000000;0.000000;0.00
344;360;1.250367;0.000000;0.000000;0.00
344;368;1.250367;0.000000;0.000000;0.00
344;376;1.250367;0.000000;0.000000;0.00
344;384;1.250367;0.000000;0.000000;0.00
344;392;1.250367;0.000000;0.000000;0.00
344;400;1.250367;0.000000;0.000000;0.00
352;  0;1.250367;0.000000;0.000000;0.00
352;  8;1.250367;0.000000;0.000000;0.00
352; 16;1.250367;0.000000;0.000000;0.00
352; 24;1.250367;0.000000;0.000000;0.00
352; 32;1.250367;0.000000;0.000000;0.00
352; 40;1.250367;0.000000;0.000000;0.00
352; 48;1.250367;0.000000;0.000000;0.00
352; 56;1.250367;0.000000;0.000000;0.00
352; 64;1.250367;0.000000;0.000000;0.00
352; 72;1.250367;0.000000;0.000000;0.00
352; 80;1.250367;0.000000;0.000000;0.00
352; 88;1.250367;0.000000;0.000000;0.00
352; 96;1.250367;0.000000;0.000000;0.00
352;104;1.250367;0.000000;0.000000;0.00
352;112;1.250367;0.000000;0.000000;0.00
352;120;1.250367;0.000000;0.000000;0.00
352;128;1.250367;0.000000;0.000000;0.00
352;136;1.250367;0.000000;0.000000;0.00
352;144;1.250367;0.000000;0.000000;0.00
352;152;1.250367;0.000000;0.000000;0.00
352;160;1.250367;0.000000;0.000000;0.00
352;168;1.250367;0.000000;0.000000;0.00
352;176;1.250367;0.000000;0.000000;0.00
352;184;1.250367;0.000000;0.000000;0.00
352;192;1.250367;0.000000;0.000000;0.00
352;200;1.250367;0.000000;0.000000;0.00
352;208;1.250367;0.000000;0.000000;0.00
352;216;1.250367;0.000000;0.000000;0.00
352;224;1.250367;0.000000;0.000000;0.00
352;232;1.250367;0.000000;0.000000;0.00
352;240;1.250367;0.000000;0.000000;0.00
352;248;1.250367;0.000000;0.000000;0.00
352;256;1.250367;0.000000;0.000000;0.00
352;264;1.250367;0.000000;0.000000;0.00
352;272;1.250367;0.000000;0.000000;0.00
352;280;1.250367;0.000000;0.000000;0.00
352;288;1.250367;0.000000;0.000000;0.00
352;296;1.250367;0.000000;0.000000;0.00
352;304;1.250367;0.000000;0.000000;0.00
352;312;1.250367;0.000000;0.000000;0.00
352;320;1.250367;0.000000;0.000000;0.00
352;328;1.250367;0.000000;0.000000;0.00
352;336;1.250367;0.000000;0.000000;0.00
352;344;1.250367;0.000000;0.000000;0.00
352;352;1.250367;0.000000;0.000000;0.00
352;360;1.250367;0.000000;0.000000;0.00
352;368;1.250367;0.000000;0.000000;0.00
352;376;1.250367;0.000000;0.000000;0.00
352;384;1.250367;0.000000;0.000000;0.00
352;392;1.250367;0.000000;0.000000;0.00
352;400;1.250367;0.000000;0.000000;0.00
360;  0;1.250367;0.000000;0.000000;0.00
360;  8;1.250367;0.000000;0.000000;0.00
360; 16;1.250367;0.000000;0.000000;0.00
360; 24;1.250367;0.000000;0.000000;0.00
360; 32;1.250367;0.000000;0.000000;0.00
360; 40;1.250367;0.000000;0.000000;0.00
360; 48;1.250367;0.000000;0.000000;0.00
360; 56;1.250367;0.000000;0.000000;0.00
360; 64;1.250367;0.000000;0.000000;0.00
360; 72;1.250367;0.000000;0.000000;0.00
360; 80;1.250367;0.000000;0.000000;0.00
360; 88;1.250367;0.000000;0.000000;0.00
360; 96;1.250367;0.000000;0.000000;0.00
360;104;1.250367;0.000000;0.000000;0.00
360;112;1.250367;0.000000;0.000000;0.00
360;120;1.250367;0.000000;0.000000;0.00
360;128;1.250367;0.000000;0.000000;0.00
360;136;1.250367;0.000000;0.000000;0.00
360;144;1.250367;0.000000;0.000000;0.00
360;152;1.250367;0.000000;0.000000;0.00
360;160;1.250367;0.000000;0.000000;0.00
360;168;1.250367;0.000000;0.000000;0.00
360;176;1.250367;0.000000;0.000000;0.00
360;184;1.250367;0.000000;0.000000;0.00
360;192;1.250367;0.000000;0.000000;0.00
360;200;1.250367;0.000000;0.000000;0.00
360;208;1.250367;0.000000;0.000000;0.00
360;216;1.250367;0.000000;0.000000;0.00
360;224;1.250367;0.000000;0.000000;0.00
360;232;1.250367;0.000000;0.000000;0.00
360;240;1.250367;0.000000;0.000000;0.00
360;248;1.250367;0.000000;0.000000;0.00
360;256;1.250367;0.000000;0.000000;0.00
360;264;1.250367;0.000000;0.000000;0.00
360;272;1.250367;0.000000;0.000000;0.00
360;280;1.250367;0.000000;0.000000;0.00
360;288;1.250367;0.000000;0.000000;0.00
360;296;1.250367;0.000000;0.000000;0.00
360;304;1.250367;0.000000;0.000000;0.00
360;312;1.250367;0.000000;0.000000;0.00
360;320;1.250367;0.000000;0.000000;0.00
360;328;1.250367;0.000000;0.000000;0.00
360;336;1.250367;0.000000;0.000000;0.00
360;344;1.250367;0.000000;0.000000;0.00
360;352;1.250367;0.000000;0.000000;0.00
360;360;1.250367;0.000000;0.000000;0.00
360;368;1.250367;0.000000;0.000000;0.00
360;376;1.250367;0.000000;0.000000;0.00
360;384;1.250367;0.000000;0.000000;0.00
360;392;1.250367;0.000000;0.000000;0.00
360;400;1.250367;0.000000;0.000000;0.00
368;  0;1.250367;0.000000;0.000000;0.00
368;  8;1.250367;0.000000;0.000000;0.00
368; 16;1.250367;0.000000;0.000000;0.00
368; 24;1.250367;0.000000;0.000000;0.00
368; 32;1.250367;0.000000;0.000000;0.00
368; 40;1.250367;0.000000;0.000000;0.00
368; 48;1.250367;0.000000;0.000000;0.00
368; 56;1.250367;0.000000;0.000000;0.00
368; 64;1.250367;0.000000;0.000000;0.00
368; 72;1.250367;0.000000;0.000000;0.00
368; 80;1.250367;0.000000;0.000000;0.00
368; 88;1.250367;0.000000;0.000000;0.00
368; 96;1.250367;0.000000;0.000000;0.00
368;104;1.250367;0.000000;0.000000;0.00
368;112;1.250367;0.000000;0.000000;0.00
368;120;1.250367;0.000000;0.000000;0.00
368;128;1.250367;0.000000;0.000000;0.00
368;136;1.250367;0.000000;0.000000;0.00
368;144;1.250367;0.000000;0.000000;0.00
368;152;1.250367;0.000000;0.000000;0.00
368;160;1.250367;0.000000;0.000000;0.00
368;168;1.250367;0.000000;0.000000;0.00
368;176;1.250367;0.000000;0.000000;0.00
368;184;1.250367;0.000000;0.000000;0.00
368;192;1.250367;0.000000;0.000000;0.00
368;200;1.250367;0.000000;0.000000;0.00
368;208;1.250367;0.000000;0.000000;0.00
368;216;1.250367;0.000000;0.000000;0.00
368;224;1.250367;0.000000;0.000000;0.00
368;232;1.250367;0.000000;0.000000;0.00
368;240;1.250367;0.000000;0.000000;0.00
368;248;1.250367;0.000000;0.000000;0.00
368;256;1.250367;0.000000;0.000000;0.00
368;264;1.250367;0.000000;0.000000;0.00
368;272;1.250367;0.000000;0.000000;0.00
368;280;1.250367;0.000000;0.000000;0.00
368;288;1.250367;0.000000;0.000000;0.00
368;296;1.250367;0.000000;0.000000;0.00
368;304;1.250367;0.000000;0.000000;0.00
368;312;1.250367;0.000000;0.000000;0.00
368;320;1.250367;0.000000;0.000000;0.00
368;328;1.250367;0.000000;0.000000;0.00
368;336;1.250367;0.000000;0.000000;0.00
368;344;1.250367;0.000000;0.000000;0.00
368;352;1.250367;0.000000;0.000000;0.00
368;360;1.250367;0.000000;0.000000;0.00
368;368;1.250367;0.000000;0.000000;0.00
368;376;1.250367;0.000000;0.000000;0.00
368;384;1.250367;0.000000;0.000000;0.00
368;392;1.250367;0.000000;0.000000;0.00
368;400;1.250367;0.000000;0.000000;0.00
376;  0;1.250367;0.000000;0.000000;0.00
376;  8;1.250367;0.000000;0.000000;0.00
376; 16;1.250367;0.000000;0.000000;0.00
376; 24;1.250367;0.000000;0.000000;0.00
376; 32;1.250367;0.000000;0.000000;0.00
376; 40;1.250367;0.000000;0.000000;0.00
376; 48;1.250367;0.000000;0.000000;0.00
376; 56;1.250367;0.000000;0.000000;0.00
376; 64;1.250367;0.000000;0.000000;0.00
376; 72;1.250367;0.000000;0.000000;0.00
376; 80;1.250367;0.000000;0.000000;0.00
376; 88;1.250367;0.000000;0.000000;0.00
376; 96;1.250367;0.000000;0.000000;0.00
376;104;1.250367;0.000000;0.000000;0.00
376;112;1.250367;0.000000;0.000000;0.00
376;120;1.250367;0.000000;0.000000;0.00
376;128;1.250367;0.000000;0.000000;0.00
376;136;1.250367;0.000000;0.000000;0.00
376;144;1.250367;0.000000;0.000000;0.00
376;152;1.250367;0.000000;0.000000;0.00
376;160;1.250367;0.000000;0.000000;0.00
376;168;1.250367;0.000000;0.000000;0.00
376;176;1.250367;0.000000;0.000000;0.00
376;184;1.250367;0.000000;0.000000;0.00
376;192;1.250367;0.000000;0.000000;0.00
376;200;1.250367;0.000000;0.000000;0.00
376;208;1.250367;0.000000;0.000000;0.00
376;216;1.250367;0.000000;0.000000;0.00
376;224;1.250367;0.000000;0.000000;0.00
376;232;1.250367;0.000000;0.000000;0.00
376;240;1.250367;0.000000;0.000000;0.00
376;248;1.250367;0.000000;0.000000;0.00
376;256;1.250367;0.000000;0.000000;0.00
376;264;1.250367;0.000000;0.000000;0.00
376;272;1.250367;0.000000;0.000000;0.00
376;280;1.250367;0.000000;0.000000;0.00
376;288;1.250367;0.000000;0.000000;0.00
376;296;1.250367;0.000000;0.000000;0.00
376;304;1.250367;0.000000;0.000000;0.00
376;312;1.250367;0.000000;0.000000;0.00
376;320;1.250367;0.000000;0.000000;0.00
376;328;1.250367;0.000000;0.000000;0.00
376;336;1.250367;0.000000;0.000000;0.00
376;344;1.250367;0.000000;0.000000;0.00
376;352;1.250367;0.000000;0.000000;0.00
376;360;1.250367;0.000000;0.000000;0.00
376;368;1.250367;0.000000;0.000000;0.00
376;376;1.250367;0.000000;0.000000;0.00
376;384;1.250367;0.000000;0.000000;0.00
376;392;1.250367;0.000000;0.000000;0.00
376;400;1.250367;0.000000;0.000000;0.00
384;  0;1.250367;0.000000;0.000000;0.00
384;  8;1.250367;0.000000;0.000000;0.00
384; 16;1.250367;0.000000;0.000000;0.00
384; 24;1.250367;0.000000;0.000000;0.00
384; 32;1.250367;0.000000;0.000000;0.00
384; 40;1.250367;0.000000;0.000000;0.00
384; 48;1.250367;0.000000;0.000000;0.00
384; 56;1.250367;0.000000;0.000000;0.00
384; 64;1.250367;0.000000;0.000000;0.00
384; 72;1.250367;0.000000;0.000000;0.00
384; 80;1.250367;0.000000;0.000000;0.00
384; 88;1.250367;0.000000;0.000000;0.00
384; 96;1.250367;0.000000;0.000000;0.00
384;104;1.250367;0.000000;0.000000;0.00
384;112;1.250367;0.000000;0.000000;0.00
384;120;1.250367;0.000000;0.000000;0.00
384;128;1.250367;0.000000;0.000000;0.00
384;136;1.250367;0.000000;0.000000;0.00
384;144;1.250367;0.000000;0.000000;0.00
384;152;1.250367;0.000000;0.000000;0.00
384;160;1.250367;0.000000;0.000000;0.00
384;168;1.250367;0.000000;0.000000;0.00
384;176;1.250367;0.000000;0.000000;0.00
384;184;1.250367;0.000000;0.000000;0.00
384;192;1.250367;0.000000;0.000000;0.00
384;200;1.250367;0.000000;0.000000;0.00
384;208;1.250367;0.000000;0.000000;0.00
384;216;1.250367;0.000000;0.000000;0.00
384;224;1.250367;0.000000;0.000000;0.00
384;232;1.250367;0.000000;0.000000;0.00
384;240;1.250367;0.000000;0.000000;0.00
384;248;1.250367;0.000000;0.000000;0.00
384;256;1.250367;0.000000;0.000000;0.00
384;264;1.250367;0.000000;0.000000;0.00
384;272;1.250367;0.000000;0.000000;0.00
384;280;1.250367;0.000000;0.000000;0.00
384;288;1.250367;0.000000;0.000000;0.00
384;296;1.250367;0.000000;0.000000;0.00
384;304;1.250367;0.000000;0.000000;0.00
384;312;1.250367;0.000000;0.000000;0.00
384;320;1.250367;0.000000;0.000000;0.00
384;328;1.250367;0.000000;0.000000;0.00
384;336;1.250367;0.000000;0.000000;0.00
384;344;1.250367;0.000000;0.000000;0.00
384;352;1.250367;0.000000;0.000000;0.00
384;360;1.250367;0.000000;0.000000;0.00
384;368;1.250367;0.000000;0.000000;0.00
384;376;1.250367;0.000000;0.000000;0.00
384;384;1.250367;0.000000;0.000000;0.00
384;392;1.250367;0.000000;0.000000;0.00
384;400;1.250367;0.000000;0.000000;0.00
392;  0;1.250367;0.000000;0.000000;0.00
392;  8;1.250367;0.000000;0.000000;0.00
392; 16;1.250367;0.000000;0.000000;0.00
392; 24;1.250367;0.000000;0.000000;0.00
392; 32;1.250367;0.000000;0.000000;0.00
392; 40;1.250367;0.000000;0.000000;0.00
392; 48;1.250367;0.000000;0.000000;0.00
392; 56;1.250367;0.000000;0.000000;0.00
392; 64;1.250367;0.000000;0.000000;0.00
392; 72;1.250367;0.000000;0.000000;0.00
392; 80;1.250367;0.000000;0.000000;0.00
392; 88;1.250367;0.000000;0.000000;0.00
392; 96;1.250367;0.000000;0.000000;0.00
392;104;1.250367;0.000000;0.000000;0.00
392;112;1.250367;0.000000;0.000000;0.00
392;120;1.250367;0.000000;0.000000;0.00
392;128;1.250367;0.000000;0.000000;0.00
392;136;1.250367;0.000000;0.000000;0.00
392;144;1.250367;0.000000;0.000000;0.00
392;152;1.250367;0.000000;0.000000;0.00
392;160;1.250367;0.000000;0.000000;0.00
392;168;1.250367;0.000000;0.000000;0.00
392;176;1.250367;0.000000;0.000000;0.00
392;184;1.250367;0.000000;0.000000;0.00
392;192;1.250367;0.000000;0.000000;0.00
392;200;1.250367;0.000000;0.000000;0.00
392;208;1.250367;0.000000;0.000000;0.00
392;216;1.250367;0.000000;0.000000;0.00
392;224;1.250367;0.000000;0.000000;0.00
392;232;1.250367;0.000000;0.000000;0.00
392;240;1.250367;0.000000;0.000000;0.00
392;248;1.250367;0.000000;0.000000;0.00
392;256;1.250367;0.000000;0.000000;0.00
392;264;1.250367;0.000000;0.000000;0.00
392;272;1.250367;0.000000;0.000000;0.00
392;280;1.250367;0.000000;0.000000;0.00
392;288;1.250367;0.000000;0.000000;0.00
392;296;1.250367;0.000000;0.000000;0.00
392;304;1.250367;0.000000;0.000000;0.00
392;312;1.250367;0.000000;0.000000;0.00
392;320;1.250367;0.000000;0.000000;0.00
392;328;1.250367;0.000000;0.000000;0.00
392;336;1.250367;0.000000;0.000000;0.00
392;344;1.250367;0.000000;0.000000;0.00
392;352;1.250367;0.000000;0.000000;0.00
392;360;1.250367;0.000000;0.000000;0.00
392;368;1.250367;0.000000;0.000000;0.00
392;376;1.250367;0.000000;0.000000;0.00
392;384;1.250367;0.000000;0.000000;0.00
392;392;1.250367;0.000000;0.000000;0.00
392;400;1.250367;0.000000;0.000000;0.00
400;  0;1.250367;0.000000;0.000000;0.00
400;  8;1.250367;0.000000;0.000000;0.00
400; 16;1.250367;0.000000;0.000000;0.00
400; 24;1.250367;0.000000;0.000000;0.00
400; 32;1.250367;0.000000;0.000000;0.00
400; 40;1.250367;0.000000;0.000000;0.00
400; 48;1.250367;0.000000;0.000000;0.00
400; 56;1.250367;0.000000;0.000000;0.00
400; 64;1.250367;0.000000;0.000000;0.00
400; 72;1.250367;0.000000;0.000000;0.00
400; 80;1.250367;0.000000;0.000000;0.00
400; 88;1.250367;0.000000;0.000000;0.00
400; 96;1.250367;0.000000;0.000000;0.00
400;104;1.250367;0.000000;0.000000;0.00
400;112;1.250367;0.000000;0.000000;0.00
400;120;1.250367;0.000000;0.000000;0.00
400;128;1.250367;0.000000;0.000000;0.00
400;136;1.250367;0.000000;0.000000;0.00
400;144;1.250367;0.000000;0.000000;0.00
400;152;1.250367;0.000000;0.000000;0.00
400;160;1.250367;0.000000;0.000000;0.00
400;168;1.250367;0.000000;0.000000;0.00
400;176;1.250367;0.000000;0.000000;0.00
400;184;1.250367;0.000000;0.000000;0.00
400;192;1.250367;0.000000;0.000000;0.00
400;200;1.250367;0.000000;0.000000;0.00
400;208;1.250367;0.000000;0.000000;0.00
400;216;1.250367;0.000000;0.000000;0.00
400;224;1.250367;0.000000;0.000000;0.00
400;232;1.250367;0.000000;0.000000;0.00
400;240;1.250367;0.000000;0.000000;0.00
400;248;1.250367;0.000000;0.000000;0.00
400;256;1.250367;0.000000;0.000000;0.00
400;264;1.250367;0.000000;0.000000;0.00
400;272;1.250367;0.000000;0.000000;0.00
400;280;1.250367;0.000000;0.000000;0.00
400;288;1.250367;0.000000;0.000000;0.00
400;296;1.250367;0.000000;0.000000;0.00
400;304;1.250367;0.000000;0.000000;0.00
400;312;1.250367;0.000000;0.000000;0.00
400;320;1.250367;0.000000;0.000000;0.00
400;328;1.250367;0.000000;0.000000;0.00
400;336;1.250367;0.000000;0.000000;0.00
400;344;1.250367;0.000000;0.000000;0.00
400;352;1.250367;0.000000;0.000000;0.00
400;360;1.250367;0.000000;0.000000;0.00
400;368;1.250367;0.000000;0.000000;0.00
400;376;1.250367;0.000000;0.000000;0.00
400;384;1.250367;0.000000;0.000000;0.00
400;392;1.250367;0.000000;0.000000;0.00
400;400;1.250367;0.000000;0.000000;0.00
