  0;  0;0.457386;0.798458;0.000000;44.06
  0;  8;0.457386;0.000000;0.798458;40.42
  0; 16;0.457386;0.000000;0.798458;40.42
  0; 24;0.457386;0.000000;0.798458;40.42
  0;312;0.457386;0.798458;0.000000;44.06
  0;320;0.457386;0.798458;0.000000;44.06
  0;328;0.457386;0.798458;0.000000;44.06
  0;336;0.457386;0.798458;0.000000;44.06
  0;344;0.457386;0.798458;0.000000;44.06
  0;352;0.457386;0.798458;0.000000;44.06
  0;360;0.457386;0.798458;0.000000;44.06
  0;368;0.457386;0.798458;0.000000;44.06
  0;376;0.457386;0.798458;0.000000;44.06
  0;384;0.457386;0.798458;0.000000;44.06
  0;392;0.457386;0.798458;0.000000;44.06
  0;400;0.457386;0.798458;0.000000;44.06
  8;  0;0.457386;0.798458;0.000000;44.06
  8;  8;0.457386;0.798458;0.000000;44.06
  8; 16;0.457386;0.000000;0.798458;40.42
  8; 24;0.457386;0.000000;0.798458;40.42
  8;312;0.457386;0.798458;0.000000;44.06
  8;320;0.457386;0.798458;0.000000;44.06
  8;328;0.457386;0.798458;0.000000;44.06
  8;336;0.457386;0.798458;0.000000;44.06
  8;344;0.457386;0.798458;0.000000;44.06
  8;352;0.457386;0.798458;0.000000;44.06
  8;360;0.457386;0.798458;0.000000;44.06
  8;368;0.457386;0.798458;0.000000;44.06
  8;376;0.457386;0.798458;0.000000;44.06
  8;384;0.457386;0.798458;0.000000;44.06
  8;392;0.457386;0.798458;0.000000;44.06
  8;400;0.457386;0.798458;0.000000;44.06
 16;  0;0.457386;0.798458;0.000000;44.06
 16;  8;0.457386;0.798458;0.000000;44.06
 16; 16;0.457386;0.798458;0.000000;44.06
 16; 24;0.457386;0.000000;0.798458;40.42
 16;312;0.457386;0.798458;0.000000;44.06
 16;320;0.457386;0.798458;0.000000;44.06
 16;328;0.457386;0.798458;0.000000;44.06
 16;336;0.457386;0.798458;0.000000;44.06
 16;344;0.457386;0.798458;0.000000;44.06
 16;352;0.457386;0.798458;0.000000;44.06
 16;360;0.457386;0.798458;0.000000;44.06
 16;368;0.457386;0.798458;0.000000;44.06
 16;376;0.457386;0.798458;0.000000;44.06
 16;384;0.457386;0.798458;0.000000;44.06
 16;392;0.457386;0.798458;0.000000;44.06
 16;400;0.457386;0.798458;0.000000;44.06
 24;  0;0.457386;0.798458;0.000000;44.06
 24;  8;0.457386;0.798458;0.000000;44.06
 24; 16;0.457386;0.798458;0.000000;44.06
 24; 24;0.457386;0.798458;0.000000;44.06
 24;312;0.457386;0.798458;0.000000;44.06
 24;320;0.457386;0.798458;0.000000;44.06
 24;328;0.457386;0.798458;0.000000;44.06
 24;336;0.457386;0.798458;0.000000;44.06
 24;344;0.457386;0.798458;0.000000;44.06
 24;352;0.457386;0.798458;0.000000;44.06
 24;360;0.457386;0.798458;0.000000;44.06
 24;368;0.457386;0.798458;0.000000;44.06
 24;376;0.457386;0.798458;0.000000;44.06
 24;384;0.457386;0.798458;0.000000;44.06
 24;392;0.457386;0.798458;0.000000;44.06
 24;400;0.457386;0.798458;0.000000;44.06
 32;  0;0.458618;0.797226;0.000000;43.99
 32;  8;0.458618;0.797226;0.000000;43.99
 32; 16;0.458618;0.797226;0.000000;43.99
 32; 24;0.458618;0.797226;0.000000;43.99
 32; 32;0.458618;0.797226;0.000000;43.99
 32;312;0.458618;0.797226;0.000000;43.99
 32;320;0.458618;0.797226;0.000000;43.99
 32;328;0.458618;0.797226;0.000000;43.99
 32;336;0.458618;0.797226;0.000000;43.99
 32;344;0.458618;0.797226;0.000000;43.99
 32;352;0.458618;0.797226;0.000000;43.99
 32;360;0.458618;0.797226;0.000000;43.99
 32;368;0.458618;0.797226;0.000000;43.99
 32;376;0.458618;0.797226;0.000000;43.99
 32;384;0.458618;0.797226;0.000000;43.99
 32;392;0.458618;0.797226;0.000000;43.99
 32;400;0.458618;0.797226;0.000000;43.99
 40;  0;0.459976;0.795868;0.000000;43.93
 40;  8;0.459976;0.795868;0.000000;43.93
 40; 16;0.459976;0.795868;0.000000;43.93
 40; 24;0.459976;0.795868;0.000000;43.93
 40; 32;0.459976;0.795868;0.000000;43.93
 40; 40;0.459976;0.795868;0.000000;43.93
 40;312;0.459976;0.795868;0.000000;43.93
 40;320;0.459976;0.795868;0.000000;43.93
 40;328;0.459976;0.795868;0.000000;43.93
 40;336;0.459976;0.795868;0.000000;43.93
 40;344;0.459976;0.795868;0.000000;43.93
 40;352;0.459976;0.795868;0.000000;43.93
 40;360;0.459976;0.795868;0.000000;43.93
 40;368;0.459976;0.795868;0.000000;43.93
 40;376;0.459976;0.795868;0.000000;43.93
 40;384;0.459976;0.795868;0.000000;43.93
 40;392;0.459976;0.795868;0.000000;43.93
 40;400;0.459976;0.795868;0.000000;43.93
 48;  0;0.462146;0.793698;0.000000;43.84
 48;  8;0.462146;0.793698;0.000000;43.84
 48; 16;0.462146;0.793698;0.000000;43.84
 48; 24;0.462146;0.793698;0.000000;43.84
 48; 32;0.462146;0.793698;0.000000;43.84
 48; 40;0.462146;0.793698;0.000000;43.84
 48; 48;0.462146;0.793698;0.000000;43.84
 48;312;0.462146;0.793698;0.000000;43.84
 48;320;0.462146;0.793698;0.000000;43.84
 48;328;0.462146;0.793698;0.000000;43.84
 48;336;0.462146;0.793698;0.000000;43.84
 48;344;0.462146;0.793698;0.000000;43.84
 48;352;0.462146;0.793698;0.000000;43.84
 48;360;0.462146;0.793698;0.000000;43.84
 48;368;0.462146;0.793698;0.000000;43.84
 48;376;0.462146;0.793698;0.000000;43.84
 48;384;0.462146;0.793698;0.000000;43.84
 48;392;0.462146;0.793698;0.000000;43.84
 48;400;0.462146;0.793698;0.000000;43.84
 56;  0;0.465873;0.789971;0.000000;43.67
 56;  8;0.465873;0.789971;0.000000;43.67
 56; 16;0.465873;0.789971;0.000000;43.67
 56; 24;0.465873;0.789971;0.000000;43.67
 56; 32;0.465873;0.789971;0.000000;43.67
 56; 40;0.465873;0.789971;0.000000;43.67
 56; 48;0.465873;0.789971;0.000000;43.67
 56; 56;0.465873;0.789971;0.000000;43.67
 56;312;0.465873;0.789971;0.000000;43.67
 56;320;0.465873;0.789971;0.000000;43.67
 56;328;0.465873;0.789971;0.000000;43.67
 56;336;0.465873;0.789971;0.000000;43.67
 56;344;0.465873;0.789971;0.000000;43.67
 56;352;0.465873;0.789971;0.000000;43.67
 56;360;0.465873;0.789971;0.000000;43.67
 56;368;0.465873;0.789971;0.000000;43.67
 56;376;0.465873;0.789971;0.000000;43.67
 56;384;0.465873;0.789971;0.000000;43.67
 56;392;0.465873;0.789971;0.000000;43.67
 56;400;0.465873;0.789971;0.000000;43.67
 64;  0;0.474580;0.781264;0.000000;43.17
 64;  8;0.474580;0.781264;0.000000;43.17
 64; 16;0.474580;0.781264;0.000000;43.17
 64; 24;0.474580;0.781264;0.000000;43.17
 64; 32;0.474580;0.781264;0.000000;43.17
 64; 40;0.474580;0.781264;0.000000;43.17
 64; 48;0.474580;0.781264;0.000000;43.17
 64; 56;0.474580;0.781264;0.000000;43.17
 64; 64;0.474580;0.781264;0.000000;43.17
 64;312;0.474580;0.781264;0.000000;43.17
 64;320;0.474580;0.781264;0.000000;43.17
 64;328;0.474580;0.781264;0.000000;43.17
 64;336;0.474580;0.781264;0.000000;43.17
 64;344;0.474580;0.781264;0.000000;43.17
 64;352;0.474580;0.781264;0.000000;43.17
 64;360;0.474580;0.781264;0.000000;43.17
 64;368;0.474580;0.781264;0.000000;43.17
 64;376;0.474580;0.781264;0.000000;43.17
 64;384;0.474580;0.781264;0.000000;43.17
 64;392;0.474580;0.781264;0.000000;43.17
 64;400;0.474580;0.781264;0.000000;43.17
 72;  0;0.484847;0.770997;0.000000;42.64
 72;  8;0.484847;0.770997;0.000000;42.64
 72; 16;0.484847;0.770997;0.000000;42.64
 72; 24;0.484847;0.770997;0.000000;42.64
 72; 32;0.484847;0.770997;0.000000;42.64
 72; 40;0.484847;0.770997;0.000000;42.64
 72; 48;0.484847;0.770997;0.000000;42.64
 72; 56;0.484847;0.770997;0.000000;42.64
 72; 64;0.484847;0.770997;0.000000;42.64
 72; 72;0.484847;0.770997;0.000000;42.64
 72;312;0.484847;0.770997;0.000000;42.64
 72;320;0.484847;0.770997;0.000000;42.64
 72;328;0.484847;0.770997;0.000000;42.64
 72;336;0.484847;0.770997;0.000000;42.64
 72;344;0.484847;0.770997;0.000000;42.64
 72;352;0.484847;0.770997;0.000000;42.64
 72;360;0.484847;0.770997;0.000000;42.64
 72;368;0.484847;0.770997;0.000000;42.64
 72;376;0.484847;0.770997;0.000000;42.64
 72;384;0.484847;0.770997;0.000000;42.64
 72;392;0.484847;0.770997;0.000000;42.64
 72;400;0.484847;0.770997;0.000000;42.64
 80;  0;0.500915;0.754929;0.000000;41.81
 80;  8;0.500915;0.754929;0.000000;41.81
 80; 16;0.500915;0.754929;0.000000;41.81
 80; 24;0.500915;0.754929;0.000000;41.81
 80; 32;0.500915;0.754929;0.000000;41.81
 80; 40;0.500915;0.754929;0.000000;41.81
 80; 48;0.500915;0.754929;0.000000;41.81
 80; 56;0.500915;0.754929;0.000000;41.81
 80; 64;0.500915;0.754929;0.000000;41.81
 80; 72;0.500915;0.754929;0.000000;41.81
 80; 80;0.500915;0.754929;0.000000;41.81
 80;312;0.500915;0.754929;0.000000;41.81
 80;320;0.500915;0.754929;0.000000;41.81
 80;328;0.500915;0.754929;0.000000;41.81
 80;336;0.500915;0.754929;0.000000;41.81
 80;344;0.500915;0.754929;0.000000;41.81
 80;352;0.500915;0.754929;0.000000;41.81
 80;360;0.500915;0.754929;0.000000;41.81
 80;368;0.500915;0.754929;0.000000;41.81
 80;376;0.500915;0.754929;0.000000;41.81
 80;384;0.500915;0.754929;0.000000;41.81
 80;392;0.500915;0.754929;0.000000;41.81
 80;400;0.500915;0.754929;0.000000;41.81
 88;  0;0.518710;0.737134;0.000000;40.88
 88;  8;0.518710;0.737134;0.000000;40.88
 88; 16;0.518710;0.737134;0.000000;40.88
 88; 24;0.518710;0.737134;0.000000;40.88
 88; 32;0.518710;0.737134;0.000000;40.88
 88; 40;0.518710;0.737134;0.000000;40.88
 88; 48;0.518710;0.737134;0.000000;40.88
 88; 56;0.518710;0.737134;0.000000;40.88
 88; 64;0.518710;0.737134;0.000000;40.88
 88; 72;0.518710;0.737134;0.000000;40.88
 88; 80;0.518710;0.737134;0.000000;40.88
 88; 88;0.518710;0.737134;0.000000;40.88
 88;312;0.518710;0.737134;0.000000;40.88
 88;320;0.518710;0.737134;0.000000;40.88
 88;328;0.518710;0.737134;0.000000;40.88
 88;336;0.518710;0.737134;0.000000;40.88
 88;344;0.518710;0.737134;0.000000;40.88
 88;352;0.518710;0.737134;0.000000;40.88
 88;360;0.518710;0.737134;0.000000;40.88
 88;368;0.518710;0.737134;0.000000;40.88
 88;376;0.518710;0.737134;0.000000;40.88
 88;384;0.518710;0.737134;0.000000;40.88
 88;392;0.518710;0.737134;0.000000;40.88
 88;400;0.518710;0.737134;0.000000;40.88
 96;  0;0.548244;0.707600;0.000000;39.27
 96;  8;0.548244;0.707600;0.000000;39.27
 96; 16;0.548244;0.707600;0.000000;39.27
 96; 24;0.548244;0.707600;0.000000;39.27
 96; 32;0.548244;0.707600;0.000000;39.27
 96; 40;0.548244;0.707600;0.000000;39.27
 96; 48;0.548244;0.707600;0.000000;39.27
 96; 56;0.548244;0.707600;0.000000;39.27
 96; 64;0.548244;0.707600;0.000000;39.27
 96; 72;0.548244;0.707600;0.000000;39.27
 96; 80;0.548244;0.707600;0.000000;39.27
 96; 88;0.548244;0.707600;0.000000;39.27
 96; 96;0.548244;0.707600;0.000000;39.27
 96;312;0.548244;0.707600;0.000000;39.27
 96;320;0.548244;0.707600;0.000000;39.27
 96;328;0.548244;0.707600;0.000000;39.27
 96;336;0.548244;0.707600;0.000000;39.27
 96;344;0.548244;0.707600;0.000000;39.27
 96;352;0.548244;0.707600;0.000000;39.27
 96;360;0.548244;0.707600;0.000000;39.27
 96;368;0.548244;0.707600;0.000000;39.27
 96;376;0.548244;0.707600;0.000000;39.27
 96;384;0.548244;0.707600;0.000000;39.27
 96;392;0.548244;0.707600;0.000000;39.27
 96;400;0.548244;0.707600;0.000000;39.27
104;  0;0.578303;0.677541;0.000000;37.65
104;  8;0.578303;0.677541;0.000000;37.65
104; 16;0.578303;0.677541;0.000000;37.65
104; 24;0.578303;0.677541;0.000000;37.65
104; 32;0.578303;0.677541;0.000000;37.65
104; 40;0.578303;0.677541;0.000000;37.65
104; 48;0.578303;0.677541;0.000000;37.65
104; 56;0.578303;0.677541;0.000000;37.65
104; 64;0.578303;0.677541;0.000000;37.65
104; 72;0.578303;0.677541;0.000000;37.65
104; 80;0.578303;0.677541;0.000000;37.65
104; 88;0.578303;0.677541;0.000000;37.65
104; 96;0.578303;0.677541;0.000000;37.65
104;104;0.578303;0.677541;0.000000;37.65
104;312;0.578303;0.677541;0.000000;37.65
104;320;0.578303;0.677541;0.000000;37.65
104;328;0.578303;0.677541;0.000000;37.65
104;336;0.578303;0.677541;0.000000;37.65
104;344;0.578303;0.677541;0.000000;37.65
104;352;0.578303;0.677541;0.000000;37.65
104;360;0.578303;0.677541;0.000000;37.65
104;368;0.578303;0.677541;0.000000;37.65
104;376;0.578303;0.677541;0.000000;37.65
104;384;0.578303;0.677541;0.000000;37.65
104;392;0.578303;0.677541;0.000000;37.65
104;400;0.578303;0.677541;0.000000;37.65
112;  0;0.606620;0.649224;0.000000;36.09
112;  8;0.606620;0.649224;0.000000;36.09
112; 16;0.606620;0.649224;0.000000;36.09
112; 24;0.606620;0.649224;0.000000;36.09
112; 32;0.606620;0.649224;0.000000;36.09
112; 40;0.606620;0.649224;0.000000;36.09
112; 48;0.606620;0.649224;0.000000;36.09
112; 56;0.606620;0.649224;0.000000;36.09
112; 64;0.606620;0.649224;0.000000;36.09
112; 72;0.606620;0.649224;0.000000;36.09
112; 80;0.606620;0.649224;0.000000;36.09
112; 88;0.606620;0.649224;0.000000;36.09
112; 96;0.606620;0.649224;0.000000;36.09
112;104;0.606620;0.649224;0.000000;36.09
112;112;0.606620;0.649224;0.000000;36.09
112;312;0.606620;0.649224;0.000000;36.09
112;320;0.606620;0.649224;0.000000;36.09
112;328;0.606620;0.649224;0.000000;36.09
112;336;0.606620;0.649224;0.000000;36.09
112;344;0.606620;0.649224;0.000000;36.09
112;352;0.606620;0.649224;0.000000;36.09
112;360;0.606620;0.649224;0.000000;36.09
112;368;0.606620;0.649224;0.000000;36.09
112;376;0.606620;0.649224;0.000000;36.09
112;384;0.606620;0.649224;0.000000;36.09
112;392;0.606620;0.649224;0.000000;36.09
112;400;0.606620;0.649224;0.000000;36.09
120;  0;0.641209;0.614635;0.000000;34.16
120;  8;0.641209;0.614635;0.000000;34.16
120; 16;0.641209;0.614635;0.000000;34.16
120; 24;0.641209;0.614635;0.000000;34.16
120; 32;0.641209;0.614635;0.000000;34.16
120; 40;0.641209;0.614635;0.000000;34.16
120; 48;0.641209;0.614635;0.000000;34.16
120; 56;0.641209;0.614635;0.000000;34.16
120; 64;0.641209;0.614635;0.000000;34.16
120; 72;0.641209;0.614635;0.000000;34.16
120; 80;0.641209;0.614635;0.000000;34.16
120; 88;0.641209;0.614635;0.000000;34.16
120; 96;0.641209;0.614635;0.000000;34.16
120;104;0.641209;0.614635;0.000000;34.16
120;112;0.641209;0.614635;0.000000;34.16
120;120;0.641209;0.614635;0.000000;34.16
120;312;0.641209;0.614635;0.000000;34.16
120;320;0.641209;0.614635;0.000000;34.16
120;328;0.641209;0.614635;0.000000;34.16
120;336;0.641209;0.614635;0.000000;34.16
120;344;0.641209;0.614635;0.000000;34.16
120;352;0.641209;0.614635;0.000000;34.16
120;360;0.641209;0.614635;0.000000;34.16
120;368;0.641209;0.614635;0.000000;34.16
120;376;0.641209;0.614635;0.000000;34.16
120;384;0.641209;0.614635;0.000000;34.16
120;392;0.641209;0.614635;0.000000;34.16
120;400;0.641209;0.614635;0.000000;34.16
128;  0;0.672931;0.582913;0.000000;32.41
128;  8;0.672931;0.582913;0.000000;32.41
128; 16;0.672931;0.582913;0.000000;32.41
128; 24;0.672931;0.582913;0.000000;32.41
128; 32;0.672931;0.582913;0.000000;32.41
128; 40;0.672931;0.582913;0.000000;32.41
128; 48;0.672931;0.582913;0.000000;32.41
128; 56;0.672931;0.582913;0.000000;32.41
128; 64;0.672931;0.582913;0.000000;32.41
128; 72;0.672931;0.582913;0.000000;32.41
128; 80;0.672931;0.582913;0.000000;32.41
128; 88;0.672931;0.582913;0.000000;32.41
128; 96;0.672931;0.582913;0.000000;32.41
128;104;0.672931;0.582913;0.000000;32.41
128;112;0.672931;0.582913;0.000000;32.41
128;120;0.672931;0.582913;0.000000;32.41
128;128;0.672931;0.582913;0.000000;32.41
128;312;0.672931;0.582913;0.000000;32.41
128;320;0.672931;0.582913;0.000000;32.41
128;328;0.672931;0.582913;0.000000;32.41
128;336;0.672931;0.582913;0.000000;32.41
128;344;0.672931;0.582913;0.000000;32.41
128;352;0.672931;0.582913;0.000000;32.41
128;360;0.672931;0.582913;0.000000;32.41
128;368;0.672931;0.582913;0.000000;32.41
128;376;0.672931;0.582913;0.000000;32.41
128;384;0.672931;0.582913;0.000000;32.41
128;392;0.672931;0.582913;0.000000;32.41
128;400;0.672931;0.582913;0.000000;32.41
136;  0;0.707475;0.548369;0.000000;30.49
136;  8;0.707475;0.548369;0.000000;30.49
136; 16;0.707475;0.548369;0.000000;30.49
136; 24;0.707475;0.548369;0.000000;30.49
136; 32;0.707475;0.548369;0.000000;30.49
136; 40;0.707475;0.548369;0.000000;30.49
136; 48;0.707475;0.548369;0.000000;30.49
136; 56;0.707475;0.548369;0.000000;30.49
136; 64;0.707475;0.548369;0.000000;30.49
136; 72;0.707475;0.548369;0.000000;30.49
136; 80;0.707475;0.548369;0.000000;30.49
136; 88;0.707475;0.548369;0.000000;30.49
136; 96;0.707475;0.548369;0.000000;30.49
136;104;0.707475;0.548369;0.000000;30.49
136;112;0.707475;0.548369;0.000000;30.49
136;120;0.707475;0.548369;0.000000;30.49
136;128;0.707475;0.548369;0.000000;30.49
136;136;0.707475;0.548369;0.000000;30.49
136;312;0.707475;0.548369;0.000000;30.49
136;320;0.707475;0.548369;0.000000;30.49
136;328;0.707475;0.548369;0.000000;30.49
136;336;0.707475;0.548369;0.000000;30.49
136;344;0.707475;0.548369;0.000000;30.49
136;352;0.707475;0.548369;0.000000;30.49
136;360;0.707475;0.548369;0.000000;30.49
136;368;0.707475;0.548369;0.000000;30.49
136;376;0.707475;0.548369;0.000000;30.49
136;384;0.707475;0.548369;0.000000;30.49
136;392;0.707475;0.548369;0.000000;30.49
136;400;0.707475;0.548369;0.000000;30.49
144;  0;0.741728;0.514116;0.000000;28.60
144;  8;0.741728;0.514116;0.000000;28.60
144; 16;0.741728;0.514116;0.000000;28.60
144; 24;0.741728;0.514116;0.000000;28.60
144; 32;0.741728;0.514116;0.000000;28.60
144; 40;0.741728;0.514116;0.000000;28.60
144; 48;0.741728;0.514116;0.000000;28.60
144; 56;0.741728;0.514116;0.000000;28.60
144; 64;0.741728;0.514116;0.000000;28.60
144; 72;0.741728;0.514116;0.000000;28.60
144; 80;0.741728;0.514116;0.000000;28.60
144; 88;0.741728;0.514116;0.000000;28.60
144; 96;0.741728;0.514116;0.000000;28.60
144;104;0.741728;0.514116;0.000000;28.60
144;112;0.741728;0.514116;0.000000;28.60
144;120;0.741728;0.514116;0.000000;28.60
144;128;0.741728;0.514116;0.000000;28.60
144;136;0.741728;0.514116;0.000000;28.60
144;144;0.741728;0.514116;0.000000;28.60
144;312;0.741728;0.514116;0.000000;28.60
144;320;0.741728;0.514116;0.000000;28.60
144;328;0.741728;0.514116;0.000000;28.60
144;336;0.741728;0.514116;0.000000;28.60
144;344;0.741728;0.514116;0.000000;28.60
144;352;0.741728;0.514116;0.000000;28.60
144;360;0.741728;0.514116;0.000000;28.60
144;368;0.741728;0.514116;0.000000;28.60
144;376;0.741728;0.514116;0.000000;28.60
144;384;0.741728;0.514116;0.000000;28.60
144;392;0.741728;0.514116;0.000000;28.60
144;400;0.741728;0.514116;0.000000;28.60
152;  0;0.780567;0.475277;0.000000;26.42
152;  8;0.780567;0.475277;0.000000;26.42
152; 16;0.780567;0.475277;0.000000;26.42
152; 24;0.780567;0.475277;0.000000;26.42
152; 32;0.780567;0.475277;0.000000;26.42
152; 40;0.780567;0.475277;0.000000;26.42
152; 48;0.780567;0.475277;0.000000;26.42
152; 56;0.780567;0.475277;0.000000;26.42
152; 64;0.780567;0.475277;0.000000;26.42
152; 72;0.780567;0.475277;0.000000;26.42
152; 80;0.780567;0.475277;0.000000;26.42
152; 88;0.780567;0.475277;0.000000;26.42
152; 96;0.780567;0.475277;0.000000;26.42
152;104;0.780567;0.475277;0.000000;26.42
152;112;0.780567;0.475277;0.000000;26.42
152;120;0.780567;0.475277;0.000000;26.42
152;128;0.780567;0.475277;0.000000;26.42
152;136;0.780567;0.475277;0.000000;26.42
152;144;0.780567;0.475277;0.000000;26.42
152;152;0.780567;0.475277;0.000000;26.42
152;312;0.780567;0.475277;0.000000;26.42
152;320;0.780567;0.475277;0.000000;26.42
152;328;0.780567;0.475277;0.000000;26.42
152;336;0.780567;0.475277;0.000000;26.42
152;344;0.780567;0.475277;0.000000;26.42
152;352;0.780567;0.475277;0.000000;26.42
152;360;0.780567;0.475277;0.000000;26.42
152;368;0.780567;0.475277;0.000000;26.42
152;376;0.780567;0.475277;0.000000;26.42
152;384;0.780567;0.475277;0.000000;26.42
152;392;0.780567;0.475277;0.000000;26.42
152;400;0.780567;0.475277;0.000000;26.42
160;  0;0.816917;0.438927;0.000000;24.33
160;  8;0.816917;0.438927;0.000000;24.33
160; 16;0.816917;0.438927;0.000000;24.33
160; 24;0.816917;0.438927;0.000000;24.33
160; 32;0.816917;0.438927;0.000000;24.33
160; 40;0.816917;0.438927;0.000000;24.33
160; 48;0.816917;0.438927;0.000000;24.33
160; 56;0.816917;0.438927;0.000000;24.33
160; 64;0.816917;0.438927;0.000000;24.33
160; 72;0.816917;0.438927;0.000000;24.33
160; 80;0.816917;0.438927;0.000000;24.33
160; 88;0.816917;0.438927;0.000000;24.33
160; 96;0.816917;0.438927;0.000000;24.33
160;104;0.816917;0.438927;0.000000;24.33
160;112;0.816917;0.438927;0.000000;24.33
160;120;0.816917;0.438927;0.000000;24.33
160;128;0.816917;0.438927;0.000000;24.33
160;136;0.816917;0.438927;0.000000;24.33
160;144;0.816917;0.438927;0.000000;24.33
160;152;0.816917;0.438927;0.000000;24.33
160;160;0.816917;0.438927;0.000000;24.33
160;312;0.816917;0.438927;0.000000;24.33
160;320;0.816917;0.438927;0.000000;24.33
160;328;0.816917;0.438927;0.000000;24.33
160;336;0.816917;0.438927;0.000000;24.33
160;344;0.816917;0.438927;0.000000;24.33
160;352;0.816917;0.438927;0.000000;24.33
160;360;0.816917;0.438927;0.000000;24.33
160;368;0.816917;0.438927;0.000000;24.33
160;376;0.816917;0.438927;0.000000;24.33
160;384;0.816917;0.438927;0.000000;24.33
160;392;0.816917;0.438927;0.000000;24.33
160;400;0.816917;0.438927;0.000000;24.33
168;  0;0.854552;0.401292;0.000000;22.20
168;  8;0.854552;0.401292;0.000000;22.20
168; 16;0.854552;0.401292;0.000000;22.20
168; 24;0.854552;0.401292;0.000000;22.20
168; 32;0.854552;0.401292;0.000000;22.20
168; 40;0.854552;0.401292;0.000000;22.20
168; 48;0.854552;0.401292;0.000000;22.20
168; 56;0.854552;0.401292;0.000000;22.20
168; 64;0.854552;0.401292;0.000000;22.20
168; 72;0.854552;0.401292;0.000000;22.20
168; 80;0.854552;0.401292;0.000000;22.20
168; 88;0.854552;0.401292;0.000000;22.20
168; 96;0.854552;0.401292;0.000000;22.20
168;104;0.854552;0.401292;0.000000;22.20
168;112;0.854552;0.401292;0.000000;22.20
168;120;0.854552;0.401292;0.000000;22.20
168;128;0.854552;0.401292;0.000000;22.20
168;136;0.854552;0.401292;0.000000;22.20
168;144;0.854552;0.401292;0.000000;22.20
168;152;0.854552;0.401292;0.000000;22.20
168;160;0.854552;0.401292;0.000000;22.20
168;168;0.854552;0.401292;0.000000;22.20
168;312;0.854552;0.401292;0.000000;22.20
168;320;0.854552;0.401292;0.000000;22.20
168;328;0.854552;0.401292;0.000000;22.20
168;336;0.854552;0.401292;0.000000;22.20
168;344;0.854552;0.401292;0.000000;22.20
168;352;0.854552;0.401292;0.000000;22.20
168;360;0.854552;0.401292;0.000000;22.20
168;368;0.854552;0.401292;0.000000;22.20
168;376;0.854552;0.401292;0.000000;22.20
168;384;0.854552;0.401292;0.000000;22.20
168;392;0.854552;0.401292;0.000000;22.20
168;400;0.854552;0.401292;0.000000;22.20
176;  0;0.891295;0.364549;0.000000;20.16
176;  8;0.891295;0.364549;0.000000;20.16
176; 16;0.891295;0.364549;0.000000;20.16
176; 24;0.891295;0.364549;0.000000;20.16
176; 32;0.891295;0.364549;0.000000;20.16
176; 40;0.891295;0.364549;0.000000;20.16
176; 48;0.891295;0.364549;0.000000;20.16
176; 56;0.891295;0.364549;0.000000;20.16
176; 64;0.891295;0.364549;0.000000;20.16
176; 72;0.891295;0.364549;0.000000;20.16
176; 80;0.891295;0.364549;0.000000;20.16
176; 88;0.891295;0.364549;0.000000;20.16
176; 96;0.891295;0.364549;0.000000;20.16
176;104;0.891295;0.364549;0.000000;20.16
176;112;0.891295;0.364549;0.000000;20.16
176;120;0.891295;0.364549;0.000000;20.16
176;128;0.891295;0.364549;0.000000;20.16
176;136;0.891295;0.364549;0.000000;20.16
176;144;0.891295;0.364549;0.000000;20.16
176;152;0.891295;0.364549;0.000000;20.16
176;160;0.891295;0.364549;0.000000;20.16
176;168;0.891295;0.364549;0.000000;20.16
176;176;0.891295;0.364549;0.000000;20.16
176;312;0.891295;0.364549;0.000000;20.16
176;320;0.891295;0.364549;0.000000;20.16
176;328;0.891295;0.364549;0.000000;20.16
176;336;0.891295;0.364549;0.000000;20.16
176;344;0.891295;0.364549;0.000000;20.16
176;352;0.891295;0.364549;0.000000;20.16
176;360;0.891295;0.364549;0.000000;20.16
176;368;0.891295;0.364549;0.000000;20.16
176;376;0.891295;0.364549;0.000000;20.16
176;384;0.891295;0.364549;0.000000;20.16
176;392;0.891295;0.364549;0.000000;20.16
176;400;0.891295;0.364549;0.000000;20.16
184;  0;0.927427;0.328417;0.000000;18.11
184;  8;0.927427;0.328417;0.000000;18.11
184; 16;0.927427;0.328417;0.000000;18.11
184; 24;0.927427;0.328417;0.000000;18.11
184; 32;0.927427;0.328417;0.000000;18.11
184; 40;0.927427;0.328417;0.000000;18.11
184; 48;0.927427;0.328417;0.000000;18.11
184; 56;0.927427;0.328417;0.000000;18.11
184; 64;0.927427;0.328417;0.000000;18.11
184; 72;0.927427;0.328417;0.000000;18.11
184; 80;0.927427;0.328417;0.000000;18.11
184; 88;0.927427;0.328417;0.000000;18.11
184; 96;0.927427;0.328417;0.000000;18.11
184;104;0.927427;0.328417;0.000000;18.11
184;112;0.927427;0.328417;0.000000;18.11
184;120;0.927427;0.328417;0.000000;18.11
184;128;0.927427;0.328417;0.000000;18.11
184;136;0.927427;0.328417;0.000000;18.11
184;144;0.927427;0.328417;0.000000;18.11
184;152;0.927427;0.328417;0.000000;18.11
184;160;0.927427;0.328417;0.000000;18.11
184;168;0.927427;0.328417;0.000000;18.11
184;176;0.927427;0.328417;0.000000;18.11
184;184;0.927427;0.328417;0.000000;18.11
184;312;0.927427;0.328417;0.000000;18.11
184;320;0.927427;0.328417;0.000000;18.11
184;328;0.927427;0.328417;0.000000;18.11
184;336;0.927427;0.328417;0.000000;18.11
184;344;0.927427;0.328417;0.000000;18.11
184;352;0.927427;0.328417;0.000000;18.11
184;360;0.927427;0.328417;0.000000;18.11
184;368;0.927427;0.328417;0.000000;18.11
184;376;0.927427;0.328417;0.000000;18.11
184;384;0.927427;0.328417;0.000000;18.11
184;392;0.927427;0.328417;0.000000;18.11
184;400;0.927427;0.328417;0.000000;18.11
192;  0;0.961786;0.294058;0.000000;16.13
192;  8;0.961786;0.294058;0.000000;16.13
192; 16;0.961786;0.294058;0.000000;16.13
192; 24;0.961786;0.294058;0.000000;16.13
192; 32;0.961786;0.294058;0.000000;16.13
192; 40;0.961786;0.294058;0.000000;16.13
192; 48;0.961786;0.294058;0.000000;16.13
192; 56;0.961786;0.294058;0.000000;16.13
192; 64;0.961786;0.294058;0.000000;16.13
192; 72;0.961786;0.294058;0.000000;16.13
192; 80;0.961786;0.294058;0.000000;16.13
192; 88;0.961786;0.294058;0.000000;16.13
192; 96;0.961786;0.294058;0.000000;16.13
192;104;0.961786;0.294058;0.000000;16.13
192;112;0.961786;0.294058;0.000000;16.13
192;120;0.961786;0.294058;0.000000;16.13
192;128;0.961786;0.294058;0.000000;16.13
192;136;0.961786;0.294058;0.000000;16.13
192;144;0.961786;0.294058;0.000000;16.13
192;152;0.961786;0.294058;0.000000;16.13
192;160;0.961786;0.294058;0.000000;16.13
192;168;0.961786;0.294058;0.000000;16.13
192;176;0.961786;0.294058;0.000000;16.13
192;184;0.961786;0.294058;0.000000;16.13
192;192;0.961786;0.294058;0.000000;16.13
192;312;0.961786;0.294058;0.000000;16.13
192;320;0.961786;0.294058;0.000000;16.13
192;328;0.961786;0.294058;0.000000;16.13
192;336;0.961786;0.294058;0.000000;16.13
192;344;0.961786;0.294058;0.000000;16.13
192;352;0.961786;0.294058;0.000000;16.13
192;360;0.961786;0.294058;0.000000;16.13
192;368;0.961786;0.294058;0.000000;16.13
192;376;0.961786;0.294058;0.000000;16.13
192;384;0.961786;0.294058;0.000000;16.13
192;392;0.961786;0.294058;0.000000;16.13
192;400;0.961786;0.294058;0.000000;16.13
200;  0;1.001970;0.253874;0.000000;13.86
200;  8;1.001970;0.253874;0.000000;13.86
200; 16;1.001970;0.253874;0.000000;13.86
200; 24;1.001970;0.253874;0.000000;13.86
200; 32;1.001970;0.253874;0.000000;13.86
200; 40;1.001970;0.253874;0.000000;13.86
200; 48;1.001970;0.253874;0.000000;13.86
200; 56;1.001970;0.253874;0.000000;13.86
200; 64;1.001970;0.253874;0.000000;13.86
200; 72;1.001970;0.253874;0.000000;13.86
200; 80;1.001970;0.253874;0.000000;13.86
200; 88;1.001970;0.253874;0.000000;13.86
200; 96;1.001970;0.253874;0.000000;13.86
200;104;1.001970;0.253874;0.000000;13.86
200;112;1.001970;0.253874;0.000000;13.86
200;120;1.001970;0.253874;0.000000;13.86
200;128;1.001970;0.253874;0.000000;13.86
200;136;1.001970;0.253874;0.000000;13.86
200;144;1.001970;0.253874;0.000000;13.86
200;152;1.001970;0.253874;0.000000;13.86
200;160;1.001970;0.253874;0.000000;13.86
200;168;1.001970;0.253874;0.000000;13.86
200;176;1.001970;0.253874;0.000000;13.86
200;184;1.001970;0.253874;0.000000;13.86
200;192;1.001970;0.253874;0.000000;13.86
200;200;1.001970;0.253874;0.000000;13.86
200;312;1.001970;0.253874;0.000000;13.86
200;320;1.001970;0.253874;0.000000;13.86
200;328;1.001970;0.253874;0.000000;13.86
200;336;1.001970;0.253874;0.000000;13.86
200;344;1.001970;0.253874;0.000000;13.86
200;352;1.001970;0.253874;0.000000;13.86
200;360;1.001970;0.253874;0.000000;13.86
200;368;1.001970;0.253874;0.000000;13.86
200;376;1.001970;0.253874;0.000000;13.86
200;384;1.001970;0.253874;0.000000;13.86
200;392;1.001970;0.253874;0.000000;13.86
200;400;1.001970;0.253874;0.000000;13.86
208;  0;1.038087;0.217757;0.000000;11.87
208;  8;1.038087;0.217757;0.000000;11.87
208; 16;1.038087;0.217757;0.000000;11.87
208; 24;1.038087;0.217757;0.000000;11.87
208; 32;1.038087;0.217757;0.000000;11.87
208; 40;1.038087;0.217757;0.000000;11.87
208; 48;1.038087;0.217757;0.000000;11.87
208; 56;1.038087;0.217757;0.000000;11.87
208; 64;1.038087;0.217757;0.000000;11.87
208; 72;1.038087;0.217757;0.000000;11.87
208; 80;1.038087;0.217757;0.000000;11.87
208; 88;1.038087;0.217757;0.000000;11.87
208; 96;1.038087;0.217757;0.000000;11.87
208;104;1.038087;0.217757;0.000000;11.87
208;112;1.038087;0.217757;0.000000;11.87
208;120;1.038087;0.217757;0.000000;11.87
208;128;1.038087;0.217757;0.000000;11.87
208;136;1.038087;0.217757;0.000000;11.87
208;144;1.038087;0.217757;0.000000;11.87
208;152;1.038087;0.217757;0.000000;11.87
208;160;1.038087;0.217757;0.000000;11.87
208;168;1.038087;0.217757;0.000000;11.87
208;176;1.038087;0.217757;0.000000;11.87
208;184;1.038087;0.217757;0.000000;11.87
208;192;1.038087;0.217757;0.000000;11.87
208;200;1.038087;0.217757;0.000000;11.87
208;208;1.038087;0.217757;0.000000;11.87
208;312;1.038087;0.217757;0.000000;11.87
208;320;1.038087;0.217757;0.000000;11.87
208;328;1.038087;0.217757;0.000000;11.87
208;336;1.038087;0.217757;0.000000;11.87
208;344;1.038087;0.217757;0.000000;11.87
208;352;1.038087;0.217757;0.000000;11.87
208;360;1.038087;0.217757;0.000000;11.87
208;368;1.038087;0.217757;0.000000;11.87
208;376;1.038087;0.217757;0.000000;11.87
208;384;1.038087;0.217757;0.000000;11.87
208;392;1.038087;0.217757;0.000000;11.87
208;400;1.038087;0.217757;0.000000;11.87
216;  0;1.072178;0.183666;0.000000;9.99
216;  8;1.072178;0.183666;0.000000;9.99
216; 16;1.072178;0.183666;0.000000;9.99
216; 24;1.072178;0.183666;0.000000;9.99
216; 32;1.072178;0.183666;0.000000;9.99
216; 40;1.072178;0.183666;0.000000;9.99
216; 48;1.072178;0.183666;0.000000;9.99
216; 56;1.072178;0.183666;0.000000;9.99
216; 64;1.072178;0.183666;0.000000;9.99
216; 72;1.072178;0.183666;0.000000;9.99
216; 80;1.072178;0.183666;0.000000;9.99
216; 88;1.072178;0.183666;0.000000;9.99
216; 96;1.072178;0.183666;0.000000;9.99
216;104;1.072178;0.183666;0.000000;9.99
216;112;1.072178;0.183666;0.000000;9.99
216;120;1.072178;0.183666;0.000000;9.99
216;128;1.072178;0.183666;0.000000;9.99
216;136;1.072178;0.183666;0.000000;9.99
216;144;1.072178;0.183666;0.000000;9.99
216;152;1.072178;0.183666;0.000000;9.99
216;160;1.072178;0.183666;0.000000;9.99
216;168;1.072178;0.183666;0.000000;9.99
216;176;1.072178;0.183666;0.000000;9.99
216;184;1.072178;0.183666;0.000000;9.99
216;192;1.072178;0.183666;0.000000;9.99
216;200;1.072178;0.183666;0.000000;9.99
216;208;1.072178;0.183666;0.000000;9.99
216;216;1.072178;0.183666;0.000000;9.99
216;312;1.072178;0.183666;0.000000;9.99
216;320;1.072178;0.183666;0.000000;9.99
216;328;1.072178;0.183666;0.000000;9.99
216;336;1.072178;0.183666;0.000000;9.99
216;344;1.072178;0.183666;0.000000;9.99
216;352;1.072178;0.183666;0.000000;9.99
216;360;1.072178;0.183666;0.000000;9.99
216;368;1.072178;0.183666;0.000000;9.99
216;376;1.072178;0.183666;0.000000;9.99
216;384;1.072178;0.183666;0.000000;9.99
216;392;1.072178;0.183666;0.000000;9.99
216;400;1.072178;0.183666;0.000000;9.99
224;  0;1.102693;0.153151;0.000000;8.34
224;  8;1.102693;0.153151;0.000000;8.34
224; 16;1.102693;0.153151;0.000000;8.34
224; 24;1.102693;0.153151;0.000000;8.34
224; 32;1.102693;0.153151;0.000000;8.34
224; 40;1.102693;0.153151;0.000000;8.34
224; 48;1.102693;0.153151;0.000000;8.34
224; 56;1.102693;0.153151;0.000000;8.34
224; 64;1.102693;0.153151;0.000000;8.34
224; 72;1.102693;0.153151;0.000000;8.34
224; 80;1.102693;0.153151;0.000000;8.34
224; 88;1.102693;0.153151;0.000000;8.34
224; 96;1.102693;0.153151;0.000000;8.34
224;104;1.102693;0.153151;0.000000;8.34
224;112;1.102693;0.153151;0.000000;8.34
224;120;1.102693;0.153151;0.000000;8.34
224;128;1.102693;0.153151;0.000000;8.34
224;136;1.102693;0.153151;0.000000;8.34
224;144;1.102693;0.153151;0.000000;8.34
224;152;1.102693;0.153151;0.000000;8.34
224;160;1.102693;0.153151;0.000000;8.34
224;168;1.102693;0.153151;0.000000;8.34
224;176;1.102693;0.153151;0.000000;8.34
224;184;1.102693;0.153151;0.000000;8.34
224;192;1.102693;0.153151;0.000000;8.34
224;200;1.102693;0.153151;0.000000;8.34
224;208;1.102693;0.153151;0.000000;8.34
224;216;1.102693;0.153151;0.000000;8.34
224;224;1.102693;0.153151;0.000000;8.34
224;312;1.102693;0.153151;0.000000;8.34
224;320;1.102693;0.153151;0.000000;8.34
224;328;1.102693;0.153151;0.000000;8.34
224;336;1.102693;0.153151;0.000000;8.34
224;344;1.102693;0.153151;0.000000;8.34
224;352;1.102693;0.153151;0.000000;8.34
224;360;1.102693;0.153151;0.000000;8.34
224;368;1.102693;0.153151;0.000000;8.34
224;376;1.102693;0.153151;0.000000;8.34
224;384;1.102693;0.153151;0.000000;8.34
224;392;1.102693;0.153151;0.000000;8.34
224;400;1.102693;0.153151;0.000000;8.34
232;  0;1.132288;0.123556;0.000000;6.77
232;  8;1.132288;0.123556;0.000000;6.77
232; 16;1.132288;0.123556;0.000000;6.77
232; 24;1.132288;0.123556;0.000000;6.77
232; 32;1.132288;0.123556;0.000000;6.77
232; 40;1.132288;0.123556;0.000000;6.77
232; 48;1.132288;0.123556;0.000000;6.77
232; 56;1.132288;0.123556;0.000000;6.77
232; 64;1.132288;0.123556;0.000000;6.77
232; 72;1.132288;0.123556;0.000000;6.77
232; 80;1.132288;0.123556;0.000000;6.77
232; 88;1.132288;0.123556;0.000000;6.77
232; 96;1.132288;0.123556;0.000000;6.77
232;104;1.132288;0.123556;0.000000;6.77
232;112;1.132288;0.123556;0.000000;6.77
232;120;1.132288;0.123556;0.000000;6.77
232;128;1.132288;0.123556;0.000000;6.77
232;136;1.132288;0.123556;0.000000;6.77
232;144;1.132288;0.123556;0.000000;6.77
232;152;1.132288;0.123556;0.000000;6.77
232;160;1.132288;0.123556;0.000000;6.77
232;168;1.132288;0.123556;0.000000;6.77
232;176;1.132288;0.123556;0.000000;6.77
232;184;1.132288;0.123556;0.000000;6.77
232;192;1.132288;0.123556;0.000000;6.77
232;200;1.132288;0.123556;0.000000;6.77
232;208;1.132288;0.123556;0.000000;6.77
232;216;1.132288;0.123556;0.000000;6.77
232;224;1.132288;0.123556;0.000000;6.77
232;232;1.132288;0.123556;0.000000;6.77
232;312;1.132288;0.123556;0.000000;6.77
232;320;1.132288;0.123556;0.000000;6.77
232;328;1.132288;0.123556;0.000000;6.77
232;336;1.132288;0.123556;0.000000;6.77
232;344;1.132288;0.123556;0.000000;6.77
232;352;1.132288;0.123556;0.000000;6.77
232;360;1.132288;0.123556;0.000000;6.77
232;368;1.132288;0.123556;0.000000;6.77
232;376;1.132288;0.123556;0.000000;6.77
232;384;1.132288;0.123556;0.000000;6.77
232;392;1.132288;0.123556;0.000000;6.77
232;400;1.132288;0.123556;0.000000;6.77
240;  0;1.161498;0.094346;0.000000;5.14
240;  8;1.161498;0.094346;0.000000;5.14
240; 16;1.161498;0.094346;0.000000;5.14
240; 24;1.161498;0.094346;0.000000;5.14
240; 32;1.161498;0.094346;0.000000;5.14
240; 40;1.161498;0.094346;0.000000;5.14
240; 48;1.161498;0.094346;0.000000;5.14
240; 56;1.161498;0.094346;0.000000;5.14
240; 64;1.161498;0.094346;0.000000;5.14
240; 72;1.161498;0.094346;0.000000;5.14
240; 80;1.161498;0.094346;0.000000;5.14
240; 88;1.161498;0.094346;0.000000;5.14
240; 96;1.161498;0.094346;0.000000;5.14
240;104;1.161498;0.094346;0.000000;5.14
240;112;1.161498;0.094346;0.000000;5.14
240;120;1.161498;0.094346;0.000000;5.14
240;128;1.161498;0.094346;0.000000;5.14
240;136;1.161498;0.094346;0.000000;5.14
240;144;1.161498;0.094346;0.000000;5.14
240;152;1.161498;0.094346;0.000000;5.14
240;160;1.161498;0.094346;0.000000;5.14
240;168;1.161498;0.094346;0.000000;5.14
240;176;1.161498;0.094346;0.000000;5.14
240;184;1.161498;0.094346;0.000000;5.14
240;192;1.161498;0.094346;0.000000;5.14
240;200;1.161498;0.094346;0.000000;5.14
240;208;1.161498;0.094346;0.000000;5.14
240;216;1.161498;0.094346;0.000000;5.14
240;224;1.161498;0.094346;0.000000;5.14
240;232;1.161498;0.094346;0.000000;5.14
240;240;1.161498;0.094346;0.000000;5.14
240;312;1.161498;0.094346;0.000000;5.14
240;320;1.161498;0.094346;0.000000;5.14
240;328;1.161498;0.094346;0.000000;5.14
240;336;1.161498;0.094346;0.000000;5.14
240;344;1.161498;0.094346;0.000000;5.14
240;352;1.161498;0.094346;0.000000;5.14
240;360;1.161498;0.094346;0.000000;5.14
240;368;1.161498;0.094346;0.000000;5.14
240;376;1.161498;0.094346;0.000000;5.14
240;384;1.161498;0.094346;0.000000;5.14
240;392;1.161498;0.094346;0.000000;5.14
240;400;1.161498;0.094346;0.000000;5.14
248;  0;1.189300;0.066544;0.000000;3.62
248;  8;1.189300;0.066544;0.000000;3.62
248; 16;1.189300;0.066544;0.000000;3.62
248; 24;1.189300;0.066544;0.000000;3.62
248; 32;1.189300;0.066544;0.000000;3.62
248; 40;1.189300;0.066544;0.000000;3.62
248; 48;1.189300;0.066544;0.000000;3.62
248; 56;1.189300;0.066544;0.000000;3.62
248; 64;1.189300;0.066544;0.000000;3.62
248; 72;1.189300;0.066544;0.000000;3.62
248; 80;1.189300;0.066544;0.000000;3.62
248; 88;1.189300;0.066544;0.000000;3.62
248; 96;1.189300;0.066544;0.000000;3.62
248;104;1.189300;0.066544;0.000000;3.62
248;112;1.189300;0.066544;0.000000;3.62
248;120;1.189300;0.066544;0.000000;3.62
248;128;1.189300;0.066544;0.000000;3.62
248;136;1.189300;0.066544;0.000000;3.62
248;144;1.189300;0.066544;0.000000;3.62
248;152;1.189300;0.066544;0.000000;3.62
248;160;1.189300;0.066544;0.000000;3.62
248;168;1.189300;0.066544;0.000000;3.62
248;176;1.189300;0.066544;0.000000;3.62
248;184;1.189300;0.066544;0.000000;3.62
248;192;1.189300;0.066544;0.000000;3.62
248;200;1.189300;0.066544;0.000000;3.62
248;208;1.189300;0.066544;0.000000;3.62
248;216;1.189300;0.066544;0.000000;3.62
248;224;1.189300;0.066544;0.000000;3.62
248;232;1.189300;0.066544;0.000000;3.62
248;240;1.189300;0.066544;0.000000;3.62
248;248;1.189300;0.066544;0.000000;3.62
248;312;1.189300;0.066544;0.000000;3.62
248;320;1.189300;0.066544;0.000000;3.62
248;328;1.189300;0.066544;0.000000;3.62
248;336;1.189300;0.066544;0.000000;3.62
248;344;1.189300;0.066544;0.000000;3.62
248;352;1.189300;0.066544;0.000000;3.62
248;360;1.189300;0.066544;0.000000;3.62
248;368;1.189300;0.066544;0.000000;3.62
248;376;1.189300;0.066544;0.000000;3.62
248;384;1.189300;0.066544;0.000000;3.62
248;392;1.189300;0.066544;0.000000;3.62
248;400;1.189300;0.066544;0.000000;3.62
256;  0;1.213463;0.042381;0.000000;2.29
256;  8;1.213463;0.042381;0.000000;2.29
256; 16;1.213463;0.042381;0.000000;2.29
256; 24;1.213463;0.042381;0.000000;2.29
256; 32;1.213463;0.042381;0.000000;2.29
256; 40;1.213463;0.042381;0.000000;2.29
256; 48;1.213463;0.042381;0.000000;2.29
256; 56;1.213463;0.042381;0.000000;2.29
256; 64;1.213463;0.042381;0.000000;2.29
256; 72;1.213463;0.042381;0.000000;2.29
256; 80;1.213463;0.042381;0.000000;2.29
256; 88;1.213463;0.042381;0.000000;2.29
256; 96;1.213463;0.042381;0.000000;2.29
256;104;1.213463;0.042381;0.000000;2.29
256;112;1.213463;0.042381;0.000000;2.29
256;120;1.213463;0.042381;0.000000;2.29
256;128;1.213463;0.042381;0.000000;2.29
256;136;1.213463;0.042381;0.000000;2.29
256;144;1.213463;0.042381;0.000000;2.29
256;152;1.213463;0.042381;0.000000;2.29
256;160;1.213463;0.042381;0.000000;2.29
256;168;1.213463;0.042381;0.000000;2.29
256;176;1.213463;0.042381;0.000000;2.29
256;184;1.213463;0.042381;0.000000;2.29
256;192;1.213463;0.042381;0.000000;2.29
256;200;1.213463;0.042381;0.000000;2.29
256;208;1.213463;0.042381;0.000000;2.29
256;216;1.213463;0.042381;0.000000;2.29
256;224;1.213463;0.042381;0.000000;2.29
256;232;1.213463;0.042381;0.000000;2.29
256;240;1.213463;0.042381;0.000000;2.29
256;248;1.213463;0.042381;0.000000;2.29
256;256;1.213463;0.042381;0.000000;2.29
256;312;1.213463;0.042381;0.000000;2.29
256;320;1.213463;0.042381;0.000000;2.29
256;328;1.213463;0.042381;0.000000;2.29
256;336;1.213463;0.042381;0.000000;2.29
256;344;1.213463;0.042381;0.000000;2.29
256;352;1.213463;0.042381;0.000000;2.29
256;360;1.213463;0.042381;0.000000;2.29
256;368;1.213463;0.042381;0.000000;2.29
256;376;1.213463;0.042381;0.000000;2.29
256;384;1.213463;0.042381;0.000000;2.29
256;392;1.213463;0.042381;0.000000;2.29
256;400;1.213463;0.042381;0.000000;2.29
264;  0;1.231244;0.024600;0.000000;1.34
264;  8;1.231244;0.024600;0.000000;1.34
264; 16;1.231244;0.024600;0.000000;1.34
264; 24;1.231244;0.024600;0.000000;1.34
264; 32;1.231244;0.024600;0.000000;1.34
264; 40;1.231244;0.024600;0.000000;1.34
264; 48;1.231244;0.024600;0.000000;1.34
264; 56;1.231244;0.024600;0.000000;1.34
264; 64;1.231244;0.024600;0.000000;1.34
264; 72;1.231244;0.024600;0.000000;1.34
264; 80;1.231244;0.024600;0.000000;1.34
264; 88;1.231244;0.024600;0.000000;1.34
264; 96;1.231244;0.024600;0.000000;1.34
264;104;1.231244;0.024600;0.000000;1.34
264;112;1.231244;0.024600;0.000000;1.34
264;120;1.231244;0.024600;0.000000;1.34
264;128;1.231244;0.024600;0.000000;1.34
264;136;1.231244;0.024600;0.000000;1.34
264;144;1.231244;0.024600;0.000000;1.34
264;152;1.231244;0.024600;0.000000;1.34
264;160;1.231244;0.024600;0.000000;1.34
264;168;1.231244;0.024600;0.000000;1.34
264;176;1.231244;0.024600;0.000000;1.34
264;184;1.231244;0.024600;0.000000;1.34
264;192;1.231244;0.024600;0.000000;1.34
264;200;1.231244;0.024600;0.000000;1.34
264;208;1.231244;0.024600;0.000000;1.34
264;216;1.231244;0.024600;0.000000;1.34
264;224;1.231244;0.024600;0.000000;1.34
264;232;1.231244;0.024600;0.000000;1.34
264;240;1.231244;0.024600;0.000000;1.34
264;248;1.231244;0.024600;0.000000;1.34
264;256;1.231244;0.024600;0.000000;1.34
264;264;1.231244;0.024600;0.000000;1.34
264;312;1.231244;0.024600;0.000000;1.34
264;320;1.231244;0.024600;0.000000;1.34
264;328;1.231244;0.024600;0.000000;1.34
264;336;1.231244;0.024600;0.000000;1.34
264;344;1.231244;0.024600;0.000000;1.34
264;352;1.231244;0.024600;0.000000;1.34
264;360;1.231244;0.024600;0.000000;1.34
264;368;1.231244;0.024600;0.000000;1.34
264;376;1.231244;0.024600;0.000000;1.34
264;384;1.231244;0.024600;0.000000;1.34
264;392;1.231244;0.024600;0.000000;1.34
264;400;1.231244;0.024600;0.000000;1.34
272;  0;1.240836;0.015008;0.000000;0.80
272;  8;1.240836;0.015008;0.000000;0.80
272; 16;1.240836;0.015008;0.000000;0.80
272; 24;1.240836;0.015008;0.000000;0.80
272; 32;1.240836;0.015008;0.000000;0.80
272; 40;1.240836;0.015008;0.000000;0.80
272; 48;1.240836;0.015008;0.000000;0.80
272; 56;1.240836;0.015008;0.000000;0.80
272; 64;1.240836;0.015008;0.000000;0.80
272; 72;1.240836;0.015008;0.000000;0.80
272; 80;1.240836;0.015008;0.000000;0.80
272; 88;1.240836;0.015008;0.000000;0.80
272; 96;1.240836;0.015008;0.000000;0.80
272;104;1.240836;0.015008;0.000000;0.80
272;112;1.240836;0.015008;0.000000;0.80
272;120;1.240836;0.015008;0.000000;0.80
272;128;1.240836;0.015008;0.000000;0.80
272;136;1.240836;0.015008;0.000000;0.80
272;144;1.240836;0.015008;0.000000;0.80
272;152;1.240836;0.015008;0.000000;0.80
272;160;1.240836;0.015008;0.000000;0.80
272;168;1.240836;0.015008;0.000000;0.80
272;176;1.240836;0.015008;0.000000;0.80
272;184;1.240836;0.015008;0.000000;0.80
272;192;1.240836;0.015008;0.000000;0.80
272;200;1.240836;0.015008;0.000000;0.80
272;208;1.240836;0.015008;0.000000;0.80
272;216;1.240836;0.015008;0.000000;0.80
272;224;1.240836;0.015008;0.000000;0.80
272;232;1.240836;0.015008;0.000000;0.80
272;240;1.240836;0.015008;0.000000;0.80
272;248;1.240836;0.015008;0.000000;0.80
272;256;1.240836;0.015008;0.000000;0.80
272;264;1.240836;0.015008;0.000000;0.80
272;272;1.240836;0.015008;0.000000;0.80
272;312;1.240836;0.015008;0.000000;0.80
272;320;1.240836;0.015008;0.000000;0.80
272;328;1.240836;0.015008;0.000000;0.80
272;336;1.240836;0.015008;0.000000;0.80
272;344;1.240836;0.015008;0.000000;0.80
272;352;1.240836;0.015008;0.000000;0.80
272;360;1.240836;0.015008;0.000000;0.80
272;368;1.240836;0.015008;0.000000;0.80
272;376;1.240836;0.015008;0.000000;0.80
272;384;1.240836;0.015008;0.000000;0.80
272;392;1.240836;0.015008;0.000000;0.80
272;400;1.240836;0.015008;0.000000;0.80
280;  0;1.246653;0.009191;0.000000;0.49
280;  8;1.246653;0.009191;0.000000;0.49
280; 16;1.246653;0.009191;0.000000;0.49
280; 24;1.246653;0.009191;0.000000;0.49
280; 32;1.246653;0.009191;0.000000;0.49
280; 40;1.246653;0.009191;0.000000;0.49
280; 48;1.246653;0.009191;0.000000;0.49
280; 56;1.246653;0.009191;0.000000;0.49
280; 64;1.246653;0.009191;0.000000;0.49
280; 72;1.246653;0.009191;0.000000;0.49
280; 80;1.246653;0.009191;0.000000;0.49
280; 88;1.246653;0.009191;0.000000;0.49
280; 96;1.246653;0.009191;0.000000;0.49
280;104;1.246653;0.009191;0.000000;0.49
280;112;1.246653;0.009191;0.000000;0.49
280;120;1.246653;0.009191;0.000000;0.49
280;128;1.246653;0.009191;0.000000;0.49
280;136;1.246653;0.009191;0.000000;0.49
280;144;1.246653;0.009191;0.000000;0.49
280;152;1.246653;0.009191;0.000000;0.49
280;160;1.246653;0.009191;0.000000;0.49
280;168;1.246653;0.009191;0.000000;0.49
280;176;1.246653;0.009191;0.000000;0.49
280;184;1.246653;0.009191;0.000000;0.49
280;192;1.246653;0.009191;0.000000;0.49
280;200;1.246653;0.009191;0.000000;0.49
280;208;1.246653;0.009191;0.000000;0.49
280;216;1.246653;0.009191;0.000000;0.49
280;224;1.246653;0.009191;0.000000;0.49
280;232;1.246653;0.009191;0.000000;0.49
280;240;1.246653;0.009191;0.000000;0.49
280;248;1.246653;0.009191;0.000000;0.49
280;256;1.246653;0.009191;0.000000;0.49
280;264;1.246653;0.009191;0.000000;0.49
280;272;1.246653;0.009191;0.000000;0.49
280;280;1.246653;0.009191;0.000000;0.49
280;296;1.246653;0.007393;0.001798;0.49
280;312;1.246653;0.009191;0.000000;0.49
280;320;1.246653;0.009191;0.000000;0.49
280;328;1.246653;0.009191;0.000000;0.49
280;336;1.246653;0.009191;0.000000;0.49
280;344;1.246653;0.009191;0.000000;0.49
280;352;1.246653;0.009191;0.000000;0.49
280;360;1.246653;0.009191;0.000000;0.49
280;368;1.246653;0.009191;0.000000;0.49
280;376;1.246653;0.009191;0.000000;0.49
280;384;1.246653;0.009191;0.000000;0.49
280;392;1.246653;0.009191;0.000000;0.49
280;400;1.246653;0.009191;0.000000;0.49
288;  0;1.252224;0.003620;0.000000;0.20
288;  8;1.252224;0.003620;0.000000;0.20
288; 16;1.252224;0.003620;0.000000;0.20
288; 24;1.252224;0.003620;0.000000;0.20
288; 32;1.252224;0.003620;0.000000;0.20
288; 40;1.252224;0.003620;0.000000;0.20
288; 48;1.252224;0.003620;0.000000;0.20
288; 56;1.252224;0.003620;0.000000;0.20
288; 64;1.252224;0.003620;0.000000;0.20
288; 72;1.252224;0.003620;0.000000;0.20
288; 80;1.252224;0.003620;0.000000;0.20
288; 88;1.252224;0.003620;0.000000;0.20
288; 96;1.252224;0.003620;0.000000;0.20
288;104;1.252224;0.003620;0.000000;0.20
288;112;1.252224;0.003620;0.000000;0.20
288;120;1.252224;0.003620;0.000000;0.20
288;128;1.252224;0.003620;0.000000;0.20
288;136;1.252224;0.003620;0.000000;0.20
288;144;1.252224;0.003620;0.000000;0.20
288;152;1.252224;0.003620;0.000000;0.20
288;160;1.252224;0.003620;0.000000;0.20
288;168;1.252224;0.003620;0.000000;0.20
288;176;1.252224;0.003620;0.000000;0.20
288;184;1.252224;0.003620;0.000000;0.20
288;192;1.252224;0.003620;0.000000;0.20
288;200;1.252224;0.003620;0.000000;0.20
288;208;1.252224;0.003620;0.000000;0.20
288;216;1.252224;0.003620;0.000000;0.20
288;224;1.252224;0.003620;0.000000;0.20
288;232;1.252224;0.003620;0.000000;0.20
288;240;1.252224;0.003620;0.000000;0.20
288;248;1.252224;0.003620;0.000000;0.20
288;256;1.252224;0.003620;0.000000;0.20
288;264;1.252224;0.003620;0.000000;0.20
288;272;1.252224;0.003620;0.000000;0.20
288;280;1.252224;0.003620;0.000000;0.20
288;288;1.252224;0.003620;0.000000;0.20
288;296;1.252224;0.001822;0.001798;0.19
288;312;1.252224;0.003620;0.000000;0.20
288;320;1.252224;0.003620;0.000000;0.20
288;328;1.252224;0.003620;0.000000;0.20
288;336;1.252224;0.003620;0.000000;0.20
288;344;1.252224;0.003620;0.000000;0.20
288;352;1.252224;0.003620;0.000000;0.20
288;360;1.252224;0.003620;0.000000;0.20
288;368;1.252224;0.003620;0.000000;0.20
288;376;1.252224;0.003620;0.000000;0.20
288;384;1.252224;0.003620;0.000000;0.20
288;392;1.252224;0.003620;0.000000;0.20
288;400;1.252224;0.003620;0.000000;0.20
296;  0;1.254046;0.001798;0.000000;0.11
296;  8;1.254046;0.001798;0.000000;0.11
296; 16;1.254046;0.001798;0.000000;0.11
296; 24;1.254046;0.001798;0.000000;0.11
296; 32;1.254046;0.001798;0.000000;0.11
296; 40;1.254046;0.001798;0.000000;0.11
296; 48;1.254046;0.001798;0.000000;0.11
296; 56;1.254046;0.001798;0.000000;0.11
296; 64;1.254046;0.001798;0.000000;0.11
296; 72;1.254046;0.001798;0.000000;0.11
296; 80;1.254046;0.001798;0.000000;0.11
296; 88;1.254046;0.001798;0.000000;0.11
296; 96;1.254046;0.001798;0.000000;0.11
296;104;1.254046;0.001798;0.000000;0.11
296;112;1.254046;0.001798;0.000000;0.11
296;120;1.254046;0.001798;0.000000;0.11
296;128;1.254046;0.001798;0.000000;0.11
296;136;1.254046;0.001798;0.000000;0.11
296;144;1.254046;0.001798;0.000000;0.11
296;152;1.254046;0.001798;0.000000;0.11
296;160;1.254046;0.001798;0.000000;0.11
296;168;1.254046;0.001798;0.000000;0.11
296;176;1.254046;0.001798;0.000000;0.11
296;184;1.254046;0.001798;0.000000;0.11
296;192;1.254046;0.001798;0.000000;0.11
296;200;1.254046;0.001798;0.000000;0.11
296;208;1.254046;0.001798;0.000000;0.11
296;216;1.254046;0.001798;0.000000;0.11
296;224;1.254046;0.001798;0.000000;0.11
296;232;1.254046;0.001798;0.000000;0.11
296;240;1.254046;0.001798;0.000000;0.11
296;248;1.254046;0.001798;0.000000;0.11
296;256;1.254046;0.001798;0.000000;0.11
296;264;1.254046;0.001798;0.000000;0.11
296;272;1.254046;0.001798;0.000000;0.11
296;280;1.254046;0.001798;0.000000;0.11
296;288;1.254046;0.001798;0.000000;0.11
296;296;1.254046;0.001798;0.000000;0.11
296;312;1.254046;0.001798;0.000000;0.11
296;320;1.254046;0.001798;0.000000;0.11
296;328;1.254046;0.001798;0.000000;0.11
296;336;1.254046;0.001798;0.000000;0.11
296;344;1.254046;0.001798;0.000000;0.11
296;352;1.254046;0.001798;0.000000;0.11
296;360;1.254046;0.001798;0.000000;0.11
296;368;1.254046;0.001798;0.000000;0.11
296;376;1.254046;0.001798;0.000000;0.11
296;384;1.254046;0.001798;0.000000;0.11
296;392;1.254046;0.001798;0.000000;0.11
296;400;1.254046;0.001798;0.000000;0.11
304;  0;1.255381;0.000463;0.000000;0.02
304;  8;1.255381;0.000463;0.000000;0.02
304; 16;1.255381;0.000463;0.000000;0.02
304; 24;1.255381;0.000463;0.000000;0.02
304; 32;1.255381;0.000463;0.000000;0.02
304; 40;1.255381;0.000463;0.000000;0.02
304; 48;1.255381;0.000463;0.000000;0.02
304; 56;1.255381;0.000463;0.000000;0.02
304; 64;1.255381;0.000463;0.000000;0.02
304; 72;1.255381;0.000463;0.000000;0.02
304; 80;1.255381;0.000463;0.000000;0.02
304; 88;1.255381;0.000463;0.000000;0.02
304; 96;1.255381;0.000463;0.000000;0.02
304;104;1.255381;0.000463;0.000000;0.02
304;112;1.255381;0.000463;0.000000;0.02
304;120;1.255381;0.000463;0.000000;0.02
304;128;1.255381;0.000463;0.000000;0.02
304;136;1.255381;0.000463;0.000000;0.02
304;144;1.255381;0.000463;0.000000;0.02
304;152;1.255381;0.000463;0.000000;0.02
304;160;1.255381;0.000463;0.000000;0.02
304;168;1.255381;0.000463;0.000000;0.02
304;176;1.255381;0.000463;0.000000;0.02
304;184;1.255381;0.000463;0.000000;0.02
304;192;1.255381;0.000463;0.000000;0.02
304;200;1.255381;0.000463;0.000000;0.02
304;208;1.255381;0.000463;0.000000;0.02
304;216;1.255381;0.000463;0.000000;0.02
304;224;1.255381;0.000463;0.000000;0.02
304;232;1.255381;0.000463;0.000000;0.02
304;240;1.255381;0.000463;0.000000;0.02
304;248;1.255381;0.000463;0.000000;0.02
304;256;1.255381;0.000463;0.000000;0.02
304;264;1.255381;0.000463;0.000000;0.02
304;272;1.255381;0.000463;0.000000;0.02
304;280;1.255381;0.000463;0.000000;0.02
304;288;1.255381;0.000463;0.000000;0.02
304;296;1.255381;0.000463;0.000000;0.02
304;304;1.255381;0.000463;0.000000;0.02
304;312;1.255381;0.000463;0.000000;0.02
304;320;1.255381;0.000463;0.000000;0.02
304;328;1.255381;0.000463;0.000000;0.02
304;336;1.255381;0.000463;0.000000;0.02
304;344;1.255381;0.000463;0.000000;0.02
304;352;1.255381;0.000463;0.000000;0.02
304;360;1.255381;0.000463;0.000000;0.02
304;368;1.255381;0.000463;0.000000;0.02
304;376;1.255381;0.000463;0.000000;0.02
304;384;1.255381;0.000463;0.000000;0.02
304;392;1.255381;0.000463;0.000000;0.02
304;400;1.255381;0.000463;0.000000;0.02
312;  0;1.255844;0.000000;0.000000;0.00
312;  8;1.255844;0.000000;0.000000;0.00
312; 16;1.255844;0.000000;0.000000;0.00
312; 24;1.255844;0.000000;0.000000;0.00
312; 32;1.255844;0.000000;0.000000;0.00
312; 40;1.255844;0.000000;0.000000;0.00
312; 48;1.255844;0.000000;0.000000;0.00
312; 56;1.255844;0.000000;0.000000;0.00
312; 64;1.255844;0.000000;0.000000;0.00
312; 72;1.255844;0.000000;0.000000;0.00
312; 80;1.255844;0.000000;0.000000;0.00
312; 88;1.255844;0.000000;0.000000;0.00
312; 96;1.255844;0.000000;0.000000;0.00
312;104;1.255844;0.000000;0.000000;0.00
312;112;1.255844;0.000000;0.000000;0.00
312;120;1.255844;0.000000;0.000000;0.00
312;128;1.255844;0.000000;0.000000;0.00
312;136;1.255844;0.000000;0.000000;0.00
312;144;1.255844;0.000000;0.000000;0.00
312;152;1.255844;0.000000;0.000000;0.00
312;160;1.255844;0.000000;0.000000;0.00
312;168;1.255844;0.000000;0.000000;0.00
312;176;1.255844;0.000000;0.000000;0.00
312;184;1.255844;0.000000;0.000000;0.00
312;192;1.255844;0.000000;0.000000;0.00
312;200;1.255844;0.000000;0.000000;0.00
312;208;1.255844;0.000000;0.000000;0.00
312;216;1.255844;0.000000;0.000000;0.00
312;224;1.255844;0.000000;0.000000;0.00
312;232;1.255844;0.000000;0.000000;0.00
312;240;1.255844;0.000000;0.000000;0.00
312;248;1.255844;0.000000;0.000000;0.00
312;256;1.255844;0.000000;0.000000;0.00
312;264;1.255844;0.000000;0.000000;0.00
312;272;1.255844;0.000000;0.000000;0.00
312;280;1.255844;0.000000;0.000000;0.00
312;288;1.255844;0.000000;0.000000;0.00
312;296;1.255844;0.000000;0.000000;0.00
312;304;1.255844;0.000000;0.000000;0.00
312;312;1.255844;0.000000;0.000000;0.00
312;320;1.255844;0.000000;0.000000;0.00
312;328;1.255844;0.000000;0.000000;0.00
312;336;1.255844;0.000000;0.000000;0.00
312;344;1.255844;0.000000;0.000000;0.00
312;352;1.255844;0.000000;0.000000;0.00
312;360;1.255844;0.000000;0.000000;0.00
312;368;1.255844;0.000000;0.000000;0.00
312;376;1.255844;0.000000;0.000000;0.00
312;384;1.255844;0.000000;0.000000;0.00
312;392;1.255844;0.000000;0.000000;0.00
312;400;1.255844;0.000000;0.000000;0.00
320;  0;1.255844;0.000000;0.000000;0.00
320;  8;1.255844;0.000000;0.000000;0.00
320; 16;1.255844;0.000000;0.000000;0.00
320; 24;1.255844;0.000000;0.000000;0.00
320; 32;1.255844;0.000000;0.000000;0.00
320; 40;1.255844;0.000000;0.000000;0.00
320; 48;1.255844;0.000000;0.000000;0.00
320; 56;1.255844;0.000000;0.000000;0.00
320; 64;1.255844;0.000000;0.000000;0.00
320; 72;1.255844;0.000000;0.000000;0.00
320; 80;1.255844;0.000000;0.000000;0.00
320; 88;1.255844;0.000000;0.000000;0.00
320; 96;1.255844;0.000000;0.000000;0.00
320;104;1.255844;0.000000;0.000000;0.00
320;112;1.255844;0.000000;0.000000;0.00
320;120;1.255844;0.000000;0.000000;0.00
320;128;1.255844;0.000000;0.000000;0.00
320;136;1.255844;0.000000;0.000000;0.00
320;144;1.255844;0.000000;0.000000;0.00
320;152;1.255844;0.000000;0.000000;0.00
320;160;1.255844;0.000000;0.000000;0.00
320;168;1.255844;0.000000;0.000000;0.00
320;176;1.255844;0.000000;0.000000;0.00
320;184;1.255844;0.000000;0.000000;0.00
320;192;1.255844;0.000000;0.000000;0.00
320;200;1.255844;0.000000;0.000000;0.00
320;208;1.255844;0.000000;0.000000;0.00
320;216;1.255844;0.000000;0.000000;0.00
320;224;1.255844;0.000000;0.000000;0.00
320;232;1.255844;0.000000;0.000000;0.00
320;240;1.255844;0.000000;0.000000;0.00
320;248;1.255844;0.000000;0.000000;0.00
320;256;1.255844;0.000000;0.000000;0.00
320;264;1.255844;0.000000;0.000000;0.00
320;272;1.255844;0.000000;0.000000;0.00
320;280;1.255844;0.000000;0.000000;0.00
320;288;1.255844;0.000000;0.000000;0.00
320;296;1.255844;0.000000;0.000000;0.00
320;304;1.255844;0.000000;0.000000;0.00
320;312;1.255844;0.000000;0.000000;0.00
320;320;1.255844;0.000000;0.000000;0.00
320;328;1.255844;0.000000;0.000000;0.00
320;336;1.255844;0.000000;0.000000;0.00
320;344;1.255844;0.000000;0.000000;0.00
320;352;1.255844;0.000000;0.000000;0.00
320;360;1.255844;0.000000;0.000000;0.00
320;368;1.255844;0.000000;0.000000;0.00
320;376;1.255844;0.000000;0.000000;0.00
320;384;1.255844;0.000000;0.000000;0.00
320;392;1.255844;0.000000;0.000000;0.00
320;400;1.255844;0.000000;0.000000;0.00
328;  0;1.255844;0.000000;0.000000;0.00
328;  8;1.255844;0.000000;0.000000;0.00
328; 16;1.255844;0.000000;0.000000;0.00
328; 24;1.255844;0.000000;0.000000;0.00
328; 32;1.255844;0.000000;0.000000;0.00
328; 40;1.255844;0.000000;0.000000;0.00
328; 48;1.255844;0.000000;0.000000;0.00
328; 56;1.255844;0.000000;0.000000;0.00
328; 64;1.255844;0.000000;0.000000;0.00
328; 72;1.255844;0.000000;0.000000;0.00
328; 80;1.255844;0.000000;0.000000;0.00
328; 88;1.255844;0.000000;0.000000;0.00
328; 96;1.255844;0.000000;0.000000;0.00
328;104;1.255844;0.000000;0.000000;0.00
328;112;1.255844;0.000000;0.000000;0.00
328;120;1.255844;0.000000;0.000000;0.00
328;128;1.255844;0.000000;0.000000;0.00
328;136;1.255844;0.000000;0.000000;0.00
328;144;1.255844;0.000000;0.000000;0.00
328;152;1.255844;0.000000;0.000000;0.00
328;160;1.255844;0.000000;0.000000;0.00
328;168;1.255844;0.000000;0.000000;0.00
328;176;1.255844;0.000000;0.000000;0.00
328;184;1.255844;0.000000;0.000000;0.00
328;192;1.255844;0.000000;0.000000;0.00
328;200;1.255844;0.000000;0.000000;0.00
328;208;1.255844;0.000000;0.000000;0.00
328;216;1.255844;0.000000;0.000000;0.00
328;224;1.255844;0.000000;0.000000;0.00
328;232;1.255844;0.000000;0.000000;0.00
328;240;1.255844;0.000000;0.000000;0.00
328;248;1.255844;0.000000;0.000000;0.00
328;256;1.255844;0.000000;0.000000;0.00
328;264;1.255844;0.000000;0.000000;0.00
328;272;1.255844;0.000000;0.000000;0.00
328;280;1.255844;0.000000;0.000000;0.00
328;288;1.255844;0.000000;0.000000;0.00
328;296;1.255844;0.000000;0.000000;0.00
328;304;1.255844;0.000000;0.000000;0.00
328;312;1.255844;0.000000;0.000000;0.00
328;320;1.255844;0.000000;0.000000;0.00
328;328;1.255844;0.000000;0.000000;0.00
328;336;1.255844;0.000000;0.000000;0.00
328;344;1.255844;0.000000;0.000000;0.00
328;352;1.255844;0.000000;0.000000;0.00
328;360;1.255844;0.000000;0.000000;0.00
328;368;1.255844;0.000000;0.000000;0.00
328;376;1.255844;0.000000;0.000000;0.00
328;384;1.255844;0.000000;0.000000;0.00
328;392;1.255844;0.000000;0.000000;0.00
328;400;1.255844;0.000000;0.000000;0.00
336;  0;1.255844;0.000000;0.000000;0.00
336;  8;1.255844;0.000000;0.000000;0.00
336; 16;1.255844;0.000000;0.000000;0.00
336; 24;1.255844;0.000000;0.000000;0.00
336; 32;1.255844;0.000000;0.000000;0.00
336; 40;1.255844;0.000000;0.000000;0.00
336; 48;1.255844;0.000000;0.000000;0.00
336; 56;1.255844;0.000000;0.000000;0.00
336; 64;1.255844;0.000000;0.000000;0.00
336; 72;1.255844;0.000000;0.000000;0.00
336; 80;1.255844;0.000000;0.000000;0.00
336; 88;1.255844;0.000000;0.000000;0.00
336; 96;1.255844;0.000000;0.000000;0.00
336;104;1.255844;0.000000;0.000000;0.00
336;112;1.255844;0.000000;0.000000;0.00
336;120;1.255844;0.000000;0.000000;0.00
336;128;1.255844;0.000000;0.000000;0.00
336;136;1.255844;0.000000;0.000000;0.00
336;144;1.255844;0.000000;0.000000;0.00
336;152;1.255844;0.000000;0.000000;0.00
336;160;1.255844;0.000000;0.000000;0.00
336;168;1.255844;0.000000;0.000000;0.00
336;176;1.255844;0.000000;0.000000;0.00
336;184;1.255844;0.000000;0.000000;0.00
336;192;1.255844;0.000000;0.000000;0.00
336;200;1.255844;0.000000;0.000000;0.00
336;208;1.255844;0.000000;0.000000;0.00
336;216;1.255844;0.000000;0.000000;0.00
336;224;1.255844;0.000000;0.000000;0.00
336;232;1.255844;0.000000;0.000000;0.00
336;240;1.255844;0.000000;0.000000;0.00
336;248;1.255844;0.000000;0.000000;0.00
336;256;1.255844;0.000000;0.000000;0.00
336;264;1.255844;0.000000;0.000000;0.00
336;272;1.255844;0.000000;0.000000;0.00
336;280;1.255844;0.000000;0.000000;0.00
336;288;1.255844;0.000000;0.000000;0.00
336;296;1.255844;0.000000;0.000000;0.00
336;304;1.255844;0.000000;0.000000;0.00
336;312;1.255844;0.000000;0.000000;0.00
336;320;1.255844;0.000000;0.000000;0.00
336;328;1.255844;0.000000;0.000000;0.00
336;336;1.255844;0.000000;0.000000;0.00
336;344;1.255844;0.000000;0.000000;0.00
336;352;1.255844;0.000000;0.000000;0.00
336;360;1.255844;0.000000;0.000000;0.00
336;368;1.255844;0.000000;0.000000;0.00
336;376;1.255844;0.000000;0.000000;0.00
336;384;1.255844;0.000000;0.000000;0.00
336;392;1.255844;0.000000;0.000000;0.00
336;400;1.255844;0.000000;0.000000;0.00
344;  0;1.255844;0.000000;0.000000;0.00
344;  8;1.255844;0.000000;0.000000;0.00
344; 16;1.255844;0.000000;0.000000;0.00
344; 24;1.255844;0.000000;0.000000;0.00
344; 32;1.255844;0.000000;0.000000;0.00
344; 40;1.255844;0.000000;0.000000;0.00
344; 48;1.255844;0.000000;0.000000;0.00
344; 56;1.255844;0.000000;0.000000;0.00
344; 64;1.255844;0.000000;0.000000;0.00
344; 72;1.255844;0.000000;0.000000;0.00
344; 80;1.255844;0.000000;0.000000;0.00
344; 88;1.255844;0.000000;0.000000;0.00
344; 96;1.255844;0.000000;0.000000;0.00
344;104;1.255844;0.000000;0.000000;0.00
344;112;1.255844;0.000000;0.000000;0.00
344;120;1.255844;0.000000;0.000000;0.00
344;128;1.255844;0.000000;0.000000;0.00
344;136;1.255844;0.000000;0.000000;0.00
344;144;1.255844;0.000000;0.000000;0.00
344;152;1.255844;0.000000;0.000000;0.00
344;160;1.255844;0.000000;0.000000;0.00
344;168;1.255844;0.000000;0.000000;0.00
344;176;1.255844;0.000000;0.000000;0.00
344;184;1.255844;0.000000;0.000000;0.00
344;192;1.255844;0.000000;0.000000;0.00
344;200;1.255844;0.000000;0.000000;0.00
344;208;1.255844;0.000000;0.000000;0.00
344;216;1.255844;0.000000;0.000000;0.00
344;224;1.255844;0.000000;0.000000;0.00
344;232;1.255844;0.000000;0.000000;0.00
344;240;1.255844;0.000000;0.000000;0.00
344;248;1.255844;0.000000;0.000000;0.00
344;256;1.255844;0.000000;0.000000;0.00
344;264;1.255844;0.000000;0.000000;0.00
344;272;1.255844;0.000000;0.000000;0.00
344;280;1.255844;0.000000;0.000000;0.00
344;288;1.255844;0.000000;0.000000;0.00
344;296;1.255844;0.000000;0.000000;0.00
344;304;1.255844;0.000000;0.000000;0.00
344;312;1.255844;0.000000;0.000000;0.00
344;320;1.255844;0.000000;0.000000;0.00
344;328;1.255844;0.000000;0.000000;0.00
344;336;1.255844;0.000000;0.000000;0.00
344;344;1.255844;0.000000;0.000000;0.00
344;352;1.255844;0.000000;0.000000;0.00
344;360;1.255844;0.000000;0.000000;0.00
344;368;1.255844;0.000000;0.000000;0.00
344;376;1.255844;0.000000;0.000000;0.00
344;384;1.255844;0.000000;0.000000;0.00
344;392;1.255844;0.000000;0.000000;0.00
344;400;1.255844;0.000000;0.000000;0.00
352;  0;1.255844;0.000000;0.000000;0.00
352;  8;1.255844;0.000000;0.000000;0.00
352; 16;1.255844;0.000000;0.000000;0.00
352; 24;1.255844;0.000000;0.000000;0.00
352; 32;1.255844;0.000000;0.000000;0.00
352; 40;1.255844;0.000000;0.000000;0.00
352; 48;1.255844;0.000000;0.000000;0.00
352; 56;1.255844;0.000000;0.000000;0.00
352; 64;1.255844;0.000000;0.000000;0.00
352; 72;1.255844;0.000000;0.000000;0.00
352; 80;1.255844;0.000000;0.000000;0.00
352; 88;1.255844;0.000000;0.000000;0.00
352; 96;1.255844;0.000000;0.000000;0.00
352;104;1.255844;0.000000;0.000000;0.00
352;112;1.255844;0.000000;0.000000;0.00
352;120;1.255844;0.000000;0.000000;0.00
352;128;1.255844;0.000000;0.000000;0.00
352;136;1.255844;0.000000;0.000000;0.00
352;144;1.255844;0.000000;0.000000;0.00
352;152;1.255844;0.000000;0.000000;0.00
352;160;1.255844;0.000000;0.000000;0.00
352;168;1.255844;0.000000;0.000000;0.00
352;176;1.255844;0.000000;0.000000;0.00
352;184;1.255844;0.000000;0.000000;0.00
352;192;1.255844;0.000000;0.000000;0.00
352;200;1.255844;0.000000;0.000000;0.00
352;208;1.255844;0.000000;0.000000;0.00
352;216;1.255844;0.000000;0.000000;0.00
352;224;1.255844;0.000000;0.000000;0.00
352;232;1.255844;0.000000;0.000000;0.00
352;240;1.255844;0.000000;0.000000;0.00
352;248;1.255844;0.000000;0.000000;0.00
352;256;1.255844;0.000000;0.000000;0.00
352;264;1.255844;0.000000;0.000000;0.00
352;272;1.255844;0.000000;0.000000;0.00
352;280;1.255844;0.000000;0.000000;0.00
352;288;1.255844;0.000000;0.000000;0.00
352;296;1.255844;0.000000;0.000000;0.00
352;304;1.255844;0.000000;0.000000;0.00
352;312;1.255844;0.000000;0.000000;0.00
352;320;1.255844;0.000000;0.000000;0.00
352;328;1.255844;0.000000;0.000000;0.00
352;336;1.255844;0.000000;0.000000;0.00
352;344;1.255844;0.000000;0.000000;0.00
352;352;1.255844;0.000000;0.000000;0.00
352;360;1.255844;0.000000;0.000000;0.00
352;368;1.255844;0.000000;0.000000;0.00
352;376;1.255844;0.000000;0.000000;0.00
352;384;1.255844;0.000000;0.000000;0.00
352;392;1.255844;0.000000;0.000000;0.00
352;400;1.255844;0.000000;0.000000;0.00
360;  0;1.255844;0.000000;0.000000;0.00
360;  8;1.255844;0.000000;0.000000;0.00
360; 16;1.255844;0.000000;0.000000;0.00
360; 24;1.255844;0.000000;0.000000;0.00
360; 32;1.255844;0.000000;0.000000;0.00
360; 40;1.255844;0.000000;0.000000;0.00
360; 48;1.255844;0.000000;0.000000;0.00
360; 56;1.255844;0.000000;0.000000;0.00
360; 64;1.255844;0.000000;0.000000;0.00
360; 72;1.255844;0.000000;0.000000;0.00
360; 80;1.255844;0.000000;0.000000;0.00
360; 88;1.255844;0.000000;0.000000;0.00
360; 96;1.255844;0.000000;0.000000;0.00
360;104;1.255844;0.000000;0.000000;0.00
360;112;1.255844;0.000000;0.000000;0.00
360;120;1.255844;0.000000;0.000000;0.00
360;128;1.255844;0.000000;0.000000;0.00
360;136;1.255844;0.000000;0.000000;0.00
360;144;1.255844;0.000000;0.000000;0.00
360;152;1.255844;0.000000;0.000000;0.00
360;160;1.255844;0.000000;0.000000;0.00
360;168;1.255844;0.000000;0.000000;0.00
360;176;1.255844;0.000000;0.000000;0.00
360;184;1.255844;0.000000;0.000000;0.00
360;192;1.255844;0.000000;0.000000;0.00
360;200;1.255844;0.000000;0.000000;0.00
360;208;1.255844;0.000000;0.000000;0.00
360;216;1.255844;0.000000;0.000000;0.00
360;224;1.255844;0.000000;0.000000;0.00
360;232;1.255844;0.000000;0.000000;0.00
360;240;1.255844;0.000000;0.000000;0.00
360;248;1.255844;0.000000;0.000000;0.00
360;256;1.255844;0.000000;0.000000;0.00
360;264;1.255844;0.000000;0.000000;0.00
360;272;1.255844;0.000000;0.000000;0.00
360;280;1.255844;0.000000;0.000000;0.00
360;288;1.255844;0.000000;0.000000;0.00
360;296;1.255844;0.000000;0.000000;0.00
360;304;1.255844;0.000000;0.000000;0.00
360;312;1.255844;0.000000;0.000000;0.00
360;320;1.255844;0.000000;0.000000;0.00
360;328;1.255844;0.000000;0.000000;0.00
360;336;1.255844;0.000000;0.000000;0.00
360;344;1.255844;0.000000;0.000000;0.00
360;352;1.255844;0.000000;0.000000;0.00
360;360;1.255844;0.000000;0.000000;0.00
360;368;1.255844;0.000000;0.000000;0.00
360;376;1.255844;0.000000;0.000000;0.00
360;384;1.255844;0.000000;0.000000;0.00
360;392;1.255844;0.000000;0.000000;0.00
360;400;1.255844;0.000000;0.000000;0.00
368;  0;1.255844;0.000000;0.000000;0.00
368;  8;1.255844;0.000000;0.000000;0.00
368; 16;1.255844;0.000000;0.000000;0.00
368; 24;1.255844;0.000000;0.000000;0.00
368; 32;1.255844;0.000000;0.000000;0.00
368; 40;1.255844;0.000000;0.000000;0.00
368; 48;1.255844;0.000000;0.000000;0.00
368; 56;1.255844;0.000000;0.000000;0.00
368; 64;1.255844;0.000000;0.000000;0.00
368; 72;1.255844;0.000000;0.000000;0.00
368; 80;1.255844;0.000000;0.000000;0.00
368; 88;1.255844;0.000000;0.000000;0.00
368; 96;1.255844;0.000000;0.000000;0.00
368;104;1.255844;0.000000;0.000000;0.00
368;112;1.255844;0.000000;0.000000;0.00
368;120;1.255844;0.000000;0.000000;0.00
368;128;1.255844;0.000000;0.000000;0.00
368;136;1.255844;0.000000;0.000000;0.00
368;144;1.255844;0.000000;0.000000;0.00
368;152;1.255844;0.000000;0.000000;0.00
368;160;1.255844;0.000000;0.000000;0.00
368;168;1.255844;0.000000;0.000000;0.00
368;176;1.255844;0.000000;0.000000;0.00
368;184;1.255844;0.000000;0.000000;0.00
368;192;1.255844;0.000000;0.000000;0.00
368;200;1.255844;0.000000;0.000000;0.00
368;208;1.255844;0.000000;0.000000;0.00
368;216;1.255844;0.000000;0.000000;0.00
368;224;1.255844;0.000000;0.000000;0.00
368;232;1.255844;0.000000;0.000000;0.00
368;240;1.255844;0.000000;0.000000;0.00
368;248;1.255844;0.000000;0.000000;0.00
368;256;1.255844;0.000000;0.000000;0.00
368;264;1.255844;0.000000;0.000000;0.00
368;272;1.255844;0.000000;0.000000;0.00
368;280;1.255844;0.000000;0.000000;0.00
368;288;1.255844;0.000000;0.000000;0.00
368;296;1.255844;0.000000;0.000000;0.00
368;304;1.255844;0.000000;0.000000;0.00
368;312;1.255844;0.000000;0.000000;0.00
368;320;1.255844;0.000000;0.000000;0.00
368;328;1.255844;0.000000;0.000000;0.00
368;336;1.255844;0.000000;0.000000;0.00
368;344;1.255844;0.000000;0.000000;0.00
368;352;1.255844;0.000000;0.000000;0.00
368;360;1.255844;0.000000;0.000000;0.00
368;368;1.255844;0.000000;0.000000;0.00
368;376;1.255844;0.000000;0.000000;0.00
368;384;1.255844;0.000000;0.000000;0.00
368;392;1.255844;0.000000;0.000000;0.00
368;400;1.255844;0.000000;0.000000;0.00
376;  0;1.255844;0.000000;0.000000;0.00
376;  8;1.255844;0.000000;0.000000;0.00
376; 16;1.255844;0.000000;0.000000;0.00
376; 24;1.255844;0.000000;0.000000;0.00
376; 32;1.255844;0.000000;0.000000;0.00
376; 40;1.255844;0.000000;0.000000;0.00
376; 48;1.255844;0.000000;0.000000;0.00
376; 56;1.255844;0.000000;0.000000;0.00
376; 64;1.255844;0.000000;0.000000;0.00
376; 72;1.255844;0.000000;0.000000;0.00
376; 80;1.255844;0.000000;0.000000;0.00
376; 88;1.255844;0.000000;0.000000;0.00
376; 96;1.255844;0.000000;0.000000;0.00
376;104;1.255844;0.000000;0.000000;0.00
376;112;1.255844;0.000000;0.000000;0.00
376;120;1.255844;0.000000;0.000000;0.00
376;128;1.255844;0.000000;0.000000;0.00
376;136;1.255844;0.000000;0.000000;0.00
376;144;1.255844;0.000000;0.000000;0.00
376;152;1.255844;0.000000;0.000000;0.00
376;160;1.255844;0.000000;0.000000;0.00
376;168;1.255844;0.000000;0.000000;0.00
376;176;1.255844;0.000000;0.000000;0.00
376;184;1.255844;0.000000;0.000000;0.00
376;192;1.255844;0.000000;0.000000;0.00
376;200;1.255844;0.000000;0.000000;0.00
376;208;1.255844;0.000000;0.000000;0.00
376;216;1.255844;0.000000;0.000000;0.00
376;224;1.255844;0.000000;0.000000;0.00
376;232;1.255844;0.000000;0.000000;0.00
376;240;1.255844;0.000000;0.000000;0.00
376;248;1.255844;0.000000;0.000000;0.00
376;256;1.255844;0.000000;0.000000;0.00
376;264;1.255844;0.000000;0.000000;0.00
376;272;1.255844;0.000000;0.000000;0.00
376;280;1.255844;0.000000;0.000000;0.00
376;288;1.255844;0.000000;0.000000;0.00
376;296;1.255844;0.000000;0.000000;0.00
376;304;1.255844;0.000000;0.000000;0.00
376;312;1.255844;0.000000;0.000000;0.00
376;320;1.255844;0.000000;0.000000;0.00
376;328;1.255844;0.000000;0.000000;0.00
376;336;1.255844;0.000000;0.000000;0.00
376;344;1.255844;0.000000;0.000000;0.00
376;352;1.255844;0.000000;0.000000;0.00
376;360;1.255844;0.000000;0.000000;0.00
376;368;1.255844;0.000000;0.000000;0.00
376;376;1.255844;0.000000;0.000000;0.00
376;384;1.255844;0.000000;0.000000;0.00
376;392;1.255844;0.000000;0.000000;0.00
376;400;1.255844;0.000000;0.000000;0.00
384;  0;1.255844;0.000000;0.000000;0.00
384;  8;1.255844;0.000000;0.000000;0.00
384; 16;1.255844;0.000000;0.000000;0.00
384; 24;1.255844;0.000000;0.000000;0.00
384; 32;1.255844;0.000000;0.000000;0.00
384; 40;1.255844;0.000000;0.000000;0.00
384; 48;1.255844;0.000000;0.000000;0.00
384; 56;1.255844;0.000000;0.000000;0.00
384; 64;1.255844;0.000000;0.000000;0.00
384; 72;1.255844;0.000000;0.000000;0.00
384; 80;1.255844;0.000000;0.000000;0.00
384; 88;1.255844;0.000000;0.000000;0.00
384; 96;1.255844;0.000000;0.000000;0.00
384;104;1.255844;0.000000;0.000000;0.00
384;112;1.255844;0.000000;0.000000;0.00
384;120;1.255844;0.000000;0.000000;0.00
384;128;1.255844;0.000000;0.000000;0.00
384;136;1.255844;0.000000;0.000000;0.00
384;144;1.255844;0.000000;0.000000;0.00
384;152;1.255844;0.000000;0.000000;0.00
384;160;1.255844;0.000000;0.000000;0.00
384;168;1.255844;0.000000;0.000000;0.00
384;176;1.255844;0.000000;0.000000;0.00
384;184;1.255844;0.000000;0.000000;0.00
384;192;1.255844;0.000000;0.000000;0.00
384;200;1.255844;0.000000;0.000000;0.00
384;208;1.255844;0.000000;0.000000;0.00
384;216;1.255844;0.000000;0.000000;0.00
384;224;1.255844;0.000000;0.000000;0.00
384;232;1.255844;0.000000;0.000000;0.00
384;240;1.255844;0.000000;0.000000;0.00
384;248;1.255844;0.000000;0.000000;0.00
384;256;1.255844;0.000000;0.000000;0.00
384;264;1.255844;0.000000;0.000000;0.00
384;272;1.255844;0.000000;0.000000;0.00
384;280;1.255844;0.000000;0.000000;0.00
384;288;1.255844;0.000000;0.000000;0.00
384;296;1.255844;0.000000;0.000000;0.00
384;304;1.255844;0.000000;0.000000;0.00
384;312;1.255844;0.000000;0.000000;0.00
384;320;1.255844;0.000000;0.000000;0.00
384;328;1.255844;0.000000;0.000000;0.00
384;336;1.255844;0.000000;0.000000;0.00
384;344;1.255844;0.000000;0.000000;0.00
384;352;1.255844;0.000000;0.000000;0.00
384;360;1.255844;0.000000;0.000000;0.00
384;368;1.255844;0.000000;0.000000;0.00
384;376;1.255844;0.000000;0.000000;0.00
384;384;1.255844;0.000000;0.000000;0.00
384;392;1.255844;0.000000;0.000000;0.00
384;400;1.255844;0.000000;0.000000;0.00
392;  0;1.255844;0.000000;0.000000;0.00
392;  8;1.255844;0.000000;0.000000;0.00
392; 16;1.255844;0.000000;0.000000;0.00
392; 24;1.255844;0.000000;0.000000;0.00
392; 32;1.255844;0.000000;0.000000;0.00
392; 40;1.255844;0.000000;0.000000;0.00
392; 48;1.255844;0.000000;0.000000;0.00
392; 56;1.255844;0.000000;0.000000;0.00
392; 64;1.255844;0.000000;0.000000;0.00
392; 72;1.255844;0.000000;0.000000;0.00
392; 80;1.255844;0.000000;0.000000;0.00
392; 88;1.255844;0.000000;0.000000;0.00
392; 96;1.255844;0.000000;0.000000;0.00
392;104;1.255844;0.000000;0.000000;0.00
392;112;1.255844;0.000000;0.000000;0.00
392;120;1.255844;0.000000;0.000000;0.00
392;128;1.255844;0.000000;0.000000;0.00
392;136;1.255844;0.000000;0.000000;0.00
392;144;1.255844;0.000000;0.000000;0.00
392;152;1.255844;0.000000;0.000000;0.00
392;160;1.255844;0.000000;0.000000;0.00
392;168;1.255844;0.000000;0.000000;0.00
392;176;1.255844;0.000000;0.000000;0.00
392;184;1.255844;0.000000;0.000000;0.00
392;192;1.255844;0.000000;0.000000;0.00
392;200;1.255844;0.000000;0.000000;0.00
392;208;1.255844;0.000000;0.000000;0.00
392;216;1.255844;0.000000;0.000000;0.00
392;224;1.255844;0.000000;0.000000;0.00
392;232;1.255844;0.000000;0.000000;0.00
392;240;1.255844;0.000000;0.000000;0.00
392;248;1.255844;0.000000;0.000000;0.00
392;256;1.255844;0.000000;0.000000;0.00
392;264;1.255844;0.000000;0.000000;0.00
392;272;1.255844;0.000000;0.000000;0.00
392;280;1.255844;0.000000;0.000000;0.00
392;288;1.255844;0.000000;0.000000;0.00
392;296;1.255844;0.000000;0.000000;0.00
392;304;1.255844;0.000000;0.000000;0.00
392;312;1.255844;0.000000;0.000000;0.00
392;320;1.255844;0.000000;0.000000;0.00
392;328;1.255844;0.000000;0.000000;0.00
392;336;1.255844;0.000000;0.000000;0.00
392;344;1.255844;0.000000;0.000000;0.00
392;352;1.255844;0.000000;0.000000;0.00
392;360;1.255844;0.000000;0.000000;0.00
392;368;1.255844;0.000000;0.000000;0.00
392;376;1.255844;0.000000;0.000000;0.00
392;384;1.255844;0.000000;0.000000;0.00
392;392;1.255844;0.000000;0.000000;0.00
392;400;1.255844;0.000000;0.000000;0.00
400;  0;1.255844;0.000000;0.000000;0.00
400;  8;1.255844;0.000000;0.000000;0.00
400; 16;1.255844;0.000000;0.000000;0.00
400; 24;1.255844;0.000000;0.000000;0.00
400; 32;1.255844;0.000000;0.000000;0.00
400; 40;1.255844;0.000000;0.000000;0.00
400; 48;1.255844;0.000000;0.000000;0.00
400; 56;1.255844;0.000000;0.000000;0.00
400; 64;1.255844;0.000000;0.000000;0.00
400; 72;1.255844;0.000000;0.000000;0.00
400; 80;1.255844;0.000000;0.000000;0.00
400; 88;1.255844;0.000000;0.000000;0.00
400; 96;1.255844;0.000000;0.000000;0.00
400;104;1.255844;0.000000;0.000000;0.00
400;112;1.255844;0.000000;0.000000;0.00
400;120;1.255844;0.000000;0.000000;0.00
400;128;1.255844;0.000000;0.000000;0.00
400;136;1.255844;0.000000;0.000000;0.00
400;144;1.255844;0.000000;0.000000;0.00
400;152;1.255844;0.000000;0.000000;0.00
400;160;1.255844;0.000000;0.000000;0.00
400;168;1.255844;0.000000;0.000000;0.00
400;176;1.255844;0.000000;0.000000;0.00
400;184;1.255844;0.000000;0.000000;0.00
400;192;1.255844;0.000000;0.000000;0.00
400;200;1.255844;0.000000;0.000000;0.00
400;208;1.255844;0.000000;0.000000;0.00
400;216;1.255844;0.000000;0.000000;0.00
400;224;1.255844;0.000000;0.000000;0.00
400;232;1.255844;0.000000;0.000000;0.00
400;240;1.255844;0.000000;0.000000;0.00
400;248;1.255844;0.000000;0.000000;0.00
400;256;1.255844;0.000000;0.000000;0.00
400;264;1.255844;0.000000;0.000000;0.00
400;272;1.255844;0.000000;0.000000;0.00
400;280;1.255844;0.000000;0.000000;0.00
400;288;1.255844;0.000000;0.000000;0.00
400;296;1.255844;0.000000;0.000000;0.00
400;304;1.255844;0.000000;0.000000;0.00
400;312;1.255844;0.000000;0.000000;0.00
400;320;1.255844;0.000000;0.000000;0.00
400;328;1.255844;0.000000;0.000000;0.00
400;336;1.255844;0.000000;0.000000;0.00
400;344;1.255844;0.000000;0.000000;0.00
400;352;1.255844;0.000000;0.000000;0.00
400;360;1.255844;0.000000;0.000000;0.00
400;368;1.255844;0.000000;0.000000;0.00
400;376;1.255844;0.000000;0.000000;0.00
400;384;1.255844;0.000000;0.000000;0.00
400;392;1.255844;0.000000;0.000000;0.00
400;400;1.255844;0.000000;0.000000;0.00
