  0   0 0.005000 1.249968 0.492120 0.000000 0.099990 9999 0.099990 0.624583 10.4
  4   0 0.025000 1.269968 0.472120 0.000000 0.099990 9999 0.099990 0.631583 9.4
  8   0 0.045000 1.289968 0.452120 0.000000 0.099990 9999 0.099990 0.638583 8.4
 12   0 0.065000 1.309968 0.432120 0.000000 0.099990 9999 0.099990 0.645583 7.4
 16   0 0.085000 1.329968 0.412120 0.000000 0.099950 9995 0.099950 0.652543 6.4
 20   0 0.104988 1.349956 0.392132 0.000000 0.099870 9987 0.099870 0.659459 5.4
 24   0 0.124954 1.369922 0.372166 0.000000 0.099690 9969 0.099690 0.666267 4.4
 28   0 0.144864 1.389832 0.352256 0.000000 0.099150 9915 0.099150 0.672696 3.5
 32   0 0.164620 1.409588 0.332500 0.000000 0.097990 9799 0.097990 0.678450 2.6
 36   0 0.184096 1.429064 0.313024 0.000000 0.096010 9601 0.096010 0.683287 1.9
 40   0 0.203073 1.448041 0.294047 0.000000 0.092950 9295 0.092950 0.686869 1.4
 44   0 0.221314 1.466282 0.275806 0.000000 0.087990 8799 0.087990 0.688293 1.2
 48   0 0.238589 1.483557 0.258531 0.000000 0.083330 8333 0.083330 0.689679 1.0
 52   0 0.254855 1.499823 0.242265 0.000000 0.078030 7803 0.078030 0.690072 1.0
 56   0 0.270148 1.515116 0.226972 0.000000 0.073750 7375 0.073750 0.691145 0.8
 60   0 0.284619 1.529587 0.212501 0.000000 0.070550 7055 0.070550 0.693010 0.5
 64   0 0.298561 1.543529 0.198559 0.000000 0.068630 6863 0.068630 0.695970 0.1
 68   0 0.312173 1.557141 0.184947 0.000000 0.067290 6729 0.067290 0.699394 -0.4
 72   0 0.325581 1.570549 0.171539 0.000000 0.066750 6675 0.066750 0.703547 -1.0
 76   0 0.338904 1.583872 0.158216 0.000000 0.066290 6629 0.066290 0.707750 -1.6
 80   0 0.352122 1.597090 0.144998 0.000000 0.065590 6559 0.065590 0.711676 -2.1
 84   0 0.365160 1.610128 0.131960 0.000000 0.064130 6413 0.064130 0.714779 -2.6
 88   0 0.377794 1.622762 0.119326 0.000000 0.061470 6147 0.061470 0.716541 -2.8
 92   0 0.389816 1.634784 0.107304 0.000000 0.057910 5791 0.057910 0.717189 -2.9
 96   0 0.401067 1.646035 0.096053 0.000000 0.053130 5313 0.053130 0.716347 -2.8
100   0 0.411291 1.656259 0.085829 0.000000 0.047710 4771 0.047710 0.714505 -2.5
104   0 0.420415 1.665383 0.076705 0.000000 0.042650 4265 0.042650 0.712638 -2.3
108   0 0.428649 1.673617 0.068471 0.000000 0.038730 3873 0.038730 0.711600 -2.1
112   0 0.436153 1.681121 0.060967 0.000000 0.035910 3591 0.035910 0.711407 -2.1
116   0 0.443203 1.688171 0.053917 0.000000 0.034330 3433 0.034330 0.712294 -2.2
120   0 0.449997 1.694965 0.047123 0.000000 0.033450 3345 0.033450 0.713792 -2.4
124   0 0.456661 1.701629 0.040459 0.000000 0.032970 3297 0.032970 0.715645 -2.7
128   0 0.463226 1.708194 0.033894 0.000000 0.032250 3225 0.032250 0.717222 -2.9
132   0 0.469595 1.714563 0.027525 0.000000 0.031130 3113 0.031130 0.718331 -3.1
136   0 0.475691 1.720659 0.021429 0.000000 0.029310 2931 0.029310 0.718645 -3.1
140   0 0.481356 1.726324 0.015764 0.000000 0.026290 2629 0.026290 0.717608 -3.0
144   0 0.486309 1.731277 0.010811 0.000000 0.021810 2181 0.021810 0.714861 -2.6
148   0 0.490282 1.735250 0.006838 0.000000 0.016680 1668 0.016680 0.711122 -2.1
152   0 0.493199 1.738167 0.003921 0.000000 0.010640 1064 0.010640 0.706103 -1.3
156   0 0.495010 1.739978 0.002110 0.000000 0.006520 652 0.006520 0.702617 -0.8
160   0 0.496074 1.741042 0.001046 0.000000 0.003720 372 0.003720 0.700189 -0.5
164   0 0.496667 1.741635 0.000453 0.000000 0.001880 188 0.001880 0.698557 -0.2
168   0 0.496949 1.741917 0.000171 0.000000 0.000740 74 0.000740 0.697515 -0.1
172   0 0.497060 1.742028 0.000060 0.000000 0.000280 28 0.000280 0.697094 -0.0
176   0 0.497105 1.742073 0.000015 0.000000 0.000120 12 0.000120 0.696950 -0.0
180   0 0.497119 1.742087 0.000001 0.000000 0.000020 2 0.000020 0.696855 -0.0
184   0 0.497120 1.742088 0.000000 0.000000 0.000000 0 0.000000 0.696835 0.0
188   0 0.497120 1.742088 0.000000 0.000000 0.000000 0 0.000000 0.696835 0.0
192   0 0.497120 1.742088 0.000000 0.000000 0.000000 0 0.000000 0.696835 0.0
196   0 0.497120 1.742088 0.000000 0.000000 0.000000 0 0.000000 0.696835 0.0
200   0 0.497120 1.742088 0.000000 0.000000 0.000000 0 0.000000 0.696835 0.0
  0   0 0.005000 1.249968 0.492120 0.000000 0.099990 9999 0.099990 0.624583 10.4
  4   0 0.025000 1.269968 0.472120 0.000000 0.099990 9999 0.099990 0.631583 9.4
  8   0 0.045000 1.289968 0.452120 0.000000 0.099990 9999 0.099990 0.638583 8.4
 12   0 0.065000 1.309968 0.432120 0.000000 0.099990 9999 0.099990 0.645583 7.4
 16   0 0.085000 1.329968 0.412120 0.000000 0.099950 9995 0.099950 0.652543 6.4
 20   0 0.104988 1.349956 0.392132 0.000000 0.099870 9987 0.099870 0.659459 5.4
 24   0 0.124954 1.369922 0.372166 0.000000 0.099690 9969 0.099690 0.666267 4.4
 28   0 0.144864 1.389832 0.352256 0.000000 0.099150 9915 0.099150 0.672696 3.5
 32   0 0.164620 1.409588 0.332500 0.000000 0.097990 9799 0.097990 0.678450 2.6
 36   0 0.184096 1.429064 0.313024 0.000000 0.096010 9601 0.096010 0.683287 1.9
 40   0 0.203073 1.448041 0.294047 0.000000 0.092950 9295 0.092950 0.686869 1.4
 44   0 0.221314 1.466282 0.275806 0.000000 0.087990 8799 0.087990 0.688293 1.2
 48   0 0.238589 1.483557 0.258531 0.000000 0.083330 8333 0.083330 0.689679 1.0
 52   0 0.254855 1.499823 0.242265 0.000000 0.078030 7803 0.078030 0.690072 1.0
 56   0 0.270148 1.515116 0.226972 0.000000 0.073750 7375 0.073750 0.691145 0.8
 60   0 0.284619 1.529587 0.212501 0.000000 0.070550 7055 0.070550 0.693010 0.5
 64   0 0.298561 1.543529 0.198559 0.000000 0.068630 6863 0.068630 0.695970 0.1
 68   0 0.312173 1.557141 0.184947 0.000000 0.067290 6729 0.067290 0.699394 -0.4
 72   0 0.325581 1.570549 0.171539 0.000000 0.066750 6675 0.066750 0.703547 -1.0
 76   0 0.338904 1.583872 0.158216 0.000000 0.066290 6629 0.066290 0.707750 -1.6
 80   0 0.352122 1.597090 0.144998 0.000000 0.065590 6559 0.065590 0.711676 -2.1
 84   0 0.365160 1.610128 0.131960 0.000000 0.064130 6413 0.064130 0.714779 -2.6
 88   0 0.377794 1.622762 0.119326 0.000000 0.061470 6147 0.061470 0.716541 -2.8
 92   0 0.389816 1.634784 0.107304 0.000000 0.057910 5791 0.057910 0.717189 -2.9
 96   0 0.401067 1.646035 0.096053 0.000000 0.053130 5313 0.053130 0.716347 -2.8
100   0 0.411291 1.656259 0.085829 0.000000 0.047710 4771 0.047710 0.714505 -2.5
104   0 0.420415 1.665383 0.076705 0.000000 0.042650 4265 0.042650 0.712638 -2.3
108   0 0.428649 1.673617 0.068471 0.000000 0.038730 3873 0.038730 0.711600 -2.1
112   0 0.436153 1.681121 0.060967 0.000000 0.035910 3591 0.035910 0.711407 -2.1
116   0 0.443203 1.688171 0.053917 0.000000 0.034330 3433 0.034330 0.712294 -2.2
120   0 0.449997 1.694965 0.047123 0.000000 0.033450 3345 0.033450 0.713792 -2.4
124   0 0.456661 1.701629 0.040459 0.000000 0.032970 3297 0.032970 0.715645 -2.7
128   0 0.463226 1.708194 0.033894 0.000000 0.032250 3225 0.032250 0.717222 -2.9
132   0 0.469595 1.714563 0.027525 0.000000 0.031130 3113 0.031130 0.718331 -3.1
136   0 0.475691 1.720659 0.021429 0.000000 0.029310 2931 0.029310 0.718645 -3.1
140   0 0.481356 1.726324 0.015764 0.000000 0.026290 2629 0.026290 0.717608 -3.0
144   0 0.486309 1.731277 0.010811 0.000000 0.021810 2181 0.021810 0.714861 -2.6
148   0 0.490282 1.735250 0.006838 0.000000 0.016680 1668 0.016680 0.711122 -2.1
152   0 0.493199 1.738167 0.003921 0.000000 0.010640 1064 0.010640 0.706103 -1.3
156   0 0.495010 1.739978 0.002110 0.000000 0.006520 652 0.006520 0.702617 -0.8
160   0 0.496074 1.741042 0.001046 0.000000 0.003720 372 0.003720 0.700189 -0.5
164   0 0.496667 1.741635 0.000453 0.000000 0.001880 188 0.001880 0.698557 -0.2
168   0 0.496949 1.741917 0.000171 0.000000 0.000740 74 0.000740 0.697515 -0.1
172   0 0.497060 1.742028 0.000060 0.000000 0.000280 28 0.000280 0.697094 -0.0
176   0 0.497105 1.742073 0.000015 0.000000 0.000120 12 0.000120 0.696950 -0.0
180   0 0.497119 1.742087 0.000001 0.000000 0.000020 2 0.000020 0.696855 -0.0
184   0 0.497120 1.742088 0.000000 0.000000 0.000000 0 0.000000 0.696835 0.0
188   0 0.497120 1.742088 0.000000 0.000000 0.000000 0 0.000000 0.696835 0.0
192   0 0.497120 1.742088 0.000000 0.000000 0.000000 0 0.000000 0.696835 0.0
196   0 0.497120 1.742088 0.000000 0.000000 0.000000 0 0.000000 0.696835 0.0
200   0 0.497120 1.742088 0.000000 0.000000 0.000000 0 0.000000 0.696835 0.0
