  0   0 1.249968 0.246638 0.000000 0.611149 -2.09
  2   0 1.259812 0.236794 0.000000 0.612875 -2.38
  4   0 1.269467 0.227139 0.000000 0.614174 -2.59
  6   0 1.278922 0.217684 0.000000 0.615363 -2.79
  8   0 1.288157 0.208449 0.000000 0.616695 -3.02
 10   0 1.297225 0.199381 0.000000 0.618369 -3.30
 12   0 1.306142 0.190464 0.000000 0.619630 -3.51
 14   0 1.314855 0.181751 0.000000 0.620400 -3.63
 16   0 1.323336 0.173270 0.000000 0.621368 -3.80
 18   0 1.331624 0.164982 0.000000 0.622309 -3.95
 20   0 1.339721 0.156885 0.000000 0.623223 -4.11
 22   0 1.347621 0.148985 0.000000 0.623868 -4.21
 24   0 1.355310 0.141296 0.000000 0.624339 -4.29
 26   0 1.362771 0.133835 0.000000 0.624730 -4.36
 28   0 1.370009 0.126597 0.000000 0.624963 -4.40
 30   0 1.377032 0.119574 0.000000 0.625822 -4.54
 32   0 1.383878 0.112728 0.000000 0.625798 -4.54
 34   0 1.390499 0.106107 0.000000 0.626215 -4.61
 36   0 1.396924 0.099682 0.000000 0.626484 -4.65
 38   0 1.403161 0.093445 0.000000 0.626847 -4.71
 40   0 1.409209 0.087397 0.000000 0.626843 -4.71
 42   0 1.415046 0.081560 0.000000 0.626826 -4.71
 44   0 1.420671 0.075935 0.000000 0.626975 -4.73
 46   0 1.426110 0.070496 0.000000 0.626799 -4.70
 48   0 1.431344 0.065262 0.000000 0.626811 -4.71
 50   0 1.436391 0.060215 0.000000 0.626457 -4.65
 52   0 1.441225 0.055381 0.000000 0.625889 -4.55
 54   0 1.445841 0.050765 0.000000 0.625465 -4.48
 56   0 1.450244 0.046362 0.000000 0.624906 -4.39
 58   0 1.454453 0.042153 0.000000 0.624659 -4.35
 60   0 1.458478 0.038128 0.000000 0.624068 -4.25
 62   0 1.462311 0.034295 0.000000 0.623629 -4.17
 64   0 1.465957 0.030649 0.000000 0.622705 -4.02
 66   0 1.469395 0.027211 0.000000 0.622109 -3.92
 68   0 1.472635 0.023971 0.000000 0.620943 -3.73
 70   0 1.475655 0.020951 0.000000 0.620070 -3.58
 72   0 1.478479 0.018127 0.000000 0.618978 -3.40
 74   0 1.481097 0.015509 0.000000 0.618034 -3.24
 76   0 1.483525 0.013081 0.000000 0.616704 -3.02
 78   0 1.485739 0.010867 0.000000 0.615259 -2.78
 80   0 1.487730 0.008876 0.000000 0.613636 -2.50
 82   0 1.489484 0.007122 0.000000 0.612050 -2.24
 84   0 1.491021 0.005585 0.000000 0.610388 -1.96
 86   0 1.492365 0.004241 0.000000 0.609478 -1.81
 88   0 1.493544 0.003062 0.000000 0.607951 -1.55
 90   0 1.494539 0.002067 0.000000 0.606719 -1.35
 92   0 1.495362 0.001244 0.000000 0.604907 -1.05
 94   0 1.495980 0.000626 0.000000 0.603143 -0.75
 96   0 1.496404 0.000202 0.000000 0.601252 -0.44
 98   0 1.496606 0.000000 0.000000 0.598642 0.00
100   0 1.496606 0.000000 0.000000 0.598642 0.00
