  0   0 1.249968 0.491830 0.000000 0.624569 10.36
  4   0 1.269968 0.471830 0.000000 0.631569 9.35
  8   0 1.289968 0.451830 0.000000 0.638569 8.35
 12   0 1.309968 0.431830 0.000000 0.645569 7.34
 16   0 1.329968 0.411830 0.000000 0.652569 6.34
 20   0 1.349968 0.391830 0.000000 0.659549 5.34
 24   0 1.369964 0.371834 0.000000 0.666527 4.33
 28   0 1.389955 0.351843 0.000000 0.673504 3.33
 32   0 1.409943 0.331855 0.000000 0.680480 2.33
 36   0 1.429923 0.311875 0.000000 0.687433 1.33
 40   0 1.449892 0.291906 0.000000 0.694342 0.34
 44   0 1.469845 0.271953 0.000000 0.701266 -0.65
 48   0 1.489773 0.252025 0.000000 0.707940 -1.61
 52   0 1.509627 0.232171 0.000000 0.714369 -2.53
 56   0 1.529366 0.212432 0.000000 0.720598 -3.43
 60   0 1.548927 0.192871 0.000000 0.726264 -4.24
 64   0 1.568216 0.173582 0.000000 0.731416 -4.98
 68   0 1.587157 0.154641 0.000000 0.735965 -5.63
 72   0 1.605600 0.136198 0.000000 0.738840 -6.05
 76   0 1.623290 0.118508 0.000000 0.741231 -6.39
 80   0 1.640132 0.101666 0.000000 0.742286 -6.54
 84   0 1.655911 0.085887 0.000000 0.741769 -6.47
 88   0 1.670457 0.071341 0.000000 0.740540 -6.29
 92   0 1.683690 0.058108 0.000000 0.737851 -5.90
 96   0 1.695363 0.046435 0.000000 0.733717 -5.31
100   0 1.705437 0.036361 0.000000 0.729663 -4.73
104   0 1.713983 0.027815 0.000000 0.724734 -4.02
108   0 1.720957 0.020841 0.000000 0.720035 -3.35
112   0 1.726614 0.015184 0.000000 0.715735 -2.73
116   0 1.731071 0.010727 0.000000 0.711715 -2.15
120   0 1.734454 0.007344 0.000000 0.707759 -1.58
124   0 1.736859 0.004939 0.000000 0.704691 -1.14
128   0 1.738574 0.003224 0.000000 0.702351 -0.81
132   0 1.739759 0.002039 0.000000 0.700506 -0.54
136   0 1.740545 0.001253 0.000000 0.699361 -0.38
140   0 1.741087 0.000711 0.000000 0.698450 -0.25
144   0 1.741431 0.000367 0.000000 0.697711 -0.14
148   0 1.741613 0.000185 0.000000 0.697254 -0.08
152   0 1.741707 0.000091 0.000000 0.697027 -0.04
156   0 1.741761 0.000037 0.000000 0.696866 -0.02
160   0 1.741783 0.000015 0.000000 0.696794 -0.01
164   0 1.741796 0.000002 0.000000 0.696739 -0.00
168   0 1.741798 0.000000 0.000000 0.696719 0.00
172   0 1.741798 0.000000 0.000000 0.696719 0.00
176   0 1.741798 0.000000 0.000000 0.696719 0.00
180   0 1.741798 0.000000 0.000000 0.696719 0.00
184   0 1.741798 0.000000 0.000000 0.696719 0.00
188   0 1.741798 0.000000 0.000000 0.696719 0.00
192   0 1.741798 0.000000 0.000000 0.696719 0.00
196   0 1.741798 0.000000 0.000000 0.696719 0.00
200   0 1.741798 0.000000 0.000000 0.696719 0.00
