  0   0 1.249968 0.997628 0.000000 0.649659 27.74
  8   0 1.289532 0.958064 0.000000 0.661626 26.41
 16   0 1.328315 0.919281 0.000000 0.673140 25.13
 24   0 1.366273 0.881323 0.000000 0.684325 23.88
 32   0 1.403356 0.844240 0.000000 0.695144 22.68
 40   0 1.439676 0.807920 0.000000 0.706016 21.47
 48   0 1.475238 0.772358 0.000000 0.716503 20.30
 56   0 1.509973 0.737623 0.000000 0.726600 19.18
 64   0 1.543895 0.703701 0.000000 0.736473 18.08
 72   0 1.577022 0.670574 0.000000 0.745988 17.02
 80   0 1.609298 0.638298 0.000000 0.755224 16.00
 88   0 1.640870 0.606726 0.000000 0.764534 14.96
 96   0 1.671709 0.575887 0.000000 0.773448 13.97
104   0 1.701707 0.545889 0.000000 0.781747 13.05
112   0 1.730824 0.516772 0.000000 0.789638 12.17
120   0 1.759178 0.488418 0.000000 0.797922 11.25
128   0 1.786792 0.460804 0.000000 0.805807 10.37
136   0 1.813671 0.433925 0.000000 0.813315 9.54
144   0 1.839827 0.407769 0.000000 0.820529 8.73
152   0 1.865201 0.382395 0.000000 0.827470 7.96
160   0 1.889757 0.357839 0.000000 0.833985 7.24
168   0 1.913351 0.334245 0.000000 0.839663 6.60
176   0 1.936089 0.311507 0.000000 0.845781 5.92
184   0 1.958085 0.289511 0.000000 0.851580 5.28
192   0 1.979295 0.268301 0.000000 0.857083 4.67
200   0 1.999788 0.247808 0.000000 0.862496 4.06
208   0 2.019534 0.228062 0.000000 0.867467 3.51
216   0 2.038452 0.209144 0.000000 0.871908 3.02
224   0 2.056530 0.191066 0.000000 0.876195 2.54
232   0 2.073717 0.173879 0.000000 0.879931 2.13
240   0 2.090083 0.157513 0.000000 0.883659 1.71
248   0 2.105625 0.141971 0.000000 0.887059 1.33
256   0 2.120355 0.127241 0.000000 0.890074 1.00
264   0 2.134260 0.113336 0.000000 0.893041 0.67
272   0 2.147388 0.100208 0.000000 0.895496 0.39
280   0 2.159637 0.087959 0.000000 0.897803 0.14
288   0 2.171131 0.076465 0.000000 0.899906 -0.10
296   0 2.181731 0.065865 0.000000 0.901096 -0.23
304   0 2.191464 0.056132 0.000000 0.902702 -0.41
312   0 2.200500 0.047096 0.000000 0.903965 -0.55
320   0 2.208751 0.038845 0.000000 0.905093 -0.67
328   0 2.216306 0.031290 0.000000 0.905957 -0.77
336   0 2.223084 0.024512 0.000000 0.906189 -0.80
344   0 2.229033 0.018563 0.000000 0.906311 -0.81
352   0 2.234214 0.013382 0.000000 0.906045 -0.78
360   0 2.238440 0.009156 0.000000 0.905244 -0.69
368   0 2.241920 0.005676 0.000000 0.904742 -0.63
376   0 2.244595 0.003001 0.000000 0.903398 -0.48
384   0 2.246383 0.001213 0.000000 0.902024 -0.33
392   0 2.247371 0.000225 0.000000 0.900240 -0.13
400   0 2.247596 0.000000 0.000000 0.899038 0.00
