  0   0 1.249870 0.241232 0.000000 0.608040 -1.94
 10   0 1.294009 0.197093 0.000000 0.606748 -1.73
 20   0 1.330105 0.160997 0.000000 0.603682 -1.21
 30   0 1.359202 0.131900 0.000000 0.601986 -0.93
 40   0 1.383006 0.108096 0.000000 0.601177 -0.79
 50   0 1.402467 0.088635 0.000000 0.600029 -0.60
 60   0 1.418393 0.072709 0.000000 0.599793 -0.56
 70   0 1.431662 0.059440 0.000000 0.599457 -0.51
 80   0 1.442545 0.048557 0.000000 0.598886 -0.41
 90   0 1.451327 0.039775 0.000000 0.597960 -0.25
100   0 1.458374 0.032728 0.000000 0.597546 -0.19
110   0 1.464218 0.026884 0.000000 0.597471 -0.17
120   0 1.468968 0.022134 0.000000 0.597174 -0.12
130   0 1.472893 0.018209 0.000000 0.597168 -0.12
140   0 1.476123 0.014979 0.000000 0.596978 -0.09
150   0 1.478820 0.012282 0.000000 0.597002 -0.09
160   0 1.481052 0.010050 0.000000 0.596863 -0.07
170   0 1.482836 0.008266 0.000000 0.596788 -0.06
180   0 1.484332 0.006770 0.000000 0.596731 -0.05
190   0 1.485562 0.005540 0.000000 0.596702 -0.04
200   0 1.486590 0.004512 0.000000 0.596662 -0.04
210   0 1.487404 0.003698 0.000000 0.596607 -0.03
220   0 1.488039 0.003063 0.000000 0.596489 -0.01
230   0 1.488560 0.002542 0.000000 0.596471 -0.01
240   0 1.488982 0.002120 0.000000 0.596499 -0.01
250   0 1.489325 0.001777 0.000000 0.596419 0.00
260   0 1.489613 0.001489 0.000000 0.596460 -0.00
270   0 1.489875 0.001227 0.000000 0.596491 -0.01
280   0 1.490068 0.001034 0.000000 0.596359 0.01
290   0 1.490196 0.000906 0.000000 0.596344 0.02
300   0 1.490296 0.000806 0.000000 0.596339 0.02
310   0 1.490386 0.000716 0.000000 0.596370 0.01
320   0 1.490469 0.000633 0.000000 0.596379 0.01
330   0 1.490549 0.000553 0.000000 0.596407 0.01
340   0 1.490629 0.000473 0.000000 0.596435 0.00
350   0 1.490708 0.000394 0.000000 0.596443 -0.00
360   0 1.490770 0.000332 0.000000 0.596445 -0.00
370   0 1.490827 0.000275 0.000000 0.596445 -0.00
380   0 1.490877 0.000225 0.000000 0.596462 -0.00
390   0 1.490927 0.000175 0.000000 0.596480 -0.01
400   0 1.490961 0.000141 0.000000 0.596451 -0.00
410   0 1.490982 0.000120 0.000000 0.596439 0.00
420   0 1.491002 0.000100 0.000000 0.596446 -0.00
430   0 1.491022 0.000080 0.000000 0.596453 -0.00
440   0 1.491042 0.000060 0.000000 0.596460 -0.00
450   0 1.491055 0.000047 0.000000 0.596444 -0.00
460   0 1.491065 0.000037 0.000000 0.596448 -0.00
470   0 1.491075 0.000027 0.000000 0.596451 -0.00
480   0 1.491085 0.000017 0.000000 0.596455 -0.00
490   0 1.491095 0.000007 0.000000 0.596458 -0.00
500   0 1.491102 0.000000 0.000000 0.596441 0.00
