  0   0 0.460305 0.795539 0.000000 0.282269 43.81
  8   0 0.484050 0.771794 0.000000 0.292340 41.80
 16   0 0.508450 0.747394 0.000000 0.302380 39.81
 24   0 0.533467 0.722377 0.000000 0.312596 37.77
 32   0 0.559081 0.696763 0.000000 0.323101 35.68
 40   0 0.585317 0.670527 0.000000 0.334023 33.51
 48   0 0.612181 0.643663 0.000000 0.344746 31.37
 56   0 0.639607 0.616237 0.000000 0.355725 29.19
 64   0 0.667489 0.588355 0.000000 0.366443 27.05
 72   0 0.695718 0.560126 0.000000 0.377143 24.92
 80   0 0.724238 0.531606 0.000000 0.387545 22.85
 88   0 0.752905 0.502939 0.000000 0.398119 20.75
 96   0 0.781693 0.474151 0.000000 0.408155 18.75
104   0 0.810298 0.445546 0.000000 0.417347 16.92
112   0 0.838633 0.417211 0.000000 0.426924 15.01
120   0 0.866831 0.389013 0.000000 0.436233 13.16
128   0 0.894658 0.361186 0.000000 0.444673 11.48
136   0 0.921863 0.333981 0.000000 0.452454 9.93
144   0 0.948337 0.307507 0.000000 0.459720 8.48
152   0 0.974050 0.281794 0.000000 0.466840 7.07
160   0 0.998965 0.256879 0.000000 0.473340 5.77
168   0 1.022864 0.232980 0.000000 0.478965 4.65
176   0 1.045668 0.210176 0.000000 0.484066 3.64
184   0 1.067269 0.188575 0.000000 0.488646 2.73
192   0 1.087647 0.168197 0.000000 0.492739 1.91
200   0 1.106818 0.149026 0.000000 0.496369 1.19
208   0 1.124709 0.131135 0.000000 0.499350 0.59
216   0 1.141399 0.114445 0.000000 0.502432 -0.02
224   0 1.156947 0.098897 0.000000 0.505074 -0.54
232   0 1.171349 0.084495 0.000000 0.506774 -0.88
240   0 1.184395 0.071449 0.000000 0.508220 -1.17
248   0 1.196191 0.059653 0.000000 0.509129 -1.35
256   0 1.206682 0.049162 0.000000 0.509561 -1.44
264   0 1.215958 0.039886 0.000000 0.509768 -1.48
272   0 1.224066 0.031778 0.000000 0.509825 -1.49
280   0 1.230998 0.024846 0.000000 0.509342 -1.39
288   0 1.236895 0.018949 0.000000 0.509085 -1.34
296   0 1.241826 0.014018 0.000000 0.508311 -1.19
304   0 1.245775 0.010069 0.000000 0.507333 -0.99
312   0 1.248855 0.006989 0.000000 0.506351 -0.80
320   0 1.251080 0.004764 0.000000 0.505190 -0.57
328   0 1.252651 0.003193 0.000000 0.504440 -0.42
336   0 1.253767 0.002077 0.000000 0.503871 -0.31
344   0 1.254555 0.001289 0.000000 0.503546 -0.24
352   0 1.255113 0.000731 0.000000 0.503182 -0.17
360   0 1.255454 0.000390 0.000000 0.502781 -0.09
368   0 1.255659 0.000185 0.000000 0.502693 -0.07
376   0 1.255758 0.000086 0.000000 0.502468 -0.03
384   0 1.255811 0.000033 0.000000 0.502426 -0.02
392   0 1.255838 0.000006 0.000000 0.502356 -0.00
400   0 1.255844 0.000000 0.000000 0.502338 0.00
